id_transaction,date_heure,id_magasin,id_produit,quantite,remise_pct,mode_paiement,age_client,sexe_client,satisfaction
T00001,2025-01-01 10:37,M03,P024,1,0,Espèces,18.0,F,3.0
T00002,2025-01-01 10:49,M03,P015,1,0,Espèces,47.0,M,4.0
T00003,2025-01-01 10:50,M04,P024,1,0,Carte,18.0,F,1.0
T00004,2025-01-01 11:08,M04,P004,2,0,Mobile Money,19.0,F,2.0
T00005,2025-01-01 11:28,M02,P001,6,0,Mobile Money,35.0,F,4.0
T00006,2025-01-01 12:04,M06,P009,3,0,Espèces,34.0,F,3.0
T00007,2025-01-01 12:11,M04,P012,5,0,Mobile Money,28.0,F,2.0
T00008,2025-01-01 14:00,M03,P017,5,0,Espèces,21.0,F,4.0
T00009,2025-01-01 15:12,M02,P015,3,5,Mobile Money,42.0,M,4.0
T00010,2025-01-01 15:25,M03,P001,2,0,Espèces,42.0,M,4.0
T00011,2025-01-01 16:30,M02,P016,1,0,Espèces,40.0,F,2.0
T00012,2025-01-01 17:04,M02,P001,3,5,Mobile Money,41.0,M,3.0
T00013,2025-01-01 17:28,M02,P008,2,0,Mobile Money,23.0,F,2.0
T00014,2025-01-01 17:28,M02,P003,8,15,Carte,24.0,F,4.0
T00015,2025-01-01 17:34,M03,P013,6,0,Mobile Money,35.0,M,4.0
T00016,2025-01-01 17:42,M02,P014,3,15,Mobile Money,24.0,M,4.0
T00017,2025-01-01 18:05,M01,P004,3,0,Mobile Money,49.0,M,4.0
T00018,2025-01-01 19:15,M03,P001,2,0,Espèces,29.0,M,2.0
T00019,2025-01-01 19:29,M04,P017,1,0,Espèces,25.0,F,4.0
T00020,2025-01-01 19:41,M01,P027,2,10,Mobile Money,24.0,F,3.0
T00021,2025-01-01 19:54,M06,P007,4,0,Espèces,25.0,M,4.0
T00022,2025-01-01 20:08,M01,P009,2,0,Espèces,,F,5.0
T00023,2025-01-01 20:16,M06,P017,1,0,Mobile Money,26.0,F,4.0
T00024,2025-01-02 11:58,M05,P001,3,0,Espèces,43.0,F,4.0
T00025,2025-01-02 12:12,M05,P020,1,0,Espèces,25.0,F,5.0
T00026,2025-01-02 12:31,M01,P009,5,0,Mobile Money,26.0,M,3.0
T00027,2025-01-02 13:08,M03,P010,5,0,Espèces,24.0,F,3.0
T00028,2025-01-02 14:29,M01,P006,2,0,Mobile Money,30.0,F,5.0
T00029,2025-01-02 14:55,M05,P017,3,0,Mobile Money,40.0,F,4.0
T00030,2025-01-02 14:57,M03,P009,2,0,Espèces,33.0,F,5.0
T00031,2025-01-02 15:06,M03,P018,9,0,especes,50.0,F,4.0
T00032,2025-01-02 16:07,M03,P002,3,0,Espèces,19.0,F,2.0
T00033,2025-01-02 16:19,M01,P002,4,5,Espèces,16.0,M,2.0
T00034,2025-01-02 16:47,M04,P025,2,15,Carte,40.0,F,2.0
T00035,2025-01-02 17:29,M04,P012,1,0,Mobile Money,38.0,F,4.0
T00036,2025-01-02 17:32,M05,P025,1,5,Mobile Money,18.0,F,4.0
T00036,2025-01-02 17:32,M05,P025,1,5,Mobile Money,18.0,F,4.0
T00037,2025-01-02 17:39,M03,P002,2,0,Mobile Money,24.0,M,3.0
T00038,2025-01-02 17:43,M06,P009,4,10,Espèces,27.0,M,3.0
T00039,2025-01-02 19:02,M01,P001,1,0,Mobile Money,16.0,F,3.0
T00040,2025-01-02 19:06,M02,P002,1,5,Mobile Money,49.0,F,3.0
T00041,2025-01-02 19:51,M01,P019,1,0,Espèces,28.0,M,4.0
T00042,2025-01-02 21:15,M04,P003,3,0,Espèces,35.0,M,3.0
T00043,2025-01-03 09:40,M01,P015,3,5,Espèces,30.0,F,4.0
T00044,2025-01-03 10:47,M01,P009,4,15,Espèces,30.0,M,5.0
T00045,2025-01-03 12:20,M01,P003,3,0,Carte,40.0,F,5.0
T00046,2025-01-03 12:22,M05,P009,1,0,Mobile Money,30.0,F,3.0
T00047,2025-01-03 13:10,M02,P002,1,0,Espèces,44.0,M,2.0
T00048,2025-01-03 13:16,M01,P013,3,0,Carte,54.0,M,5.0
T00049,2025-01-03 13:48,M05,P017,2,0,Espèces,33.0,M,3.0
T00050,2025-01-03 13:51,M06,P011,2,0,Carte,,F,4.0
T00051,2025-01-03 14:09,M03,P018,6,10,Espèces,43.0,F,5.0
T00052,2025-01-03 15:20,M03,P004,2,0,Espèces,20.0,M,5.0
T00053,2025-01-03 15:59,M04,P014,3,0,Carte,34.0,M,3.0
T00054,2025-01-03 16:03,M04,P015,2,5,Espèces,45.0,F,3.0
T00055,2025-01-03 16:47,M02,P001,2,0,Espèces,29.0,F,3.0
T00056,2025-01-03 16:48,M02,P012,2,0,Espèces,20.0,M,5.0
T00057,2025-01-03 17:00,M01,P004,1,0,Espèces,39.0,F,3.0
T00058,2025-01-03 17:05,M01,P004,1,0,Espèces,38.0,F,4.0
T00059,2025-01-03 17:49,M01,P012,3,0,Mobile Money,39.0,M,5.0
T00060,2025-01-03 17:57,M01,P006,1,0,Mobile Money,43.0,M,5.0
T00061,2025-01-03 18:00,M01,P015,3,0,Espèces,39.0,F,4.0
T00062,2025-01-03 18:14,M01,P013,4,5,Mobile Money,42.0,M,4.0
T00063,2025-01-03 18:31,M03,P001,2,0,Espèces,16.0,F,2.0
T00064,2025-01-03 18:45,M02,P008,2,0,Mobile Money,43.0,M,5.0
T00065,2025-01-03 18:47,M04,P022,1,0,Espèces,31.0,M,3.0
T00066,2025-01-03 19:07,M03,P013,2,0,Espèces,25.0,F,4.0
T00067,2025-01-03 19:11,M02,P006,2,0,Espèces,16.0,F,2.0
T00068,2025-01-03 19:18,M01,P015,2,0,Carte,34.0,F,3.0
T00069,2025-01-03 19:30,M03,P014,3,0,Espèces,33.0,F,3.0
T00070,2025-01-04 09:34,M03,P020,1,0,Espèces,29.0,F,2.0
T00071,2025-01-04 10:36,M05,P014,1,0,Espèces,40.0,F,4.0
T00072,2025-01-04 11:21,M01,P009,5,0,Mobile Money,24.0,F,3.0
T00073,2025-01-04 11:35,M03,P011,1,5,Espèces,34.0,M,3.0
T00074,2025-01-04 11:37,M02,P012,1,5,Carte,18.0,F,3.0
T00075,2025-01-04 12:06,M03,P004,2,10,Espèces,16.0,F,4.0
T00076,2025-01-04 12:10,M03,P014,2,0,Espèces,32.0,F,3.0
T00077,2025-01-04 12:15,M03,P001,2,0,Espèces,39.0,F,4.0
T00078,2025-01-04 12:26,M03,P007,1,0,Espèces,23.0,F,4.0
T00079,2025-01-04 12:29,M03,P008,2,0,Espèces,26.0,F,5.0
T00080,2025-01-04 12:35,M05,P002,3,5,Espèces,22.0,M,4.0
T00081,2025-01-04 12:43,M01,P014,2,5,Espèces,33.0,F,5.0
T00082,2025-01-04 12:45,M05,P007,1,0,espèces,39.0,F,4.0
T00083,2025-01-04 12:51,M03,P002,2,0,Espèces,28.0,M,5.0
T00084,2025-01-04 13:28,M02,P001,3,0,Espèces,30.0,M,5.0
T00085,2025-01-04 13:40,M01,P001,2,0,Mobile Money,33.0,M,3.0
T00086,2025-01-04 13:46,M01,P016,3,10,Mobile Money,44.0,F,5.0
T00087,2025-01-04 15:33,M03,P022,1,0,Mobile Money,28.0,M,4.0
T00088,2025-01-04 16:05,M02,P015,4,5,Mobile Money,25.0,F,5.0
T00089,2025-01-04 16:07,M04,P002,2,0,Espèces,54.0,F,3.0
T00090,2025-01-04 16:42,M02,P005,3,0,Espèces,32.0,F,3.0
T00091,2025-01-04 16:56,M03,P020,1,0,Mobile Money,28.0,M,5.0
T00092,2025-01-04 17:07,M04,P008,4,0,Mobile Money,35.0,F,3.0
T00093,2025-01-04 17:15,M06,P022,1,0,Mobile Money,21.0,M,4.0
T00094,2025-01-04 17:32,M01,P012,2,5,Carte,22.0,F,4.0
T00095,2025-01-04 17:38,M03,P022,1,0,Espèces,29.0,M,5.0
T00096,2025-01-04 17:55,M06,P004,2,0,Mobile Money,49.0,F,3.0
T00097,2025-01-04 17:59,M03,P004,1,0,Espèces,28.0,F,3.0
T00098,2025-01-04 17:59,M01,P012,2,0,Espèces,41.0,M,5.0
T00099,2025-01-04 18:00,M04,P002,6,10,Espèces,21.0,F,2.0
T00100,2025-01-04 18:03,M05,P024,1,0,Mobile Money,50.0,F,4.0
T00101,2025-01-04 18:04,M06,P006,2,5,Mobile Money,16.0,F,3.0
T00102,2025-01-04 18:30,M01,P022,1,0,Carte,28.0,M,4.0
T00103,2025-01-04 18:31,M04,P004,4,0,Carte,16.0,F,2.0
T00104,2025-01-04 18:46,M02,P018,2,0,Espèces,16.0,M,3.0
T00105,2025-01-04 18:53,M03,P011,5,10,Espèces,31.0,M,5.0
T00106,2025-01-04 19:02,M02,P019,2,10,Carte,31.0,F,3.0
T00107,2025-01-04 19:06,M02,P027,1,0,Espèces,16.0,F,4.0
T00108,2025-01-04 19:14,M01,P024,1,0,Mobile Money,21.0,M,3.0
T00109,2025-01-04 19:35,M01,P017,4,0,Espèces,26.0,F,3.0
T00110,2025-01-04 19:41,M04,P006,2,0,Espèces,39.0,F,1.0
T00111,2025-01-04 19:45,M05,P017,4,0,Espèces,16.0,F,3.0
T00112,2025-01-04 20:23,M02,P019,1,0,Espèces,20.0,F,5.0
T00113,2025-01-04 20:53,M01,P006,2,10,Carte,47.0,M,4.0
T00114,2025-01-04 21:02,M02,P002,3,0,Espèces,32.0,F,3.0
T00115,2025-01-05 10:58,M03,P008,2,0,Espèces,34.0,M,5.0
T00116,2025-01-05 11:15,M01,P010,1,0,Espèces,37.0,M,3.0
T00117,2025-01-05 11:37,M06,P016,2,0,Espèces,26.0,F,3.0
T00118,2025-01-05 11:43,M01,P007,1,0,Espèces,31.0,F,4.0
T00119,2025-01-05 12:03,M01,P002,3,5,Espèces,45.0,M,4.0
T00120,2025-01-05 12:17,M01,P012,1,0,Espèces,33.0,F,5.0
T00121,2025-01-05 12:21,M03,P008,4,0,Espèces,41.0,F,2.0
T00122,2025-01-05 12:35,M02,P004,3,0,Espèces,27.0,M,3.0
T00123,2025-01-05 12:56,M06,P007,4,0,Espèces,41.0,M,2.0
T00124,2025-01-05 13:20,M06,P002,3,0,Espèces,46.0,F,3.0
T00125,2025-01-05 13:38,M02,P009,2,0,Espèces,29.0,F,3.0
T00126,2025-01-05 14:27,M01,P002,2,0,Espèces,40.0,M,2.0
T00127,2025-01-05 15:23,M02,P006,3,0,Espèces,46.0,F,4.0
T00128,2025-01-05 15:46,M06,P014,4,0,Espèces,33.0,M,4.0
T00129,2025-01-05 16:04,M02,P021,1,0,Espèces,22.0,M,3.0
T00130,2025-01-05 16:36,M03,P006,4,10,Mobile Money,37.0,F,2.0
T00131,2025-01-05 16:38,M06,P002,2,0,Espèces,28.0,M,4.0
T00132,2025-01-05 17:08,M05,P007,2,0,Espèces,23.0,M,4.0
T00133,2025-01-05 17:09,M05,P019,1,0,Mobile Money,27.0,F,3.0
T00134,2025-01-05 17:14,M06,P018,1,0,Espèces,22.0,F,2.0
T00135,2025-01-05 17:16,M02,P002,2,0,Espèces,41.0,F,5.0
T00136,2025-01-05 17:49,M01,P012,2,0,Espèces,27.0,M,5.0
T00137,2025-01-05 17:54,M03,P007,1,0,Espèces,37.0,M,3.0
T00138,2025-01-05 17:59,M03,P008,5,10,Espèces,38.0,F,3.0
T00139,2025-01-05 18:19,M03,P010,3,0,Espèces,35.0,M,5.0
T00140,2025-01-05 18:23,M04,P001,2,5,Mobile Money,27.0,F,1.0
T00141,2025-01-05 18:26,M02,P004,1,0,Mobile Money,34.0,F,4.0
T00142,2025-01-05 18:40,M06,P014,1,0,Espèces,26.0,F,2.0
T00143,2025-01-05 19:00,M01,P003,2,0,Espèces,27.0,F,3.0
T00144,2025-01-05 19:02,M06,P006,2,0,Carte,42.0,F,4.0
T00145,2025-01-05 19:18,M02,P005,2,10,Espèces,35.0,F,3.0
T00146,2025-01-05 20:26,M03,P005,1,0,Mobile Money,28.0,F,3.0
T00147,2025-01-05 20:52,M01,P023,3,10,Espèces,27.0,F,5.0
T00148,2025-01-06 10:49,M01,P010,7,0,Espèces,27.0,F,4.0
T00149,2025-01-06 12:29,M01,P009,4,0,Espèces,41.0,M,3.0
T00150,2025-01-06 13:33,M01,P013,1,0,Mobile Money,48.0,F,4.0
T00151,2025-01-06 14:27,M01,P002,2,0,Espèces,34.0,F,4.0
T00152,2025-01-06 15:30,M03,P011,3,0,Espèces,41.0,M,3.0
T00153,2025-01-06 15:54,M04,P011,1,5,Espèces,,M,1.0
T00154,2025-01-06 16:06,M02,P004,4,0,Mobile Money,,M,3.0
T00155,2025-01-06 16:51,M06,P024,1,0,Espèces,33.0,F,5.0
T00156,2025-01-06 17:02,M01,P004,1,5,Espèces,33.0,F,4.0
T00157,2025-01-06 17:34,M06,P003,6,10,Espèces,40.0,F,4.0
T00158,2025-01-06 17:39,M03,P016,2,0,Espèces,23.0,M,3.0
T00159,2025-01-06 17:57,M03,P022,1,0,Espèces,24.0,M,3.0
T00160,2025-01-06 17:58,M04,P014,4,10,Espèces,37.0,F,3.0
T00161,2025-01-06 18:14,M01,P023,1,0,Espèces,29.0,F,3.0
T00162,2025-01-06 19:18,M02,P003,2,5,Mobile Money,32.0,M,4.0
T00163,2025-01-06 19:35,M05,P014,1,0,Espèces,40.0,M,5.0
T00164,2025-01-06 19:40,M01,P003,2,0,Mobile Money,17.0,M,4.0
T00165,2025-01-06 19:59,M02,P013,1,0,Mobile Money,37.0,M,2.0
T00166,2025-01-06 20:03,M01,P020,1,0,Espèces,25.0,F,4.0
T00167,2025-01-06 20:19,M04,P024,1,0,Espèces,42.0,M,1.0
T00168,2025-01-06 20:55,M05,P014,3,0,Espèces,38.0,M,3.0
T00169,2025-01-07 09:50,M06,P020,1,0,Espèces,26.0,F,3.0
T00170,2025-01-07 10:43,M04,P025,1,0,Espèces,38.0,M,4.0
T00171,2025-01-07 11:51,M02,P022,2,10,Mobile Money,26.0,F,3.0
T00172,2025-01-07 13:03,M04,P005,3,0,Espèces,28.0,F,4.0
T00173,2025-01-07 13:14,M01,P010,2,10,Mobile Money,30.0,F,3.0
T00174,2025-01-07 13:31,M05,P004,3,10,Espèces,48.0,F,3.0
T00175,2025-01-07 13:41,M02,P009,3,0,Espèces,19.0,F,4.0
T00176,2025-01-07 14:47,M06,P011,3,0,Espèces,30.0,F,4.0
T00177,2025-01-07 14:51,M03,P007,2,0,Espèces,50.0,F,5.0
T00178,2025-01-07 15:01,M06,P004,2,0,Espèces,42.0,M,3.0
T00179,2025-01-07 15:15,M01,P010,2,0,Carte,18.0,M,5.0
T00180,2025-01-07 15:38,M01,P009,4,0,Mobile Money,42.0,F,3.0
T00181,2025-01-07 16:50,M05,P012,3,0,Espèces,33.0,F,4.0
T00182,2025-01-07 16:57,M04,P013,2,0,Carte,21.0,M,3.0
T00183,2025-01-07 17:05,M05,P005,5,0,Espèces,41.0,F,2.0
T00184,2025-01-07 17:09,M03,P009,2,0,Mobile Money,28.0,M,4.0
T00185,2025-01-07 17:17,M03,P009,3,0,Espèces,30.0,M,3.0
T00186,2025-01-07 17:27,M03,P016,4,0,Espèces,44.0,F,3.0
T00188,2025-01-07 17:39,M03,P015,2,0,Espèces,16.0,M,5.0
T00187,2025-01-07 17:39,M03,P003,2,5,Espèces,46.0,F,3.0
T00189,2025-01-07 18:39,M01,P018,1,0,Mobile Money,40.0,M,4.0
T00190,2025-01-07 18:51,M01,P011,3,0,Espèces,35.0,M,4.0
T00191,2025-01-07 19:39,M06,P013,3,0,Espèces,44.0,M,2.0
T00192,2025-01-07 20:33,M04,P009,4,0,Espèces,27.0,M,1.0
T00193,2025-01-08 11:52,M02,P023,1,0,Espèces,31.0,F,5.0
T00194,2025-01-08 12:10,M05,P027,1,0,Espèces,38.0,M,5.0
T00195,2025-01-08 12:20,M03,P016,3,0,Mobile Money,35.0,F,5.0
T00196,2025-01-08 13:26,M01,P002,4,0,Mobile Money,31.0,F,2.0
T00197,2025-01-08 13:37,M01,P001,1,5,Espèces,44.0,M,3.0
T00198,2025-01-08 13:56,M03,P006,2,0,Espèces,27.0,F,4.0
T00199,2025-01-08 14:13,M02,P010,2,0,Espèces,38.0,F,5.0
T00200,2025-01-08 14:34,M01,P020,1,5,Carte,33.0,M,5.0
T00201,2025-01-08 16:14,M01,P007,2,0,Carte,16.0,M,4.0
T00202,2025-01-08 16:19,M06,P010,3,0,Espèces,22.0,M,4.0
T00203,2025-01-08 16:24,M03,P005,3,0,Espèces,35.0,F,5.0
T00204,2025-01-08 16:25,M01,P002,2,0,Espèces,18.0,M,2.0
T00205,2025-01-08 16:26,M01,P013,3,0,Espèces,34.0,M,4.0
T00206,2025-01-08 16:40,M02,P001,3,5,Mobile Money,29.0,F,4.0
T00207,2025-01-08 16:52,M05,P012,1,0,Espèces,37.0,F,5.0
T00208,2025-01-08 17:39,M03,P003,3,0,Espèces,42.0,F,5.0
T00209,2025-01-08 17:59,M06,P015,2,10,Espèces,36.0,F,4.0
T00210,2025-01-08 18:34,M03,P014,2,0,Espèces,29.0,M,2.0
T00211,2025-01-08 18:35,M06,P012,2,0,Espèces,21.0,F,4.0
T00212,2025-01-08 19:08,M01,P005,3,0,Carte,40.0,F,3.0
T00213,2025-01-08 19:09,M05,P027,1,0,Espèces,36.0,F,3.0
T00214,2025-01-08 19:14,M02,P014,5,15,Espèces,30.0,F,3.0
T00215,2025-01-08 19:27,M02,P014,4,0,Carte,23.0,M,5.0
T00216,2025-01-08 21:10,M03,P001,3,0,Mobile Money,43.0,M,2.0
T00217,2025-01-08 21:53,M06,P022,1,0,Espèces,16.0,M,3.0
T00218,2025-01-09 10:51,M02,P001,3,5,Mobile Money,40.0,F,4.0
T00219,2025-01-09 11:28,M04,P014,2,0,Espèces,30.0,F,2.0
T00220,2025-01-09 11:53,M03,P009,3,15,Espèces,25.0,M,3.0
T00221,2025-01-09 12:14,M01,P009,2,0,Espèces,46.0,M,2.0
T00222,2025-01-09 12:20,M03,P023,1,0,Espèces,23.0,F,4.0
T00223,2025-01-09 14:12,M02,P002,1,0,Espèces,35.0,F,4.0
T00224,2025-01-09 14:17,M02,P004,3,0,Espèces,44.0,F,4.0
T00225,2025-01-09 14:26,M03,P003,2,0,Espèces,37.0,M,5.0
T00226,2025-01-09 15:23,M01,P013,1,0,Espèces,50.0,F,2.0
T00227,2025-01-09 16:10,M03,P011,2,0,Mobile Money,39.0,F,4.0
T00228,2025-01-09 16:39,M06,P018,2,0,Espèces,37.0,M,3.0
T00229,2025-01-09 17:00,M03,P024,1,0,Espèces,44.0,F,3.0
T00230,2025-01-09 17:17,M05,P013,5,0,Espèces,35.0,M,3.0
T00231,2025-01-09 17:42,M03,P026,1,0,Espèces,39.0,M,5.0
T00232,2025-01-09 17:44,M06,P009,2,0,Espèces,16.0,M,3.0
T00233,2025-01-09 17:48,M02,P005,3,0,Espèces,51.0,F,4.0
T00234,2025-01-09 17:53,M05,P014,1,0,Mobile Money,44.0,M,5.0
T00235,2025-01-09 18:12,M05,P007,6,15,Mobile Money,16.0,F,4.0
T00236,2025-01-09 18:40,M03,P016,1,0,Espèces,37.0,M,5.0
T00237,2025-01-09 18:50,M02,P014,4,0,Espèces,52.0,F,4.0
T00238,2025-01-09 19:06,M01,P001,5,10,Espèces,36.0,M,4.0
T00239,2025-01-09 19:51,M03,P006,3,0,Carte,33.0,F,2.0
T00240,2025-01-09 20:02,M02,P002,3,5,Carte,42.0,F,5.0
T00241,2025-01-09 20:03,M05,P016,2,0,Espèces,38.0,F,3.0
T00242,2025-01-09 20:07,M01,P025,1,0,Espèces,32.0,M,4.0
T00243,2025-01-09 20:08,M03,P008,5,0,espèces,40.0,M,4.0
T00244,2025-01-10 10:51,M06,P014,2,10,Espèces,26.0,F,3.0
T00245,2025-01-10 11:14,M04,P016,1,0,Espèces,27.0,F,2.0
T00246,2025-01-10 12:03,M01,P001,4,0,Espèces,26.0,M,4.0
T00247,2025-01-10 12:21,M05,P022,1,0,Espèces,25.0,M,5.0
T00248,2025-01-10 13:01,M06,P009,3,5,Espèces,24.0,M,3.0
T00249,2025-01-10 13:30,M04,P016,4,15,Espèces,19.0,F,2.0
T00250,2025-01-10 13:43,M02,P004,2,10,Espèces,38.0,F,3.0
T00251,2025-01-10 13:57,M04,P011,3,0,Espèces,32.0,F,4.0
T00252,2025-01-10 14:08,M04,P009,2,0,Espèces,37.0,F,3.0
T00253,2025-01-10 14:57,M01,P010,2,0,Espèces,33.0,F,4.0
T00254,2025-01-10 15:14,M01,P009,3,5,Mobile Money,36.0,M,4.0
T00255,2025-01-10 15:19,M05,P014,2,0,Espèces,39.0,F,4.0
T00256,2025-01-10 16:13,M03,P014,1,0,Mobile Money,42.0,F,5.0
T00257,2025-01-10 16:57,M01,P007,2,0,Espèces,51.0,F,4.0
T00258,2025-01-10 17:06,M04,P022,1,0,Espèces,23.0,M,3.0
T00259,2025-01-10 17:17,M05,P008,5,5,Mobile Money,31.0,M,4.0
T00260,2025-01-10 17:26,M01,P009,2,0,Carte,16.0,F,5.0
T00261,2025-01-10 17:49,M06,P007,4,0,espèces,38.0,F,3.0
T00262,2025-01-10 17:50,M03,P026,2,10,Espèces,26.0,M,5.0
T00263,2025-01-10 17:50,M01,P012,3,0,Espèces,26.0,M,3.0
T00264,2025-01-10 18:17,M06,P006,1,0,Mobile Money,42.0,F,3.0
T00265,2025-01-10 18:19,M01,P009,2,5,Espèces,36.0,F,4.0
T00266,2025-01-10 18:39,M03,P019,1,0,Espèces,20.0,M,3.0
T00267,2025-01-10 18:41,M06,P027,1,0,Espèces,40.0,M,3.0
T00268,2025-01-10 18:45,M03,P014,4,0,Mobile Money,25.0,F,2.0
T00269,2025-01-10 19:45,M04,P013,2,0,Mobile Money,20.0,M,2.0
T00270,2025-01-10 19:54,M02,P004,2,0,Espèces,23.0,F,3.0
T00271,2025-01-10 20:34,M04,P002,1,0,Mobile Money,34.0,F,2.0
T00272,2025-01-10 20:39,M01,P010,5,10,Espèces,31.0,M,3.0
T00273,2025-01-10 21:53,M02,P003,1,0,Espèces,36.0,M,4.0
T00274,2025-01-11 10:10,M01,P020,1,0,Carte,33.0,M,2.0
T00275,2025-01-11 11:42,M02,P001,4,0,Espèces,47.0,F,4.0
T00276,2025-01-11 11:46,M06,P022,1,0,Espèces,19.0,F,3.0
T00277,2025-01-11 11:50,M04,P014,2,0,Espèces,36.0,F,3.0
T00278,2025-01-11 12:00,M02,P009,1,0,Carte,36.0,M,5.0
T00279,2025-01-11 12:24,M04,P007,3,0,Mobile Money,50.0,M,3.0
T00280,2025-01-11 14:00,M03,P004,1,0,Mobile Money,,F,4.0
T00281,2025-01-11 14:40,M06,P010,2,0,Espèces,25.0,F,3.0
T00282,2025-01-11 15:15,M02,P006,6,5,Mobile Money,16.0,F,3.0
T00283,2025-01-11 15:20,M04,P006,2,10,Espèces,21.0,F,5.0
T00284,2025-01-11 15:35,M03,P001,2,0,Mobile Money,27.0,F,3.0
T00285,2025-01-11 16:04,M01,P010,1,0,Espèces,25.0,M,5.0
T00286,2025-01-11 16:14,M04,P007,2,0,Espèces,28.0,M,2.0
T00287,2025-01-11 16:45,M02,P006,2,0,Espèces,37.0,F,2.0
T00288,2025-01-11 16:54,M01,P009,2,0,Mobile Money,39.0,M,5.0
T00289,2025-01-11 16:55,M01,P010,2,0,Espèces,28.0,M,4.0
T00290,2025-01-11 17:08,M03,P007,1,0,Mobile Money,34.0,F,4.0
T00291,2025-01-11 17:11,M02,P003,3,5,Mobile Money,29.0,M,3.0
T00292,2025-01-11 17:14,M05,P009,1,0,Espèces,37.0,F,3.0
T00293,2025-01-11 17:26,M01,P017,4,0,Espèces,38.0,M,4.0
T00294,2025-01-11 17:27,M06,P014,1,0,Espèces,32.0,F,5.0
T00295,2025-01-11 17:35,M01,P015,3,0,carte,35.0,F,5.0
T00296,2025-01-11 17:36,M04,P024,1,0,Espèces,23.0,M,4.0
T00297,2025-01-11 17:44,M02,P013,1,0,Espèces,26.0,M,4.0
T00298,2025-01-11 17:55,M06,P015,5,10,Espèces,42.0,M,3.0
T00299,2025-01-11 17:56,M05,P014,4,5,Mobile Money,31.0,M,5.0
T00300,2025-01-11 18:05,M02,P010,3,5,Mobile Money,19.0,F,3.0
T00301,2025-01-11 18:10,M03,P015,2,0,Mobile Money,21.0,M,3.0
T00302,2025-01-11 18:14,M05,P004,2,0,Espèces,33.0,M,3.0
T00303,2025-01-11 18:15,M04,P012,1,0,Espèces,42.0,M,2.0
T00304,2025-01-11 18:30,M01,P007,4,10,Carte,21.0,M,4.0
T00305,2025-01-11 18:33,M02,P025,1,5,Carte,22.0,F,3.0
T00306,2025-01-11 18:42,M04,P008,2,0,Mobile Money,31.0,F,4.0
T00307,2025-01-11 18:49,M02,P017,2,0,Carte,19.0,M,3.0
T00308,2025-01-11 20:26,M04,P001,4,0,Mobile Money,51.0,M,1.0
T00309,2025-01-11 20:30,M02,P007,5,10,Espèces,23.0,F,3.0
T00310,2025-01-11 20:44,M04,P015,2,0,Mobile Money,38.0,F,1.0
T00311,2025-01-11 21:20,M03,P004,1,5,Espèces,36.0,M,5.0
T00312,2025-01-12 10:30,M02,P002,2,0,Espèces,37.0,M,2.0
T00313,2025-01-12 11:42,M01,P014,1,0,Espèces,38.0,F,5.0
T00314,2025-01-12 11:45,M04,P017,2,10,Espèces,32.0,M,3.0
T00315,2025-01-12 12:13,M02,P002,4,0,Espèces,39.0,F,4.0
T00316,2025-01-12 12:13,M03,P011,4,0,Mobile Money,24.0,F,4.0
T00317,2025-01-12 12:41,M02,P013,1,5,Espèces,42.0,F,
T00318,2025-01-12 12:48,M01,P005,1,0,Mobile Money,18.0,F,4.0
T00319,2025-01-12 12:50,M04,P010,4,0,Espèces,22.0,F,3.0
T00320,2025-01-12 12:56,M06,P022,1,0,Mobile Money,34.0,M,4.0
T00321,2025-01-12 14:42,M03,P003,5,10,Espèces,38.0,F,5.0
T00322,2025-01-12 16:24,M03,P007,3,0,Espèces,19.0,F,3.0
T00323,2025-01-12 16:31,M02,P002,1,0,Mobile Money,17.0,M,3.0
T00324,2025-01-12 16:40,M02,P015,3,0,Mobile Money,37.0,F,5.0
T00325,2025-01-12 16:48,M03,P009,2,0,Espèces,38.0,M,3.0
T00326,2025-01-12 16:53,M01,P015,2,5,Mobile Money,32.0,F,4.0
T00327,2025-01-12 18:02,M04,P027,1,5,Espèces,26.0,M,2.0
T00328,2025-01-12 18:16,M01,P009,4,5,Carte,27.0,F,3.0
T00329,2025-01-12 18:47,M02,P009,1,5,Espèces,30.0,F,2.0
T00330,2025-01-12 19:17,M04,P001,2,0,Espèces,41.0,M,1.0
T00331,2025-01-12 19:34,M02,P022,1,5,Carte,23.0,F,3.0
T00332,2025-01-12 19:37,M05,P011,4,10,Espèces,29.0,F,2.0
T00333,2025-01-12 19:54,M02,P002,1,0,Mobile Money,23.0,M,3.0
T00334,2025-01-12 19:56,M06,P027,1,0,Espèces,16.0,F,2.0
T00335,2025-01-12 20:22,M04,P024,1,0,Espèces,54.0,F,3.0
T00336,2025-01-12 21:22,M01,P022,1,0,Carte,16.0,F,5.0
T00337,2025-01-13 10:41,M04,P007,5,0,Mobile Money,49.0,F,3.0
T00338,2025-01-13 11:25,M05,P017,3,0,Espèces,16.0,F,2.0
T00339,2025-01-13 11:32,M06,P014,2,0,Espèces,43.0,M,3.0
T00340,2025-01-13 11:56,M01,P025,1,0,Espèces,29.0,F,4.0
T00341,2025-01-13 13:29,M04,P013,3,10,Mobile Money,38.0,F,2.0
T00342,2025-01-13 13:57,M06,P002,2,0,Espèces,28.0,M,3.0
T00343,2025-01-13 14:02,M01,P014,4,0,Espèces,16.0,M,4.0
T00344,2025-01-13 15:43,M02,P012,3,0,Espèces,17.0,M,3.0
T00345,2025-01-13 17:20,M01,P009,2,0,Espèces,33.0,F,4.0
T00346,2025-01-13 17:29,M06,P011,3,0,Espèces,22.0,F,3.0
T00347,2025-01-13 17:37,M01,P014,4,0,Espèces,38.0,M,5.0
T00348,2025-01-13 17:47,M01,P023,1,0,Espèces,32.0,F,4.0
T00349,2025-01-13 17:56,M05,P013,3,0,Espèces,39.0,F,4.0
T00350,2025-01-13 18:39,M05,P022,1,5,Carte,37.0,F,3.0
T00351,2025-01-13 18:44,M03,P013,2,0,Espèces,38.0,F,4.0
T00352,2025-01-13 18:45,M05,P003,3,15,Espèces,54.0,M,2.0
T00353,2025-01-13 19:29,M03,P013,4,10,Mobile Money,35.0,F,2.0
T00354,2025-01-13 19:38,M05,P004,4,0,Mobile Money,27.0,M,2.0
T00355,2025-01-13 19:46,M01,P014,1,0,Espèces,32.0,M,3.0
T00356,2025-01-13 20:19,M01,P009,4,0,espèces,39.0,F,3.0
T00357,2025-01-13 21:17,M03,P005,2,0,Espèces,,M,5.0
T00358,2025-01-14 10:25,M02,P005,2,0,Espèces,50.0,F,1.0
T00359,2025-01-14 11:38,M06,P017,4,10,Mobile Money,32.0,M,1.0
T00360,2025-01-14 12:02,M01,P010,3,0,Espèces,16.0,F,4.0
T00361,2025-01-14 12:10,M03,P009,1,0,Espèces,55.0,F,5.0
T00362,2025-01-14 12:43,M01,P015,5,10,Espèces,24.0,M,4.0
T00363,2025-01-14 12:58,M04,P025,1,0,Carte,45.0,F,1.0
T00364,2025-01-14 14:56,M01,P004,3,0,Espèces,38.0,M,3.0
T00365,2025-01-14 15:56,M01,P002,4,0,Espèces,47.0,M,4.0
T00366,2025-01-14 16:38,M01,P005,2,0,Espèces,34.0,F,4.0
T00367,2025-01-14 16:49,M03,P001,2,0,Espèces,38.0,F,4.0
T00368,2025-01-14 16:54,M05,P012,1,0,Espèces,36.0,M,4.0
T00369,2025-01-14 19:03,M05,P005,2,0,Mobile Money,37.0,F,3.0
T00370,2025-01-14 19:08,M02,P009,2,0,Espèces,27.0,M,3.0
T00371,2025-01-14 19:15,M04,P007,3,0,Espèces,32.0,F,1.0
T00372,2025-01-14 19:17,M01,P024,1,0,Espèces,38.0,F,4.0
T00373,2025-01-14 19:17,M01,P017,3,5,Espèces,20.0,M,3.0
T00374,2025-01-14 19:40,M01,P004,2,0,Espèces,40.0,M,2.0
T00375,2025-01-14 19:55,M06,P004,2,0,Espèces,27.0,F,3.0
T00376,2025-01-15 10:17,M04,P009,6,0,Espèces,38.0,M,3.0
T00377,2025-01-15 10:26,M05,P002,2,0,Carte,34.0,F,3.0
T00378,2025-01-15 10:35,M06,P011,2,0,Mobile Money,26.0,M,4.0
T00379,2025-01-15 11:39,M03,P002,3,0,mobile money,32.0,F,2.0
T00380,2025-01-15 11:43,M02,P008,3,10,Espèces,34.0,M,3.0
T00381,2025-01-15 12:22,M04,P010,2,5,Espèces,29.0,M,3.0
T00382,2025-01-15 12:24,M02,P018,2,0,Carte,16.0,F,4.0
T00383,2025-01-15 12:40,M04,P024,1,5,Espèces,33.0,M,3.0
T00384,2025-01-15 12:58,M03,P004,4,0,Espèces,20.0,F,3.0
T00385,2025-01-15 13:30,M01,P017,2,0,Mobile Money,50.0,M,5.0
T00386,2025-01-15 14:03,M03,P008,2,10,Espèces,,F,3.0
T00387,2025-01-15 14:47,M01,P017,4,0,Mobile Money,48.0,M,5.0
T00388,2025-01-15 15:24,M04,P007,3,0,Espèces,47.0,F,2.0
T00389,2025-01-15 15:56,M02,P005,3,0,Mobile Money,34.0,M,2.0
T00390,2025-01-15 16:06,M05,P015,2,0,Espèces,22.0,M,4.0
T00391,2025-01-15 16:19,M01,P010,4,5,Espèces,32.0,F,3.0
T00392,2025-01-15 17:10,M02,P006,2,0,Mobile Money,35.0,F,2.0
T00393,2025-01-15 17:58,M03,P003,4,0,Espèces,39.0,F,4.0
T00394,2025-01-15 18:18,M04,P015,3,0,Mobile Money,37.0,M,3.0
T00395,2025-01-15 18:39,M02,P014,2,0,Espèces,30.0,M,4.0
T00396,2025-01-15 18:39,M01,P006,3,0,Espèces,22.0,F,3.0
T00397,2025-01-15 20:03,M02,P004,3,0,Espèces,29.0,M,3.0
T00398,2025-01-15 20:35,M02,P003,2,10,Espèces,31.0,M,4.0
T00399,2025-01-16 12:18,M06,P010,1,0,Espèces,38.0,F,3.0
T00400,2025-01-16 12:20,M02,P027,1,0,Carte,40.0,F,2.0
T00401,2025-01-16 12:22,M04,P006,3,0,Mobile Money,36.0,F,3.0
T00402,2025-01-16 12:35,M02,P012,2,0,Espèces,54.0,M,4.0
T00403,2025-01-16 12:53,M02,P008,6,5,Espèces,32.0,M,4.0
T00404,2025-01-16 13:00,M05,P003,2,0,Espèces,31.0,F,5.0
T00405,2025-01-16 13:41,M01,P012,1,0,Espèces,,M,3.0
T00406,2025-01-16 13:52,M05,P016,1,5,Mobile Money,32.0,F,4.0
T00407,2025-01-16 14:16,M01,P012,2,0,Mobile Money,41.0,M,4.0
T00408,2025-01-16 14:43,M01,P014,3,0,Mobile Money,46.0,F,4.0
T00409,2025-01-16 16:35,M05,P010,3,0,Mobile Money,20.0,M,4.0
T00410,2025-01-16 16:44,M01,P018,2,0,Espèces,42.0,M,4.0
T00411,2025-01-16 18:01,M03,P013,2,0,Mobile Money,33.0,F,4.0
T00412,2025-01-16 18:27,M03,P002,1,5,Espèces,33.0,F,4.0
T00413,2025-01-16 18:46,M03,P012,2,0,Espèces,,F,3.0
T00414,2025-01-16 19:10,M04,P007,3,0,Espèces,28.0,F,3.0
T00415,2025-01-16 19:54,M02,P018,5,0,Mobile Money,31.0,F,4.0
T00416,2025-01-16 19:55,M02,P009,4,0,Espèces,34.0,F,3.0
T00417,2025-01-17 08:34,M06,P005,3,5,Mobile Money,33.0,M,5.0
T00418,2025-01-17 09:32,M03,P024,1,0,Espèces,44.0,F,4.0
T00419,2025-01-17 11:44,M01,P004,6,15,Espèces,29.0,M,2.0
T00420,2025-01-17 12:23,M02,P003,3,0,Mobile Money,33.0,F,2.0
T00421,2025-01-17 13:22,M04,P007,1,0,Espèces,20.0,F,2.0
T00422,2025-01-17 14:00,M02,P002,4,15,Mobile Money,20.0,M,4.0
T00423,2025-01-17 14:17,M03,P004,2,0,Espèces,19.0,F,3.0
T00424,2025-01-17 14:18,M03,P012,2,0,Espèces,26.0,M,4.0
T00425,2025-01-17 15:28,M06,P025,1,0,Espèces,23.0,M,4.0
T00426,2025-01-17 16:03,M03,P014,1,0,Espèces,45.0,F,2.0
T00427,2025-01-17 17:05,M02,P015,1,0,Espèces,38.0,M,5.0
T00428,2025-01-17 17:37,M02,P009,3,0,Mobile Money,35.0,M,2.0
T00429,2025-01-17 18:55,M04,P017,2,0,Espèces,45.0,M,3.0
T00430,2025-01-17 19:09,M06,P017,2,0,Mobile Money,16.0,M,4.0
T00431,2025-01-17 19:56,M04,P012,3,10,Espèces,33.0,M,2.0
T00432,2025-01-17 20:29,M03,P022,1,5,Espèces,31.0,F,3.0
T00433,2025-01-18 11:07,M03,P007,2,0,Espèces,45.0,F,4.0
T00434,2025-01-18 12:38,M04,P012,5,10,Carte,31.0,F,3.0
T00435,2025-01-18 12:55,M01,P022,1,5,Espèces,29.0,M,5.0
T00436,2025-01-18 13:26,M04,P001,3,0,Espèces,26.0,F,3.0
T00437,2025-01-18 13:57,M01,P021,1,0,Mobile Money,20.0,M,4.0
T00438,2025-01-18 15:50,M03,P001,3,0,Espèces,19.0,F,3.0
T00439,2025-01-18 16:06,M01,P022,1,0,Espèces,28.0,M,5.0
T00440,2025-01-18 16:26,M06,P004,1,0,espèces,39.0,M,3.0
T00441,2025-01-18 16:40,M02,P004,3,0,Espèces,16.0,M,5.0
T00442,2025-01-18 16:55,M06,P010,1,0,Espèces,40.0,M,2.0
T00443,2025-01-18 16:59,M02,P015,4,0,Espèces,33.0,F,3.0
T00445,2025-01-18 17:14,M03,P014,5,0,Espèces,,M,4.0
T00444,2025-01-18 17:14,M02,P001,2,10,Espèces,37.0,F,4.0
T00446,2025-01-18 17:25,M04,P009,3,0,Espèces,38.0,F,3.0
T00447,2025-01-18 17:37,M01,P013,2,0,Carte,16.0,F,2.0
T00448,2025-01-18 17:40,M05,P001,3,10,Espèces,47.0,M,4.0
T00449,2025-01-18 18:02,M06,P007,2,0,Espèces,48.0,F,4.0
T00450,2025-01-18 18:08,M02,P014,3,0,Mobile Money,39.0,F,3.0
T00451,2025-01-18 18:25,M06,P009,2,0,Espèces,46.0,M,3.0
T00452,2025-01-18 18:37,M05,P012,5,0,Espèces,29.0,F,2.0
T00453,2025-01-18 19:23,M01,P016,2,0,Espèces,46.0,M,3.0
T00454,2025-01-18 19:40,M05,P015,2,0,Espèces,44.0,M,5.0
T00455,2025-01-18 20:12,M01,P007,2,0,Carte,27.0,F,4.0
T00456,2025-01-19 09:45,M03,P004,5,0,Espèces,49.0,M,4.0
T00457,2025-01-19 11:04,M03,P006,6,0,Espèces,33.0,F,3.0
T00458,2025-01-19 11:12,M02,P012,5,10,Carte,16.0,M,4.0
T00459,2025-01-19 11:19,M01,P001,2,0,Espèces,29.0,M,3.0
T00460,2025-01-19 11:20,M02,P014,3,0,Espèces,38.0,M,2.0
T00461,2025-01-19 12:09,M05,P003,3,0,Carte,36.0,F,4.0
T00462,2025-01-19 12:20,M05,P011,1,0,Mobile Money,45.0,F,4.0
T00463,2025-01-19 12:45,M01,P001,2,0,Mobile Money,25.0,F,4.0
T00464,2025-01-19 13:14,M06,P015,1,0,Espèces,,F,4.0
T00465,2025-01-19 13:29,M01,P007,1,0,Espèces,25.0,F,3.0
T00466,2025-01-19 13:49,M03,P010,4,0,Espèces,39.0,M,3.0
T00467,2025-01-19 13:54,M04,P020,1,0,Carte,30.0,F,4.0
T00468,2025-01-19 14:04,M04,P003,3,0,Espèces,27.0,M,3.0
T00469,2025-01-19 15:47,M01,P022,1,0,Espèces,25.0,F,2.0
T00470,2025-01-19 15:51,M01,P001,3,15,Espèces,38.0,M,4.0
T00471,2025-01-19 16:00,M01,P009,2,0,Espèces,22.0,F,4.0
T00472,2025-01-19 16:07,M01,P015,2,0,Espèces,43.0,M,4.0
T00473,2025-01-19 16:10,M01,P001,2,0,Espèces,31.0,M,3.0
T00474,2025-01-19 16:16,M03,P014,6,10,Mobile Money,16.0,M,4.0
T00475,2025-01-19 16:43,M03,P012,3,0,Espèces,27.0,M,3.0
T00476,2025-01-19 16:46,M05,P014,5,0,Espèces,46.0,M,3.0
T00477,2025-01-19 16:51,M04,P012,4,5,Mobile Money,19.0,M,1.0
T00478,2025-01-19 16:59,M02,P010,2,0,Espèces,32.0,F,3.0
T00479,2025-01-19 17:05,M01,P010,2,0,Espèces,25.0,F,2.0
T00480,2025-01-19 17:05,M06,P006,2,0,Espèces,40.0,M,4.0
T00481,2025-01-19 17:06,M01,P004,2,0,Espèces,22.0,M,4.0
T00482,2025-01-19 17:21,M05,P011,5,0,Espèces,53.0,F,4.0
T00483,2025-01-19 17:32,M06,P002,6,0,Mobile Money,22.0,F,4.0
T00484,2025-01-19 17:39,M03,P010,2,0,Carte,24.0,M,4.0
T00485,2025-01-19 17:43,M01,P003,3,5,Espèces,24.0,F,3.0
T00486,2025-01-19 17:44,M01,P009,1,0,Espèces,30.0,M,4.0
T00487,2025-01-19 17:47,M03,P006,3,5,Espèces,23.0,F,4.0
T00488,2025-01-19 17:55,M01,P004,2,0,Espèces,39.0,F,3.0
T00489,2025-01-19 18:12,M02,P009,2,5,Espèces,16.0,F,4.0
T00490,2025-01-19 18:27,M06,P010,2,0,Espèces,19.0,M,2.0
T00491,2025-01-19 18:29,M05,P010,3,0,Carte,38.0,M,5.0
T00492,2025-01-19 18:29,M01,P006,2,0,Carte,31.0,F,3.0
T00491,2025-01-19 18:29,M05,P010,3,0,Carte,38.0,M,5.0
T00493,2025-01-19 18:33,M01,P014,2,0,Espèces,46.0,M,5.0
T00494,2025-01-19 18:40,M02,P007,1,0,Espèces,16.0,M,4.0
T00495,2025-01-19 19:03,M01,P010,3,0,Espèces,42.0,M,5.0
T00496,2025-01-19 20:50,M05,P012,1,0,Espèces,33.0,F,3.0
T00497,2025-01-20 12:18,M02,P005,3,5,Espèces,26.0,F,2.0
T00498,2025-01-20 14:46,M06,P006,4,0,Espèces,28.0,M,3.0
T00499,2025-01-20 15:10,M03,P010,3,0,Espèces,26.0,F,5.0
T00500,2025-01-20 15:59,M01,P025,1,5,Mobile Money,29.0,F,3.0
T00501,2025-01-20 16:18,M04,P001,1,0,Espèces,49.0,F,1.0
T00502,2025-01-20 16:26,M03,P003,1,5,Carte,32.0,M,4.0
T00503,2025-01-20 17:19,M03,P012,1,0,espèces,34.0,F,4.0
T00504,2025-01-20 17:47,M06,P009,1,0,Espèces,32.0,F,5.0
T00505,2025-01-20 18:00,M05,P012,3,0,Espèces,38.0,F,5.0
T00506,2025-01-20 18:07,M03,P009,3,15,Espèces,27.0,F,3.0
T00507,2025-01-20 18:22,M02,P001,3,0,Espèces,35.0,F,2.0
T00508,2025-01-20 18:53,M01,P017,2,0,Espèces,17.0,F,5.0
T00509,2025-01-20 19:41,M02,P016,4,0,Mobile Money,26.0,F,4.0
T00510,2025-01-21 11:49,M02,P021,1,0,Espèces,24.0,F,3.0
T00511,2025-01-21 12:02,M06,P002,1,0,Mobile Money,26.0,F,5.0
T00512,2025-01-21 12:07,M03,P002,3,0,Espèces,25.0,M,5.0
T00513,2025-01-21 12:29,M02,P012,3,0,Mobile Money,33.0,F,4.0
T00514,2025-01-21 13:11,M02,P014,3,0,Espèces,30.0,M,4.0
T00515,2025-01-21 14:05,M02,P021,1,0,Carte,29.0,M,4.0
T00516,2025-01-21 14:56,M01,P006,2,0,Espèces,44.0,F,5.0
T00517,2025-01-21 15:08,M01,P010,2,5,Espèces,32.0,F,4.0
T00518,2025-01-21 15:53,M04,P007,1,0,Espèces,32.0,M,3.0
T00519,2025-01-21 15:57,M04,P003,2,0,MoMo,42.0,F,4.0
T00520,2025-01-21 15:57,M03,P006,2,0,Mobile Money,34.0,F,4.0
T00521,2025-01-21 16:37,M02,P025,1,0,Mobile Money,43.0,M,5.0
T00522,2025-01-21 16:52,M01,P010,3,0,Espèces,49.0,F,3.0
T00523,2025-01-21 16:55,M03,P003,2,0,Espèces,16.0,F,5.0
T00524,2025-01-21 17:15,M05,P024,1,0,Mobile Money,36.0,F,3.0
T00525,2025-01-21 17:27,M05,P026,2,10,Carte,41.0,F,5.0
T00526,2025-01-21 17:28,M01,P006,1,0,Espèces,40.0,F,4.0
T00527,2025-01-21 17:36,M05,P003,5,10,Espèces,31.0,M,3.0
T00528,2025-01-21 17:43,M06,P016,2,5,Mobile Money,40.0,F,4.0
T00529,2025-01-21 18:06,M01,P006,4,0,Carte,51.0,F,4.0
T00530,2025-01-21 18:14,M03,P004,4,0,Espèces,37.0,M,5.0
T00531,2025-01-21 18:15,M05,P001,3,0,Mobile Money,27.0,F,4.0
T00532,2025-01-21 18:48,M02,P001,4,5,Espèces,16.0,M,2.0
T00533,2025-01-21 18:50,M02,P005,3,10,Carte,44.0,M,4.0
T00534,2025-01-21 19:05,M01,P025,1,0,Mobile Money,36.0,M,3.0
T00535,2025-01-21 19:20,M05,P009,3,0,Mobile Money,35.0,M,3.0
T00536,2025-01-21 19:37,M04,P014,3,0,Espèces,34.0,M,4.0
T00537,2025-01-21 20:55,M05,P003,4,0,Espèces,48.0,M,3.0
T00538,2025-01-21 21:40,M02,P023,1,0,Espèces,36.0,M,2.0
T00539,2025-01-22 09:10,M01,P012,1,0,Espèces,40.0,M,4.0
T00540,2025-01-22 10:58,M04,P018,2,0,Espèces,45.0,M,3.0
T00541,2025-01-22 11:11,M03,P002,1,0,Mobile Money,27.0,F,4.0
T00542,2025-01-22 11:16,M02,P006,3,0,Espèces,38.0,M,3.0
T00543,2025-01-22 11:23,M05,P012,1,0,Espèces,34.0,M,4.0
T00544,2025-01-22 11:44,M06,P005,1,0,Espèces,30.0,M,4.0
T00545,2025-01-22 11:58,M04,P001,2,0,Mobile Money,29.0,F,2.0
T00546,2025-01-22 12:28,M03,P001,3,0,Espèces,40.0,M,3.0
T00547,2025-01-22 12:55,M04,P016,2,0,Carte,24.0,F,3.0
T00548,2025-01-22 13:23,M04,P001,5,0,Espèces,31.0,F,3.0
T00549,2025-01-22 14:00,M06,P018,3,0,Mobile Money,41.0,F,4.0
T00550,2025-01-22 14:03,M01,P013,4,0,Espèces,39.0,M,3.0
T00551,2025-01-22 14:17,M03,P010,3,0,Espèces,17.0,M,3.0
T00552,2025-01-22 16:24,M02,P011,2,10,Carte,36.0,F,2.0
T00553,2025-01-22 16:31,M05,P009,5,0,Mobile Money,27.0,M,1.0
T00554,2025-01-22 16:32,M05,P016,2,0,Espèces,22.0,M,3.0
T00555,2025-01-22 16:45,M03,P009,3,0,Espèces,37.0,F,4.0
T00556,2025-01-22 16:47,M01,P009,3,0,Mobile Money,30.0,M,3.0
T00557,2025-01-22 17:22,M03,P004,4,0,Mobile Money,25.0,M,4.0
T00558,2025-01-22 17:59,M01,P018,2,0,Espèces,25.0,F,4.0
T00559,2025-01-22 18:18,M01,P014,3,0,Mobile Money,27.0,M,4.0
T00560,2025-01-22 18:49,M01,P009,4,0,Mobile Money,40.0,M,3.0
T00561,2025-01-22 19:27,M03,P019,1,0,especes,25.0,F,4.0
T00562,2025-01-22 20:19,M03,P010,3,0,Espèces,35.0,F,4.0
T00563,2025-01-22 21:22,M01,P007,3,0,Carte,49.0,F,4.0
T00564,2025-01-23 10:37,M03,P014,2,0,Mobile Money,34.0,F,2.0
T00565,2025-01-23 11:44,M05,P009,1,0,Espèces,35.0,M,5.0
T00566,2025-01-23 11:45,M03,P020,1,10,Espèces,24.0,F,4.0
T00567,2025-01-23 12:02,M01,P014,2,5,Espèces,16.0,F,3.0
T00568,2025-01-23 12:49,M04,P011,2,0,Espèces,23.0,M,3.0
T00569,2025-01-23 13:01,M04,P011,5,0,Espèces,45.0,F,3.0
T00570,2025-01-23 13:05,M03,P012,1,0,Espèces,28.0,F,3.0
T00571,2025-01-23 14:55,M06,P016,3,0,Espèces,36.0,F,4.0
T00572,2025-01-23 15:20,M02,P014,3,0,Espèces,49.0,M,3.0
T00573,2025-01-23 16:21,M05,P015,3,0,Mobile Money,34.0,F,3.0
T00574,2025-01-23 16:39,M02,P009,1,0,Carte,32.0,M,3.0
T00575,2025-01-23 17:24,M05,P014,5,0,Espèces,38.0,F,4.0
T00576,2025-01-23 17:27,M03,P001,3,0,Espèces,40.0,M,3.0
T00577,2025-01-23 17:36,M05,P022,1,0,Espèces,16.0,M,4.0
T00578,2025-01-23 17:51,M05,P006,2,0,Espèces,43.0,M,3.0
T00579,2025-01-23 17:58,M01,P022,2,10,Mobile Money,27.0,M,4.0
T00580,2025-01-23 18:06,M04,P009,1,0,Mobile Money,25.0,M,4.0
T00581,2025-01-23 18:17,M02,P014,3,0,Carte,36.0,M,4.0
T00582,2025-01-23 18:38,M06,P013,2,0,Espèces,32.0,M,2.0
T00583,2025-01-23 19:38,M01,P003,2,0,Espèces,16.0,M,4.0
T00584,2025-01-23 19:44,M01,P015,2,10,Carte,26.0,F,4.0
T00585,2025-01-23 19:46,M05,P017,3,0,Espèces,32.0,M,3.0
T00586,2025-01-23 19:54,M06,P026,1,5,Carte,57.0,F,4.0
T00587,2025-01-23 20:33,M04,P009,2,0,Espèces,31.0,M,1.0
T00588,2025-01-23 21:07,M03,P016,4,5,Espèces,32.0,F,3.0
T00589,2025-01-24 12:23,M01,P003,3,0,Espèces,22.0,M,4.0
T00590,2025-01-24 12:38,M02,P012,3,0,Espèces,35.0,F,2.0
T00591,2025-01-24 12:39,M03,P001,1,0,Espèces,44.0,F,4.0
T00592,2025-01-24 12:57,M06,P013,2,0,Espèces,35.0,M,4.0
T00593,2025-01-24 13:17,M02,P013,5,5,Espèces,37.0,F,5.0
T00594,2025-01-24 13:24,M01,P017,4,0,Mobile Money,33.0,M,4.0
T00595,2025-01-24 13:26,M01,P013,3,0,Carte,38.0,F,4.0
T00596,2025-01-24 13:31,M02,P007,3,0,Mobile Money,39.0,F,3.0
T00597,2025-01-24 13:56,M02,P002,2,0,Espèces,51.0,F,3.0
T00598,2025-01-24 14:08,M06,P001,2,5,Espèces,25.0,M,3.0
T00599,2025-01-24 15:46,M02,P022,1,0,Espèces,27.0,F,4.0
T00600,2025-01-24 16:14,M01,P011,4,0,Espèces,17.0,F,3.0
T00601,2025-01-24 16:39,M05,P010,2,0,Espèces,38.0,F,2.0
T00602,2025-01-24 16:49,M06,P005,3,0,Espèces,53.0,F,4.0
T00603,2025-01-24 16:56,M06,P024,1,5,Espèces,39.0,F,3.0
T00604,2025-01-24 17:08,M01,P005,4,0,Espèces,23.0,M,4.0
T00605,2025-01-24 17:39,M01,P016,5,0,Mobile Money,16.0,F,4.0
T00606,2025-01-24 17:42,M01,P012,2,0,Mobile Money,30.0,M,5.0
T00607,2025-01-24 17:44,M06,P009,3,0,Espèces,40.0,M,3.0
T00608,2025-01-24 18:11,M05,P008,1,0,Espèces,41.0,M,4.0
T00609,2025-01-24 18:24,M05,P009,6,0,Carte,29.0,F,2.0
T00610,2025-01-24 18:54,M05,P025,1,0,Espèces,19.0,M,2.0
T00611,2025-01-24 19:19,M01,P007,4,0,Espèces,16.0,F,3.0
T00612,2025-01-24 19:30,M03,P004,3,0,Mobile Money,37.0,M,2.0
T00613,2025-01-24 19:32,M02,P009,1,0,Espèces,32.0,F,4.0
T00614,2025-01-24 20:23,M01,P024,1,5,Mobile Money,31.0,M,5.0
T00615,2025-01-24 20:36,M01,P001,3,0,Espèces,16.0,F,3.0
T00616,2025-01-25 09:01,M05,P017,3,5,Espèces,51.0,F,4.0
T00617,2025-01-25 11:36,M01,P007,2,0,Espèces,37.0,M,5.0
T00618,2025-01-25 11:54,M05,P005,3,0,Espèces,23.0,M,2.0
T00619,2025-01-25 11:59,M03,P007,4,5,Espèces,23.0,F,3.0
T00620,2025-01-25 12:08,M03,P007,1,0,Espèces,26.0,F,4.0
T00621,2025-01-25 12:11,M05,P008,7,0,Espèces,19.0,M,2.0
T00622,2025-01-25 12:21,M06,P015,3,0,Espèces,36.0,M,5.0
T00623,2025-01-25 12:40,M01,P007,4,15,Mobile Money,26.0,F,5.0
T00624,2025-01-25 12:47,M02,P003,4,0,Mobile Money,16.0,M,4.0
T00625,2025-01-25 12:49,M05,P011,3,5,Espèces,16.0,M,4.0
T00626,2025-01-25 12:52,M05,P015,1,5,Espèces,31.0,M,5.0
T00627,2025-01-25 14:00,M02,P007,3,5,Espèces,24.0,F,3.0
T00628,2025-01-25 14:03,M02,P018,4,0,Espèces,32.0,M,3.0
T00629,2025-01-25 14:08,M01,P004,2,0,Espèces,35.0,F,5.0
T00630,2025-01-25 14:12,M01,P008,4,5,Espèces,28.0,F,3.0
T00631,2025-01-25 15:18,M05,P001,2,0,Espèces,19.0,M,4.0
T00632,2025-01-25 15:28,M03,P019,1,5,Carte,16.0,F,4.0
T00633,2025-01-25 15:33,M04,P007,1,0,Espèces,41.0,F,3.0
T00634,2025-01-25 15:44,M03,P007,5,15,Espèces,45.0,M,3.0
T00635,2025-01-25 15:49,M03,P009,2,5,Espèces,44.0,F,3.0
T00636,2025-01-25 15:56,M05,P002,3,5,Espèces,22.0,F,4.0
T00637,2025-01-25 16:20,M05,P003,1,0,Espèces,38.0,M,3.0
T00638,2025-01-25 16:43,M02,P010,2,0,Espèces,42.0,M,4.0
T00639,2025-01-25 17:27,M01,P012,1,0,Carte,27.0,M,5.0
T00640,2025-01-25 17:29,M01,P014,1,0,Mobile Money,41.0,F,5.0
T00641,2025-01-25 17:36,M04,P012,3,0,Espèces,35.0,F,2.0
T00642,2025-01-25 18:16,M02,P009,6,0,Mobile Money,53.0,F,4.0
T00643,2025-01-25 18:24,M01,P018,3,10,Espèces,47.0,F,5.0
T00644,2025-01-25 18:29,M01,P013,3,10,Espèces,33.0,M,4.0
T00645,2025-01-25 18:42,M03,P005,1,0,Espèces,34.0,M,2.0
T00646,2025-01-25 18:50,M01,P017,2,5,Espèces,43.0,F,4.0
T00647,2025-01-25 18:53,M02,P016,1,10,Espèces,22.0,M,4.0
T00648,2025-01-25 19:23,M01,P019,1,5,Espèces,34.0,F,4.0
T00649,2025-01-25 19:26,M01,P016,1,5,Mobile Money,20.0,F,3.0
T00650,2025-01-25 19:28,M05,P003,3,10,Espèces,33.0,M,3.0
T00651,2025-01-25 20:24,M03,P017,3,0,Espèces,23.0,M,3.0
T00652,2025-01-25 20:36,M05,P013,1,0,Espèces,47.0,F,5.0
T00653,2025-01-26 10:20,M04,P005,2,0,Espèces,31.0,F,4.0
T00654,2025-01-26 10:40,M05,P003,3,0,Espèces,27.0,M,2.0
T00655,2025-01-26 10:54,M04,P003,3,0,Espèces,39.0,M,1.0
T00656,2025-01-26 11:17,M02,P013,6,10,Mobile Money,33.0,M,4.0
T00657,2025-01-26 11:33,M05,P003,6,0,Espèces,16.0,M,3.0
T00658,2025-01-26 12:22,M02,P009,3,0,Espèces,47.0,F,4.0
T00659,2025-01-26 12:28,M03,P015,4,0,Espèces,27.0,F,5.0
T00660,2025-01-26 12:49,M02,P005,3,0,Carte,45.0,M,4.0
T00661,2025-01-26 12:55,M03,P010,3,0,Mobile Money,37.0,F,3.0
T00662,2025-01-26 13:00,M03,P015,4,0,Mobile Money,33.0,M,2.0
T00663,2025-01-26 13:13,M03,P002,2,0,Espèces,27.0,F,3.0
T00664,2025-01-26 13:15,M04,P010,5,0,Mobile Money,33.0,F,2.0
T00665,2025-01-26 14:53,M03,P006,2,0,Carte,31.0,F,2.0
T00666,2025-01-26 15:14,M03,P001,2,0,Espèces,37.0,M,4.0
T00667,2025-01-26 16:32,M03,P002,3,0,Espèces,43.0,F,4.0
T00668,2025-01-26 16:35,M03,P022,2,15,Mobile Money,22.0,M,3.0
T00669,2025-01-26 16:38,M03,P011,2,0,Mobile Money,28.0,M,5.0
T00670,2025-01-26 17:07,M01,P016,3,0,Mobile Money,19.0,F,4.0
T00671,2025-01-26 17:16,M01,P015,3,0,Espèces,47.0,M,4.0
T00672,2025-01-26 17:16,M02,P001,2,0,Espèces,22.0,F,3.0
T00673,2025-01-26 17:20,M01,P018,2,15,Mobile Money,16.0,M,3.0
T00674,2025-01-26 17:21,M02,P017,2,0,Mobile Money,43.0,F,3.0
T00675,2025-01-26 17:49,M04,P011,3,0,Espèces,22.0,F,3.0
T00676,2025-01-26 17:52,M04,P009,1,0,Espèces,25.0,M,3.0
T00677,2025-01-26 17:53,M03,P012,7,0,Espèces,48.0,M,5.0
T00678,2025-01-26 17:57,M03,P022,1,0,Espèces,29.0,M,4.0
T00679,2025-01-26 17:57,M01,P015,2,0,Mobile Money,29.0,M,4.0
T00680,2025-01-26 17:58,M02,P001,2,5,Espèces,39.0,F,3.0
T00681,2025-01-26 18:00,M03,P002,2,0,Espèces,37.0,F,4.0
T00682,2025-01-26 18:02,M03,P015,2,5,Espèces,38.0,F,4.0
T00683,2025-01-26 18:03,M05,P025,1,0,Mobile Money,35.0,M,4.0
T00684,2025-01-26 18:07,M01,P007,6,0,Espèces,38.0,F,3.0
T00685,2025-01-26 18:14,M04,P005,1,0,Espèces,33.0,F,5.0
T00686,2025-01-26 18:27,M01,P003,4,0,Espèces,31.0,F,3.0
T00687,2025-01-26 18:33,M01,P010,2,0,Espèces,18.0,M,3.0
T00688,2025-01-26 18:33,M02,P009,3,5,Espèces,27.0,M,4.0
T00689,2025-01-26 18:36,M01,P020,1,0,Mobile Money,21.0,F,3.0
T00690,2025-01-26 18:52,M03,P001,1,5,Espèces,28.0,F,3.0
T00691,2025-01-26 18:54,M03,P005,3,0,especes,25.0,F,5.0
T00692,2025-01-26 18:58,M02,P011,3,10,Espèces,37.0,M,4.0
T00693,2025-01-26 19:09,M01,P016,2,0,Mobile Money,29.0,F,3.0
T00694,2025-01-26 19:12,M01,P001,2,10,Espèces,47.0,M,2.0
T00695,2025-01-26 19:15,M02,P019,1,0,Espèces,20.0,M,4.0
T00696,2025-01-26 19:17,M06,P014,3,0,Espèces,19.0,M,4.0
T00697,2025-01-26 19:43,M06,P003,2,0,Mobile Money,17.0,F,4.0
T00698,2025-01-26 19:50,M02,P015,1,0,Espèces,,F,4.0
T00699,2025-01-26 20:03,M01,P012,3,0,Espèces,20.0,M,5.0
T00700,2025-01-26 20:53,M04,P007,2,0,Espèces,36.0,M,4.0
T00701,2025-01-27 10:00,M01,P002,5,10,Espèces,59.0,M,4.0
T00702,2025-01-27 10:35,M04,P014,1,0,Mobile Money,26.0,M,4.0
T00703,2025-01-27 11:11,M05,P002,4,0,Espèces,40.0,M,3.0
T00704,2025-01-27 11:25,M05,P004,4,0,Espèces,42.0,M,3.0
T00705,2025-01-27 12:08,M01,P026,1,5,Espèces,44.0,M,4.0
T00706,2025-01-27 12:12,M02,P003,5,0,Mobile Money,46.0,F,3.0
T00707,2025-01-27 12:46,M05,P005,2,5,Espèces,,F,4.0
T00708,2025-01-27 14:25,M01,P017,4,0,Espèces,48.0,M,5.0
T00709,2025-01-27 15:44,M06,P001,5,0,Espèces,17.0,F,3.0
T00710,2025-01-27 16:49,M01,P009,5,0,Espèces,35.0,F,5.0
T00711,2025-01-27 16:57,M04,P004,2,0,Espèces,45.0,F,4.0
T00712,2025-01-27 16:58,M01,P002,2,0,Espèces,16.0,F,4.0
T00713,2025-01-27 17:18,M01,P009,3,0,Mobile Money,40.0,F,4.0
T00714,2025-01-27 17:26,M01,P009,2,5,Espèces,36.0,M,3.0
T00715,2025-01-27 17:30,M02,P004,3,0,Espèces,38.0,F,4.0
T00716,2025-01-27 18:00,M02,P001,6,15,Espèces,38.0,F,5.0
T00717,2025-01-27 18:28,M03,P003,1,0,Mobile Money,45.0,M,4.0
T00718,2025-01-27 18:29,M01,P005,3,0,Espèces,34.0,F,3.0
T00719,2025-01-27 18:31,M06,P014,3,0,Mobile Money,43.0,M,5.0
T00720,2025-01-27 18:38,M03,P019,1,0,Espèces,18.0,F,4.0
T00721,2025-01-27 18:54,M01,P010,4,0,Mobile Money,46.0,M,3.0
T00722,2025-01-27 19:14,M02,P010,1,0,Mobile Money,21.0,M,2.0
T00723,2025-01-27 19:20,M04,P003,4,0,Mobile Money,40.0,F,2.0
T00724,2025-01-27 19:36,M05,P012,3,0,Espèces,49.0,M,4.0
T00725,2025-01-27 19:54,M01,P014,1,0,Mobile Money,30.0,F,3.0
T00726,2025-01-27 20:06,M05,P008,2,0,Espèces,30.0,F,3.0
T00727,2025-01-27 20:09,M04,P016,1,0,Espèces,21.0,M,1.0
T00728,2025-01-27 21:16,M04,P016,4,0,Espèces,40.0,M,3.0
T00729,2025-01-27 21:53,M02,P013,2,0,Espèces,17.0,M,3.0
T00730,2025-01-28 10:52,M06,P008,3,0,Espèces,43.0,F,5.0
T00731,2025-01-28 10:54,M05,P002,4,0,Espèces,39.0,F,5.0
T00732,2025-01-28 12:07,M01,P008,3,5,Espèces,18.0,F,4.0
T00733,2025-01-28 12:43,M04,P006,5,0,Mobile Money,34.0,M,1.0
T00734,2025-01-28 14:17,M01,P010,2,0,Espèces,58.0,M,4.0
T00735,2025-01-28 14:41,M01,P009,2,5,Espèces,26.0,M,5.0
T00736,2025-01-28 16:57,M01,P007,2,0,Espèces,16.0,M,3.0
T00737,2025-01-28 17:00,M03,P007,3,0,Espèces,24.0,F,3.0
T00738,2025-01-28 17:07,M01,P012,3,0,Espèces,23.0,F,2.0
T00739,2025-01-28 17:33,M01,P003,5,0,Espèces,16.0,M,4.0
T00740,2025-01-28 17:39,M03,P011,4,10,Mobile Money,16.0,M,4.0
T00741,2025-01-28 18:06,M01,P005,3,0,Espèces,32.0,F,5.0
T00742,2025-01-28 18:46,M01,P015,1,5,Mobile Money,44.0,M,3.0
T00743,2025-01-28 19:05,M02,P017,5,0,Espèces,55.0,F,2.0
T00744,2025-01-28 19:07,M01,P022,1,0,Carte,26.0,F,2.0
T00745,2025-01-28 19:08,M06,P023,1,0,Espèces,18.0,M,4.0
T00746,2025-01-28 19:36,M05,P007,3,0,Mobile Money,18.0,M,3.0
T00747,2025-01-28 20:15,M04,P010,4,0,Espèces,28.0,M,1.0
T00748,2025-01-29 10:56,M06,P024,1,0,Mobile Money,36.0,F,3.0
T00749,2025-01-29 11:34,M06,P011,2,0,Mobile Money,32.0,M,2.0
T00750,2025-01-29 12:01,M06,P001,3,0,Espèces,31.0,F,4.0
T00751,2025-01-29 12:52,M04,P009,3,0,Espèces,26.0,F,3.0
T00752,2025-01-29 13:06,M04,P012,3,0,Espèces,38.0,F,4.0
T00753,2025-01-29 13:32,M01,P016,4,5,Carte,25.0,F,3.0
T00754,2025-01-29 13:57,M06,P010,3,0,Espèces,45.0,F,3.0
T00755,2025-01-29 14:11,M03,P007,2,15,Espèces,31.0,M,3.0
T00756,2025-01-29 15:33,M02,P002,1,0,Carte,33.0,F,3.0
T00757,2025-01-29 15:34,M03,P022,1,5,Espèces,33.0,M,4.0
T00758,2025-01-29 16:20,M03,P012,3,0,Espèces,23.0,M,4.0
T00759,2025-01-29 16:21,M03,P004,1,0,Mobile Money,40.0,F,4.0
T00760,2025-01-29 16:41,M02,P013,3,0,Espèces,16.0,F,3.0
T00761,2025-01-29 17:02,M02,P011,3,0,Carte,16.0,F,5.0
T00762,2025-01-29 17:21,M03,P007,1,0,Espèces,32.0,M,4.0
T00763,2025-01-29 17:45,M03,P008,3,0,Carte,21.0,F,4.0
T00764,2025-01-29 17:47,M03,P007,3,0,Espèces,38.0,M,5.0
T00765,2025-01-29 18:37,M06,P012,2,0,Mobile Money,23.0,M,3.0
T00766,2025-01-29 19:00,M01,P016,2,0,Espèces,35.0,F,2.0
T00767,2025-01-29 19:28,M01,P005,1,0,Espèces,25.0,F,4.0
T00768,2025-01-29 19:57,M03,P006,2,10,Espèces,38.0,F,1.0
T00769,2025-01-29 20:31,M01,P005,3,0,Espèces,41.0,F,4.0
T00770,2025-01-29 20:54,M05,P027,1,0,Espèces,56.0,M,3.0
T00771,2025-01-30 10:47,M01,P018,2,0,Espèces,52.0,F,4.0
T00772,2025-01-30 12:13,M01,P007,2,0,Espèces,27.0,M,4.0
T00773,2025-01-30 12:28,M03,P025,1,0,Espèces,30.0,F,5.0
T00774,2025-01-30 12:44,M03,P007,1,0,Espèces,53.0,F,3.0
T00775,2025-01-30 12:48,M04,P006,1,0,Mobile Money,30.0,M,4.0
T00776,2025-01-30 12:56,M01,P006,2,0,Espèces,35.0,F,3.0
T00777,2025-01-30 14:56,M03,P025,1,0,Mobile Money,39.0,F,3.0
T00778,2025-01-30 15:30,M05,P022,1,0,Espèces,,F,3.0
T00779,2025-01-30 16:09,M01,P015,4,0,Espèces,21.0,M,3.0
T00780,2025-01-30 16:25,M04,P003,2,0,Espèces,36.0,F,4.0
T00781,2025-01-30 16:39,M02,P012,1,0,Mobile Money,29.0,M,3.0
T00782,2025-01-30 16:44,M05,P004,3,5,Carte,19.0,M,3.0
T00783,2025-01-30 16:55,M04,P002,3,0,Espèces,39.0,F,3.0
T00784,2025-01-30 17:07,M01,P001,2,0,Espèces,26.0,F,5.0
T00785,2025-01-30 17:09,M02,P006,5,0,Espèces,27.0,F,4.0
T00786,2025-01-30 17:16,M05,P009,1,0,Espèces,42.0,F,5.0
T00787,2025-01-30 17:39,M01,P001,2,0,Espèces,16.0,F,4.0
T00788,2025-01-30 17:42,M01,P001,4,10,Espèces,25.0,F,4.0
T00789,2025-01-30 17:52,M03,P008,2,5,Espèces,41.0,F,4.0
T00790,2025-01-30 17:59,M05,P004,4,0,Espèces,48.0,F,4.0
T00791,2025-01-30 18:16,M04,P010,2,0,Mobile Money,39.0,M,3.0
T00792,2025-01-30 19:02,M01,P019,1,0,Espèces,24.0,M,4.0
T00793,2025-01-30 19:02,M02,P003,7,0,Espèces,41.0,M,4.0
T00794,2025-01-30 19:32,M01,P005,3,10,Mobile Money,39.0,F,3.0
T00795,2025-01-30 20:10,M06,P007,2,0,Espèces,27.0,F,3.0
T00796,2025-01-30 20:28,M02,P009,1,0,Mobile Money,16.0,M,4.0
T00797,2025-01-31 11:28,M02,P008,2,0,Espèces,37.0,F,4.0
T00798,2025-01-31 11:54,M02,P005,2,0,Mobile Money,37.0,F,3.0
T00799,2025-01-31 12:54,M05,P012,3,0,Carte,,F,4.0
T00800,2025-01-31 12:55,M06,P014,1,0,Espèces,24.0,M,4.0
T00801,2025-01-31 14:53,M04,P008,2,0,Espèces,35.0,M,2.0
T00802,2025-01-31 15:44,M04,P013,2,0,Mobile Money,40.0,M,2.0
T00803,2025-01-31 16:35,M06,P017,3,0,Mobile Money,20.0,F,5.0
T00804,2025-01-31 16:40,M02,P009,3,0,Carte,32.0,M,4.0
T00805,2025-01-31 16:51,M05,P004,2,0,Mobile Money,35.0,M,3.0
T00806,2025-01-31 16:54,M05,P009,4,0,Espèces,20.0,F,4.0
T00807,2025-01-31 17:32,M01,P005,5,0,Mobile Money,19.0,M,2.0
T00808,2025-01-31 17:37,M06,P019,1,0,Espèces,37.0,F,3.0
T00809,2025-01-31 18:06,M04,P001,3,0,Espèces,36.0,M,4.0
T00810,2025-01-31 18:58,M04,P004,1,0,Espèces,51.0,M,4.0
T00811,2025-01-31 19:08,M06,P015,1,0,Espèces,40.0,F,2.0
T00812,2025-01-31 20:28,M02,P015,4,0,Espèces,27.0,F,3.0
T00813,2025-01-31 20:50,M02,P027,1,0,Mobile Money,33.0,F,3.0
T00814,2025-01-31 21:24,M05,P015,3,10,Espèces,45.0,F,4.0
T00815,2025-01-31 21:44,M01,P016,3,0,Mobile Money,19.0,F,3.0
T00816,2025-01-31 21:53,M01,P005,2,0,Mobile Money,44.0,F,2.0
T00817,2025-02-01 10:52,M04,P014,4,5,Espèces,35.0,M,3.0
T00818,2025-02-01 11:05,M04,P008,1,5,Espèces,16.0,F,3.0
T00819,2025-02-01 11:07,M03,P007,3,0,Mobile Money,54.0,M,4.0
T00820,2025-02-01 11:18,M04,P025,1,0,Mobile Money,37.0,F,2.0
T00821,2025-02-01 11:41,M03,P020,3,10,Espèces,,F,4.0
T00822,2025-02-01 11:44,M01,P009,5,0,Espèces,54.0,F,4.0
T00823,2025-02-01 11:45,M03,P002,2,0,Espèces,22.0,F,4.0
T00823,2025-02-01 11:45,M03,P002,2,0,Espèces,22.0,F,4.0
T00824,2025-02-01 12:11,M04,P005,3,0,Mobile Money,17.0,F,3.0
T00825,2025-02-01 13:26,M02,P016,2,0,Espèces,40.0,M,5.0
T00826,2025-02-01 13:30,M02,P009,3,10,Carte,48.0,F,4.0
T00827,2025-02-01 13:35,M01,P006,4,0,Mobile Money,16.0,F,4.0
T00828,2025-02-01 13:38,M01,P004,6,0,Mobile Money,35.0,F,5.0
T00829,2025-02-01 13:40,M02,P005,3,5,Espèces,16.0,M,4.0
T00830,2025-02-01 14:05,M04,P005,3,0,Mobile Money,35.0,M,2.0
T00831,2025-02-01 14:48,M02,P010,1,5,Espèces,49.0,F,4.0
T00832,2025-02-01 15:30,M05,P009,2,0,Espèces,20.0,M,2.0
T00833,2025-02-01 15:42,M01,P001,2,0,Espèces,24.0,F,3.0
T00834,2025-02-01 16:02,M02,P001,2,0,Espèces,39.0,M,2.0
T00835,2025-02-01 16:25,M05,P004,2,5,Espèces,30.0,F,5.0
T00836,2025-02-01 17:06,M01,P006,4,0,Espèces,16.0,F,3.0
T00837,2025-02-01 17:09,M03,P017,2,0,Espèces,27.0,F,4.0
T00838,2025-02-01 17:18,M01,P012,1,10,Espèces,36.0,F,4.0
T00839,2025-02-01 17:23,M01,P005,2,0,Carte,32.0,M,3.0
T00840,2025-02-01 17:49,M03,P005,4,0,Mobile Money,38.0,F,3.0
T00841,2025-02-01 17:53,M05,P004,2,0,Espèces,43.0,M,5.0
T00842,2025-02-01 17:56,M01,P001,3,15,Espèces,22.0,F,4.0
T00843,2025-02-01 18:06,M05,P003,5,0,Espèces,32.0,F,5.0
T00844,2025-02-01 18:12,M01,P003,4,0,Espèces,31.0,F,4.0
T00845,2025-02-01 18:18,M01,P014,5,0,Espèces,25.0,M,4.0
T00846,2025-02-01 18:42,M05,P001,3,0,Mobile Money,34.0,F,5.0
T00847,2025-02-01 18:54,M01,P004,2,0,Espèces,31.0,M,3.0
T00848,2025-02-01 18:58,M04,P007,4,0,Espèces,44.0,F,3.0
T00849,2025-02-01 19:07,M05,P012,5,0,Espèces,34.0,M,4.0
T00850,2025-02-01 19:10,M05,P001,5,5,Mobile Money,35.0,M,2.0
T00851,2025-02-01 19:21,M05,P007,2,0,Mobile Money,39.0,F,3.0
T00853,2025-02-01 19:34,M03,P002,1,0,Espèces,34.0,F,3.0
T00852,2025-02-01 19:34,M03,P012,4,0,Mobile Money,37.0,M,3.0
T00854,2025-02-01 20:11,M01,P002,2,0,Mobile Money,45.0,F,3.0
T00855,2025-02-01 20:14,M03,P015,1,0,Espèces,16.0,F,4.0
T00856,2025-02-01 20:21,M03,P012,5,5,Espèces,28.0,M,3.0
T00857,2025-02-01 20:47,M06,P009,4,0,Mobile Money,43.0,F,4.0
T00858,2025-02-02 10:24,M03,P005,1,0,Mobile Money,26.0,F,4.0
T00859,2025-02-02 10:37,M01,P014,5,0,Espèces,33.0,F,5.0
T00860,2025-02-02 11:47,M05,P001,4,0,Espèces,52.0,M,3.0
T00861,2025-02-02 12:02,M04,P015,3,0,espèces,27.0,F,2.0
T00862,2025-02-02 12:24,M01,P012,2,5,Espèces,23.0,F,3.0
T00863,2025-02-02 13:40,M03,P007,4,0,Espèces,32.0,F,4.0
T00864,2025-02-02 14:35,M03,P010,6,0,Espèces,23.0,F,4.0
T00865,2025-02-02 14:48,M03,P005,2,0,Mobile Money,39.0,M,4.0
T00866,2025-02-02 14:48,M03,P004,3,0,Espèces,31.0,F,4.0
T00867,2025-02-02 14:50,M05,P025,1,0,Mobile Money,49.0,M,5.0
T00868,2025-02-02 14:59,M02,P009,2,5,Carte,25.0,F,4.0
T00869,2025-02-02 15:13,M06,P001,4,0,Mobile Money,51.0,F,4.0
T00870,2025-02-02 15:46,M03,P018,3,0,Espèces,57.0,M,4.0
T00871,2025-02-02 16:10,M01,P001,3,0,Mobile Money,51.0,F,3.0
T00872,2025-02-02 16:33,M06,P018,3,0,Espèces,31.0,F,3.0
T00873,2025-02-02 17:01,M03,P001,2,0,Espèces,35.0,F,4.0
T00874,2025-02-02 17:06,M03,P004,3,0,Espèces,35.0,M,4.0
T00875,2025-02-02 17:06,M03,P015,5,0,Espèces,40.0,F,5.0
T00876,2025-02-02 17:21,M01,P012,2,0,Carte,25.0,F,5.0
T00877,2025-02-02 17:24,M04,P024,1,0,Espèces,24.0,F,3.0
T00878,2025-02-02 17:44,M02,P010,4,0,Espèces,27.0,F,2.0
T00879,2025-02-02 17:45,M04,P014,2,0,Mobile Money,38.0,F,2.0
T00880,2025-02-02 17:54,M06,P003,4,0,Espèces,30.0,M,4.0
T00881,2025-02-02 18:08,M06,P001,2,0,Espèces,33.0,M,4.0
T00882,2025-02-02 18:34,M01,P018,2,0,Espèces,42.0,M,2.0
T00883,2025-02-02 18:44,M02,P014,3,5,Mobile Money,28.0,M,3.0
T00884,2025-02-02 18:47,M02,P001,2,0,Carte,29.0,F,4.0
T00885,2025-02-02 19:00,M03,P010,1,0,Carte,28.0,M,4.0
T00886,2025-02-02 19:02,M03,P025,1,0,Espèces,24.0,M,4.0
T00887,2025-02-02 19:16,M02,P013,3,0,Espèces,16.0,F,4.0
T00888,2025-02-02 21:53,M06,P009,2,0,Espèces,37.0,M,1.0
T00889,2025-02-03 11:21,M04,P004,1,0,Espèces,26.0,M,3.0
T00890,2025-02-03 11:28,M04,P013,4,0,Espèces,35.0,M,2.0
T00891,2025-02-03 12:18,M02,P017,2,0,Carte,43.0,F,2.0
T00892,2025-02-03 13:31,M01,P008,1,5,Espèces,28.0,M,4.0
T00893,2025-02-03 15:26,M04,P009,2,5,Espèces,32.0,F,4.0
T00894,2025-02-03 15:38,M01,P004,3,0,Espèces,50.0,F,5.0
T00895,2025-02-03 15:59,M01,P002,1,0,Carte,17.0,F,3.0
T00896,2025-02-03 16:49,M04,P001,1,0,Espèces,66.0,F,1.0
T00897,2025-02-03 17:00,M02,P008,1,0,Espèces,37.0,F,3.0
T00898,2025-02-03 17:15,M06,P018,1,0,Espèces,44.0,M,4.0
T00899,2025-02-03 17:37,M05,P018,4,0,Espèces,27.0,M,4.0
T00900,2025-02-03 18:09,M05,P001,1,5,Espèces,53.0,F,4.0
T00901,2025-02-03 18:12,M03,P014,3,0,Espèces,25.0,F,5.0
T00902,2025-02-03 18:30,M02,P010,4,0,Espèces,24.0,M,4.0
T00903,2025-02-03 18:43,M05,P003,3,5,Espèces,42.0,M,4.0
T00904,2025-02-03 19:17,M04,P009,2,10,Carte,19.0,F,2.0
T00905,2025-02-03 19:22,M03,P016,1,0,Espèces,40.0,F,3.0
T00906,2025-02-03 19:30,M01,P012,1,5,Espèces,20.0,F,3.0
T00907,2025-02-03 19:55,M06,P007,2,10,Espèces,38.0,M,4.0
T00908,2025-02-04 09:50,M03,P003,3,0,Espèces,35.0,M,4.0
T00909,2025-02-04 11:41,M06,P003,3,0,espèces,28.0,M,4.0
T00910,2025-02-04 11:47,M04,P010,1,5,Espèces,36.0,F,1.0
T00911,2025-02-04 11:50,M05,P020,1,0,Espèces,,F,3.0
T00912,2025-02-04 11:55,M03,P009,2,0,Espèces,34.0,M,3.0
T00913,2025-02-04 11:59,M02,P010,4,0,Espèces,26.0,F,2.0
T00914,2025-02-04 12:05,M03,P017,5,5,Carte,34.0,M,2.0
T00915,2025-02-04 12:33,M03,P018,3,0,Mobile Money,39.0,F,5.0
T00916,2025-02-04 12:46,M01,P007,7,15,Espèces,,F,5.0
T00917,2025-02-04 12:54,M02,P013,3,0,Espèces,31.0,M,4.0
T00918,2025-02-04 13:12,M05,P001,5,5,Espèces,43.0,F,5.0
T00919,2025-02-04 14:34,M04,P012,2,0,Espèces,27.0,M,3.0
T00920,2025-02-04 14:34,M04,P001,2,0,Mobile Money,54.0,M,3.0
T00921,2025-02-04 15:08,M04,P012,2,0,Mobile Money,31.0,M,3.0
T00922,2025-02-04 16:55,M03,P007,2,0,Espèces,36.0,F,5.0
T00923,2025-02-04 17:11,M05,P014,2,5,Espèces,34.0,F,4.0
T00924,2025-02-04 17:48,M03,P012,2,0,Espèces,33.0,F,5.0
T00925,2025-02-04 18:24,M01,P004,2,0,Espèces,29.0,M,4.0
T00926,2025-02-04 18:24,M06,P002,2,0,espèces,34.0,F,4.0
T00927,2025-02-04 19:20,M02,P016,2,10,Espèces,26.0,F,2.0
T00928,2025-02-04 20:11,M02,P026,1,0,Mobile Money,36.0,F,2.0
T00929,2025-02-04 21:28,M03,P001,2,0,Espèces,33.0,M,3.0
T00930,2025-02-05 09:38,M03,P014,5,0,Espèces,30.0,F,4.0
T00931,2025-02-05 10:41,M04,P012,2,0,Espèces,42.0,F,3.0
T00932,2025-02-05 11:49,M03,P010,3,0,Espèces,31.0,F,5.0
T00933,2025-02-05 12:00,M02,P025,1,0,Espèces,22.0,F,5.0
T00934,2025-02-05 12:09,M05,P004,4,0,Espèces,,M,4.0
T00935,2025-02-05 12:39,M02,P027,1,0,Espèces,36.0,M,4.0
T00936,2025-02-05 12:45,M06,P012,5,10,Espèces,40.0,M,4.0
T00937,2025-02-05 13:00,M01,P007,1,0,Espèces,16.0,M,4.0
T00938,2025-02-05 13:15,M04,P014,5,5,Espèces,27.0,M,3.0
T00939,2025-02-05 13:21,M03,P020,1,0,Carte,27.0,F,4.0
T00940,2025-02-05 14:00,M02,P007,3,0,Carte,18.0,M,2.0
T00941,2025-02-05 14:01,M03,P012,2,0,Espèces,38.0,M,4.0
T00942,2025-02-05 14:58,M04,P011,1,5,Espèces,27.0,F,3.0
T00943,2025-02-05 15:09,M02,P014,1,0,Espèces,17.0,F,2.0
T00944,2025-02-05 15:49,M05,P013,1,5,Espèces,28.0,F,4.0
T00945,2025-02-05 16:49,M01,P016,2,0,Espèces,42.0,F,3.0
T00946,2025-02-05 17:11,M04,P004,1,10,Espèces,35.0,M,2.0
T00947,2025-02-05 17:19,M06,P011,3,10,Espèces,37.0,M,3.0
T00947,2025-02-05 17:19,M06,P011,3,10,Espèces,37.0,M,3.0
T00948,2025-02-05 17:23,M01,P007,3,0,Mobile Money,46.0,F,4.0
T00949,2025-02-05 17:34,M01,P015,6,0,Mobile Money,16.0,F,2.0
T00950,2025-02-05 18:00,M02,P008,1,5,Carte,41.0,F,3.0
T00951,2025-02-05 18:29,M05,P009,1,0,Espèces,32.0,F,3.0
T00952,2025-02-05 18:31,M06,P024,1,0,Espèces,26.0,M,3.0
T00953,2025-02-05 21:19,M05,P013,2,0,Espèces,44.0,M,3.0
T00954,2025-02-06 10:17,M03,P019,2,10,Mobile Money,30.0,F,5.0
T00955,2025-02-06 12:12,M06,P006,3,0,Espèces,23.0,F,3.0
T00956,2025-02-06 12:15,M03,P004,4,0,Carte,33.0,M,5.0
T00957,2025-02-06 12:19,M03,P025,1,0,Espèces,40.0,F,2.0
T00958,2025-02-06 12:52,M03,P004,2,0,Espèces,56.0,M,
T00959,2025-02-06 13:20,M01,P003,4,0,Espèces,16.0,M,4.0
T00960,2025-02-06 13:38,M05,P003,3,0,Espèces,33.0,F,3.0
T00961,2025-02-06 14:18,M05,P001,1,0,Espèces,35.0,F,2.0
T00962,2025-02-06 14:41,M02,P007,4,0,Espèces,25.0,F,5.0
T00963,2025-02-06 16:21,M05,P002,5,0,Espèces,28.0,F,3.0
T00964,2025-02-06 16:44,M06,P004,3,0,Espèces,45.0,F,4.0
T00965,2025-02-06 16:50,M05,P004,3,0,Espèces,27.0,M,5.0
T00966,2025-02-06 16:57,M04,P001,5,0,Espèces,29.0,M,3.0
T00967,2025-02-06 17:13,M03,P004,2,0,Espèces,25.0,F,3.0
T00968,2025-02-06 17:22,M01,P022,1,0,Espèces,20.0,F,3.0
T00969,2025-02-06 17:28,M03,P009,2,0,Mobile Money,20.0,F,4.0
T00970,2025-02-06 18:01,M06,P005,2,15,Espèces,27.0,F,4.0
T00971,2025-02-06 18:25,M03,P022,1,0,Espèces,29.0,F,4.0
T00972,2025-02-06 18:34,M04,P005,2,0,Espèces,28.0,F,3.0
T00973,2025-02-06 18:36,M02,P005,2,0,Carte,39.0,F,3.0
T00974,2025-02-06 18:39,M05,P013,4,0,Espèces,24.0,M,2.0
T00975,2025-02-06 18:45,M03,P002,5,15,Espèces,39.0,F,3.0
T00976,2025-02-06 19:10,M04,P013,2,0,Espèces,37.0,M,1.0
T00977,2025-02-06 19:24,M05,P009,3,10,Espèces,36.0,F,2.0
T00978,2025-02-06 19:24,M04,P017,3,0,Espèces,33.0,M,2.0
T00979,2025-02-06 19:33,M05,P008,2,0,Mobile Money,26.0,F,4.0
T00980,2025-02-06 20:02,M03,P003,1,0,Mobile Money,34.0,M,3.0
T00981,2025-02-06 20:59,M05,P027,1,0,Espèces,16.0,M,2.0
T00982,2025-02-07 11:10,M05,P001,2,15,Espèces,33.0,F,3.0
T00983,2025-02-07 11:37,M01,P009,4,0,Mobile Money,28.0,F,4.0
T00984,2025-02-07 11:41,M01,P026,1,0,Mobile Money,41.0,M,4.0
T00985,2025-02-07 11:48,M03,P018,2,0,Espèces,26.0,F,3.0
T00986,2025-02-07 11:50,M05,P016,2,0,Espèces,23.0,M,2.0
T00987,2025-02-07 11:57,M01,P006,2,0,Mobile Money,36.0,M,3.0
T00988,2025-02-07 12:02,M04,P002,2,0,Espèces,,F,2.0
T00989,2025-02-07 13:15,M02,P007,3,0,Espèces,33.0,F,1.0
T00990,2025-02-07 13:22,M03,P012,1,0,Espèces,20.0,F,4.0
T00991,2025-02-07 13:30,M02,P006,2,0,Espèces,24.0,F,3.0
T00992,2025-02-07 13:42,M01,P005,2,0,Espèces,47.0,F,5.0
T00993,2025-02-07 13:57,M01,P010,7,10,Espèces,16.0,M,3.0
T00994,2025-02-07 14:07,M05,P004,4,15,Espèces,31.0,M,3.0
T00995,2025-02-07 15:58,M05,P001,4,10,Espèces,33.0,F,5.0
T00996,2025-02-07 16:15,M04,P003,4,0,Espèces,52.0,M,3.0
T00997,2025-02-07 16:17,M02,P006,3,0,Espèces,28.0,M,2.0
T00998,2025-02-07 16:18,M02,P011,2,0,Mobile Money,33.0,M,4.0
T00999,2025-02-07 16:36,M05,P003,2,0,Mobile Money,41.0,F,4.0
T01000,2025-02-07 16:37,M03,P004,3,0,Mobile Money,39.0,F,5.0
T01001,2025-02-07 17:09,M05,P002,4,10,Carte,31.0,F,4.0
T01002,2025-02-07 17:17,M03,P001,2,0,Mobile Money,28.0,F,5.0
T01003,2025-02-07 17:24,M03,P018,2,5,Espèces,41.0,M,3.0
T01004,2025-02-07 17:26,M05,P007,1,5,Espèces,46.0,M,4.0
T01005,2025-02-07 17:37,M06,P015,3,0,Mobile Money,31.0,F,3.0
T01006,2025-02-07 17:38,M01,P005,2,0,Espèces,39.0,F,2.0
T01007,2025-02-07 18:59,M03,P002,3,0,Espèces,35.0,M,2.0
T01008,2025-02-07 19:19,M05,P002,1,0,Espèces,48.0,M,2.0
T01009,2025-02-07 19:24,M03,P019,1,0,Mobile Money,26.0,F,4.0
T01010,2025-02-07 20:04,M03,P005,2,0,Espèces,24.0,F,3.0
T01011,2025-02-07 20:37,M02,P012,4,10,Espèces,17.0,F,2.0
T01012,2025-02-08 09:55,M02,P009,1,0,Espèces,30.0,F,3.0
T01013,2025-02-08 12:16,M02,P027,1,0,Mobile Money,37.0,M,4.0
T01014,2025-02-08 13:10,M01,P017,2,0,Espèces,24.0,M,3.0
T01015,2025-02-08 14:16,M01,P024,1,0,Mobile Money,16.0,M,5.0
T01016,2025-02-08 15:49,M01,P004,3,0,Mobile Money,41.0,F,4.0
T01017,2025-02-08 16:33,M04,P008,3,0,Espèces,53.0,F,2.0
T01018,2025-02-08 16:43,M02,P003,3,0,Espèces,37.0,F,5.0
T01019,2025-02-08 16:54,M01,P004,4,0,Espèces,32.0,F,5.0
T01020,2025-02-08 16:55,M01,P013,2,0,Espèces,,M,5.0
T01021,2025-02-08 16:58,M05,P002,4,0,Mobile Money,46.0,F,4.0
T01022,2025-02-08 17:14,M01,P009,1,0,Espèces,16.0,M,3.0
T01023,2025-02-08 17:16,M02,P012,5,10,Espèces,19.0,M,5.0
T01024,2025-02-08 17:34,M05,P004,4,0,Espèces,40.0,M,5.0
T01025,2025-02-08 17:48,M05,P002,3,0,Espèces,33.0,F,3.0
T01026,2025-02-08 18:06,M01,P024,2,10,Carte,29.0,F,5.0
T01027,2025-02-08 18:23,M05,P004,2,0,Espèces,41.0,M,4.0
T01028,2025-02-08 18:26,M01,P010,2,0,Espèces,28.0,M,4.0
T01029,2025-02-08 18:30,M02,P010,4,0,Espèces,41.0,M,3.0
T01030,2025-02-08 18:37,M01,P008,2,0,Espèces,25.0,M,3.0
T01031,2025-02-08 18:52,M05,P009,2,15,Mobile Money,27.0,F,3.0
T01032,2025-02-08 19:00,M02,P014,3,0,Espèces,37.0,M,3.0
T01033,2025-02-08 19:14,M02,P001,2,0,Espèces,24.0,F,5.0
T01034,2025-02-08 19:16,M04,P005,2,0,Espèces,35.0,F,3.0
T01035,2025-02-08 19:47,M01,P007,3,0,Mobile Money,45.0,F,3.0
T01036,2025-02-08 20:14,M06,P007,2,0,Espèces,44.0,M,4.0
T01037,2025-02-08 20:18,M05,P025,1,0,Espèces,42.0,F,3.0
T01038,2025-02-08 20:23,M02,P010,1,5,Espèces,42.0,M,3.0
T01039,2025-02-08 21:40,M04,P017,5,0,Espèces,43.0,F,3.0
T01040,2025-02-09 10:16,M05,P004,2,0,Espèces,23.0,F,5.0
T01041,2025-02-09 11:27,M01,P008,3,0,Espèces,47.0,F,5.0
T01042,2025-02-09 12:16,M02,P017,4,10,Espèces,35.0,M,5.0
T01043,2025-02-09 12:54,M01,P001,2,0,Espèces,37.0,M,1.0
T01044,2025-02-09 13:00,M04,P022,1,0,Espèces,20.0,M,3.0
T01045,2025-02-09 13:06,M03,P004,3,0,Espèces,50.0,M,3.0
T01046,2025-02-09 13:11,M01,P010,5,10,Carte,32.0,M,2.0
T01047,2025-02-09 13:37,M03,P003,4,0,Espèces,48.0,M,5.0
T01048,2025-02-09 13:44,M04,P015,4,10,Mobile Money,25.0,F,2.0
T01049,2025-02-09 14:42,M05,P006,2,0,Mobile Money,31.0,F,3.0
T01050,2025-02-09 16:09,M02,P008,2,10,Espèces,45.0,M,4.0
T01051,2025-02-09 16:10,M01,P010,2,5,Espèces,38.0,M,4.0
T01052,2025-02-09 16:18,M04,P001,1,0,Espèces,47.0,F,1.0
T01053,2025-02-09 17:12,M06,P010,2,0,Espèces,38.0,F,4.0
T01054,2025-02-09 17:34,M05,P010,3,0,Mobile Money,32.0,F,2.0
T01055,2025-02-09 17:36,M03,P007,2,0,Espèces,26.0,M,3.0
T01056,2025-02-09 17:52,M03,P008,3,0,Espèces,41.0,F,3.0
T01057,2025-02-09 17:58,M03,P002,3,0,Espèces,16.0,F,5.0
T01058,2025-02-09 18:03,M06,P009,2,0,Espèces,44.0,F,4.0
T01059,2025-02-09 18:04,M02,P003,3,0,Mobile Money,39.0,M,3.0
T01060,2025-02-09 18:04,M04,P005,4,0,Espèces,39.0,F,3.0
T01061,2025-02-09 18:20,M01,P015,3,0,Espèces,52.0,M,4.0
T01062,2025-02-09 18:34,M04,P003,1,0,Espèces,42.0,M,3.0
T01063,2025-02-09 19:07,M05,P013,4,0,Espèces,42.0,F,4.0
T01064,2025-02-09 20:19,M05,P012,5,10,Espèces,43.0,M,2.0
T01065,2025-02-09 20:49,M03,P010,2,0,Mobile Money,40.0,M,3.0
T01066,2025-02-09 21:53,M02,P006,2,0,Mobile Money,40.0,M,2.0
T01067,2025-02-10 12:14,M03,P012,1,0,Mobile Money,25.0,F,3.0
T01068,2025-02-10 12:42,M01,P005,1,0,Espèces,16.0,F,3.0
T01069,2025-02-10 14:11,M01,P007,2,0,Mobile Money,27.0,F,4.0
T01070,2025-02-10 14:25,M03,P016,1,0,Espèces,38.0,M,4.0
T01071,2025-02-10 16:06,M01,P025,1,0,Espèces,25.0,M,3.0
T01072,2025-02-10 16:20,M03,P011,2,0,Espèces,32.0,F,5.0
T01073,2025-02-10 16:47,M01,P001,2,0,Espèces,24.0,F,4.0
T01074,2025-02-10 17:01,M04,P010,2,0,Mobile Money,55.0,F,4.0
T01075,2025-02-10 17:05,M01,P013,3,0,Carte,30.0,F,3.0
T01076,2025-02-10 17:28,M02,P008,2,0,Espèces,29.0,M,3.0
T01077,2025-02-10 17:48,M01,P005,5,0,Espèces,31.0,F,3.0
T01078,2025-02-10 18:32,M03,P016,3,0,Espèces,16.0,F,4.0
T01079,2025-02-10 18:37,M04,P004,2,0,Mobile Money,37.0,F,2.0
T01080,2025-02-10 19:01,M03,P004,1,0,Espèces,25.0,F,3.0
T01081,2025-02-10 19:29,M03,P005,1,0,Espèces,34.0,F,3.0
T01082,2025-02-10 19:35,M02,P012,4,10,Mobile Money,25.0,M,3.0
T01083,2025-02-10 19:58,M04,P007,2,0,Espèces,30.0,F,2.0
T01084,2025-02-10 20:18,M05,P017,2,0,Carte,49.0,F,2.0
T01085,2025-02-11 09:10,M05,P009,3,0,Espèces,23.0,M,4.0
T01086,2025-02-11 10:11,M05,P007,2,0,Espèces,39.0,M,3.0
T01087,2025-02-11 11:41,M01,P009,2,5,Mobile Money,28.0,M,4.0
T01088,2025-02-11 12:01,M02,P013,2,0,Espèces,44.0,F,3.0
T01089,2025-02-11 12:16,M04,P008,3,0,Espèces,24.0,M,3.0
T01090,2025-02-11 12:19,M02,P008,4,5,Mobile Money,48.0,M,4.0
T01091,2025-02-11 12:58,M06,P014,1,0,Espèces,26.0,M,4.0
T01092,2025-02-11 13:43,M04,P003,4,0,Carte,35.0,F,3.0
T01093,2025-02-11 16:23,M06,P003,1,0,Mobile Money,57.0,M,4.0
T01094,2025-02-11 16:42,M04,P003,1,0,Mobile Money,48.0,M,3.0
T01095,2025-02-11 16:43,M03,P003,3,0,Mobile Money,35.0,M,5.0
T01096,2025-02-11 17:06,M02,P007,1,0,Mobile Money,,F,4.0
T01097,2025-02-11 17:09,M01,P009,2,0,Espèces,36.0,F,5.0
T01098,2025-02-11 17:22,M05,P004,3,0,Mobile Money,41.0,M,4.0
T01099,2025-02-11 18:38,M06,P003,4,0,Espèces,20.0,F,5.0
T01100,2025-02-11 18:44,M04,P004,4,0,Mobile Money,,M,3.0
T01101,2025-02-11 18:58,M01,P009,2,0,Espèces,24.0,M,2.0
T01102,2025-02-11 19:38,M01,P016,3,0,Carte,36.0,F,3.0
T01103,2025-02-11 20:02,M01,P007,2,10,Mobile Money,36.0,M,2.0
T01104,2025-02-12 09:31,M06,P010,3,0,Espèces,35.0,M,3.0
T01105,2025-02-12 10:17,M03,P001,3,0,Espèces,18.0,F,4.0
T01106,2025-02-12 10:59,M05,P002,3,0,Espèces,33.0,F,3.0
T01107,2025-02-12 11:08,M05,P010,3,0,Mobile Money,29.0,F,5.0
T01108,2025-02-12 11:28,M04,P003,5,10,Espèces,37.0,M,3.0
T01109,2025-02-12 12:01,M03,P024,1,0,Espèces,33.0,F,2.0
T01110,2025-02-12 12:47,M05,P014,1,0,Espèces,,F,4.0
T01111,2025-02-12 12:50,M04,P014,1,10,Espèces,56.0,F,1.0
T01112,2025-02-12 13:02,M05,P010,3,15,Mobile Money,50.0,M,3.0
T01113,2025-02-12 14:42,M01,P027,1,0,Espèces,16.0,M,3.0
T01114,2025-02-12 16:19,M03,P016,1,5,Mobile Money,33.0,M,3.0
T01115,2025-02-12 16:25,M05,P001,5,0,Espèces,34.0,M,5.0
T01116,2025-02-12 16:26,M01,P009,3,0,Espèces,35.0,M,4.0
T01117,2025-02-12 16:46,M06,P015,6,0,Espèces,44.0,F,3.0
T01118,2025-02-12 17:19,M01,P009,2,0,Mobile Money,20.0,F,5.0
T01119,2025-02-12 17:21,M05,P003,3,0,Espèces,45.0,F,4.0
T01120,2025-02-12 17:30,M04,P009,3,0,Espèces,26.0,M,4.0
T01121,2025-02-12 18:07,M03,P001,3,0,Mobile Money,36.0,M,4.0
T01122,2025-02-12 18:08,M05,P005,4,0,Espèces,16.0,F,4.0
T01123,2025-02-12 18:10,M03,P015,5,0,Espèces,49.0,F,4.0
T01124,2025-02-12 18:20,M02,P018,2,0,Espèces,30.0,F,3.0
T01125,2025-02-12 18:49,M01,P014,5,0,Mobile Money,22.0,F,2.0
T01126,2025-02-12 18:50,M05,P012,4,0,Espèces,55.0,M,3.0
T01127,2025-02-12 19:09,M02,P010,3,0,Espèces,41.0,M,4.0
T01128,2025-02-12 19:13,M03,P011,3,0,Espèces,26.0,F,3.0
T01129,2025-02-12 19:13,M06,P001,1,0,espèces,16.0,M,4.0
T01130,2025-02-12 19:26,M03,P014,2,5,Mobile Money,35.0,F,3.0
T01131,2025-02-12 19:36,M02,P015,4,0,Espèces,42.0,M,5.0
T01132,2025-02-12 19:38,M01,P022,1,0,Carte,24.0,F,4.0
T01133,2025-02-12 20:49,M03,P024,1,0,Espèces,50.0,F,5.0
T01134,2025-02-12 20:51,M01,P009,4,0,Espèces,21.0,F,4.0
T01135,2025-02-13 12:04,M06,P013,5,0,Mobile Money,40.0,F,4.0
T01136,2025-02-13 13:10,M04,P007,2,0,Espèces,33.0,F,2.0
T01137,2025-02-13 13:37,M01,P014,2,0,Espèces,24.0,F,5.0
T01138,2025-02-13 15:35,M05,P021,3,10,Espèces,27.0,F,5.0
T01139,2025-02-13 16:24,M04,P009,3,5,Espèces,36.0,M,3.0
T01140,2025-02-13 16:39,M05,P017,2,0,Espèces,29.0,F,4.0
T01141,2025-02-13 16:47,M04,P006,3,0,Espèces,36.0,M,3.0
T01142,2025-02-13 16:48,M03,P003,2,0,Espèces,30.0,M,3.0
T01143,2025-02-13 16:48,M02,P004,3,0,Carte,56.0,M,4.0
T01144,2025-02-13 17:10,M05,P014,1,0,Espèces,31.0,F,4.0
T01145,2025-02-13 17:34,M04,P014,2,0,Espèces,39.0,M,2.0
T01146,2025-02-13 17:39,M02,P018,5,0,Espèces,32.0,M,5.0
T01147,2025-02-13 17:48,M05,P007,2,0,Mobile Money,31.0,F,3.0
T01148,2025-02-13 17:54,M05,P014,3,5,Mobile Money,27.0,M,3.0
T01149,2025-02-13 18:03,M05,P008,5,0,Mobile Money,35.0,M,3.0
T01150,2025-02-13 18:12,M01,P008,2,5,Carte,29.0,M,4.0
T01151,2025-02-13 18:35,M04,P014,7,5,Espèces,36.0,F,3.0
T01152,2025-02-13 19:38,M01,P012,5,10,Carte,41.0,M,3.0
T01153,2025-02-13 19:42,M06,P015,4,0,Espèces,25.0,M,4.0
T01154,2025-02-13 19:48,M02,P012,2,5,Mobile Money,30.0,M,4.0
T01155,2025-02-14 10:19,M05,P002,2,0,Espèces,34.0,F,4.0
T01156,2025-02-14 12:07,M01,P018,4,0,Espèces,36.0,F,4.0
T01157,2025-02-14 12:24,M02,P003,4,5,Espèces,32.0,F,4.0
T01158,2025-02-14 14:31,M06,P004,5,0,Espèces,27.0,M,3.0
T01159,2025-02-14 16:01,M04,P019,1,0,Espèces,34.0,F,4.0
T01160,2025-02-14 16:32,M02,P003,6,0,Espèces,28.0,M,4.0
T01161,2025-02-14 16:49,M01,P012,1,0,Mobile Money,48.0,F,3.0
T01162,2025-02-14 17:07,M03,P010,2,0,Espèces,16.0,M,3.0
T01163,2025-02-14 17:16,M03,P019,1,15,Espèces,20.0,M,2.0
T01164,2025-02-14 17:34,M03,P004,5,0,Mobile Money,22.0,F,4.0
T01165,2025-02-14 17:34,M02,P013,1,0,Mobile Money,38.0,M,2.0
T01166,2025-02-14 17:38,M01,P022,1,0,Espèces,21.0,M,3.0
T01166,2025-02-14 17:38,M01,P022,1,0,Espèces,21.0,M,3.0
T01167,2025-02-14 17:50,M03,P003,1,5,Mobile Money,51.0,F,4.0
T01168,2025-02-14 18:05,M01,P009,1,0,Espèces,47.0,M,4.0
T01169,2025-02-14 18:24,M03,P003,2,0,Espèces,22.0,F,5.0
T01170,2025-02-14 18:33,M01,P005,4,10,Mobile Money,22.0,M,4.0
T01171,2025-02-14 18:50,M02,P017,1,0,Espèces,32.0,M,3.0
T01172,2025-02-14 19:05,M01,P019,1,0,Espèces,22.0,F,3.0
T01173,2025-02-14 19:07,M01,P020,1,0,Carte,17.0,F,1.0
T01174,2025-02-14 19:34,M01,P010,4,0,Mobile Money,23.0,F,5.0
T01174,2025-02-14 19:34,M01,P010,4,0,Mobile Money,23.0,F,5.0
T01175,2025-02-14 19:37,M02,P018,3,0,Espèces,49.0,M,4.0
T01176,2025-02-14 19:57,M01,P005,1,0,Mobile Money,37.0,F,3.0
T01177,2025-02-15 11:04,M01,P020,1,0,Mobile Money,30.0,F,4.0
T01178,2025-02-15 11:18,M01,P006,1,0,Espèces,34.0,M,4.0
T01179,2025-02-15 11:21,M02,P016,4,0,Espèces,30.0,F,4.0
T01180,2025-02-15 12:01,M02,P006,-3,0,Mobile Money,35.0,M,3.0
T01181,2025-02-15 12:08,M06,P002,2,0,Carte,21.0,M,5.0
T01182,2025-02-15 12:23,M04,P003,3,0,especes,16.0,M,2.0
T01183,2025-02-15 12:24,M01,P009,1,0,Espèces,29.0,F,4.0
T01184,2025-02-15 12:25,M03,P009,1,0,Espèces,24.0,M,4.0
T01185,2025-02-15 12:37,M03,P013,2,0,Espèces,34.0,F,3.0
T01186,2025-02-15 12:37,M02,P007,3,0,Espèces,37.0,F,4.0
T01187,2025-02-15 12:40,M03,P015,3,0,Mobile Money,33.0,F,3.0
T01188,2025-02-15 12:42,M03,P003,4,0,Espèces,40.0,M,3.0
T01189,2025-02-15 13:05,M03,P014,5,0,Espèces,27.0,M,2.0
T01190,2025-02-15 13:24,M02,P014,2,0,Espèces,35.0,M,3.0
T01191,2025-02-15 13:27,M04,P017,4,0,Espèces,16.0,M,2.0
T01192,2025-02-15 14:19,M06,P006,3,0,MoMo,21.0,M,2.0
T01193,2025-02-15 14:30,M02,P013,4,0,Espèces,25.0,M,3.0
T01194,2025-02-15 14:46,M02,P008,1,5,Espèces,31.0,M,3.0
T01195,2025-02-15 15:04,M05,P014,4,0,Espèces,19.0,F,4.0
T01196,2025-02-15 15:06,M03,P009,1,0,Espèces,42.0,M,4.0
T01197,2025-02-15 15:43,M01,P008,1,0,Espèces,36.0,M,4.0
T01198,2025-02-15 15:51,M05,P009,1,5,Espèces,19.0,F,4.0
T01199,2025-02-15 15:57,M01,P013,3,15,Espèces,48.0,F,5.0
T01200,2025-02-15 16:18,M02,P004,2,0,Mobile Money,29.0,F,3.0
T01201,2025-02-15 16:23,M01,P010,2,5,Espèces,43.0,M,3.0
T01202,2025-02-15 16:34,M04,P012,3,0,Espèces,48.0,M,2.0
T01203,2025-02-15 16:50,M03,P014,3,0,Espèces,33.0,F,3.0
T01204,2025-02-15 17:14,M03,P025,1,0,Espèces,35.0,M,5.0
T01205,2025-02-15 17:30,M06,P005,3,0,Espèces,31.0,M,3.0
T01206,2025-02-15 17:41,M03,P008,6,10,Espèces,30.0,F,4.0
T01207,2025-02-15 18:29,M06,P017,3,0,Carte,41.0,M,4.0
T01208,2025-02-15 18:30,M04,P014,3,0,Mobile Money,46.0,F,2.0
T01209,2025-02-15 18:36,M06,P007,1,0,Mobile Money,,M,4.0
T01210,2025-02-15 18:51,M01,P021,1,0,Mobile Money,28.0,M,3.0
T01211,2025-02-15 19:25,M06,P012,2,0,Espèces,53.0,F,5.0
T01212,2025-02-15 19:26,M04,P009,1,0,Mobile Money,47.0,F,2.0
T01213,2025-02-15 19:27,M01,P009,4,0,Mobile Money,45.0,M,4.0
T01214,2025-02-15 19:48,M01,P005,3,0,Mobile Money,45.0,M,2.0
T01215,2025-02-15 19:56,M01,P024,1,5,Carte,36.0,F,3.0
T01216,2025-02-16 11:47,M02,P013,2,0,Espèces,24.0,M,5.0
T01217,2025-02-16 12:03,M01,P018,2,5,Espèces,25.0,F,3.0
T01218,2025-02-16 12:08,M01,P003,2,0,Mobile Money,28.0,M,3.0
T01219,2025-02-16 12:19,M03,P012,1,0,Espèces,34.0,M,4.0
T01220,2025-02-16 13:07,M01,P014,2,0,Espèces,31.0,F,3.0
T01221,2025-02-16 13:20,M02,P009,4,0,Mobile Money,33.0,F,3.0
T01222,2025-02-16 13:22,M03,P007,3,0,Espèces,28.0,M,4.0
T01223,2025-02-16 15:06,M01,P002,5,10,Carte,50.0,F,3.0
T01224,2025-02-16 15:16,M02,P009,2,0,Espèces,38.0,F,4.0
T01225,2025-02-16 15:31,M02,P001,2,0,Espèces,40.0,M,4.0
T01226,2025-02-16 15:54,M02,P010,3,0,Carte,46.0,F,4.0
T01227,2025-02-16 16:48,M03,P012,1,0,Mobile Money,43.0,F,5.0
T01228,2025-02-16 16:49,M06,P015,3,0,Espèces,26.0,M,5.0
T01229,2025-02-16 17:04,M02,P004,3,0,Espèces,24.0,M,4.0
T01230,2025-02-16 17:05,M03,P014,3,15,Mobile Money,18.0,F,3.0
T01231,2025-02-16 17:39,M03,P022,1,0,Mobile Money,27.0,F,5.0
T01232,2025-02-16 17:47,M03,P005,3,15,Mobile Money,16.0,F,3.0
T01233,2025-02-16 18:00,M06,P009,6,0,Espèces,37.0,F,5.0
T01234,2025-02-16 18:24,M03,P004,1,0,Espèces,42.0,F,3.0
T01235,2025-02-16 18:35,M03,P022,1,0,Espèces,25.0,F,3.0
T01236,2025-02-16 19:06,M05,P019,1,0,Espèces,29.0,F,3.0
T01237,2025-02-16 19:07,M05,P027,1,0,Espèces,30.0,F,5.0
T01238,2025-02-16 19:31,M01,P013,2,0,Espèces,25.0,M,4.0
T01239,2025-02-16 19:37,M02,P007,4,0,Mobile Money,39.0,F,4.0
T01240,2025-02-16 19:51,M02,P018,6,10,Espèces,27.0,M,5.0
T01241,2025-02-16 19:56,M05,P016,3,0,Carte,42.0,M,3.0
T01242,2025-02-16 20:28,M06,P001,3,0,Espèces,16.0,F,3.0
T01243,2025-02-16 21:04,M04,P027,1,0,Mobile Money,30.0,M,3.0
T01244,2025-02-16 21:07,M02,P015,3,5,Mobile Money,46.0,F,3.0
T01245,2025-02-17 10:30,M01,P005,4,0,Carte,18.0,F,4.0
T01246,2025-02-17 10:36,M06,P010,1,0,Espèces,30.0,F,4.0
T01247,2025-02-17 10:46,M06,P004,5,10,Mobile Money,,F,4.0
T01248,2025-02-17 11:23,M01,P007,1,0,Mobile Money,46.0,M,4.0
T01249,2025-02-17 11:47,M01,P008,3,0,Espèces,16.0,F,4.0
T01250,2025-02-17 11:58,M02,P004,2,0,Espèces,21.0,M,4.0
T01251,2025-02-17 12:10,M02,P023,1,0,Espèces,28.0,M,5.0
T01252,2025-02-17 12:35,M02,P017,1,0,Mobile Money,42.0,F,3.0
T01253,2025-02-17 12:51,M01,P014,3,5,Espèces,24.0,F,2.0
T01254,2025-02-17 13:07,M04,P011,3,0,Mobile Money,43.0,F,2.0
T01255,2025-02-17 13:14,M01,P014,1,0,Espèces,37.0,M,4.0
T01256,2025-02-17 13:29,M02,P003,5,0,Carte,16.0,F,2.0
T01257,2025-02-17 15:11,M04,P016,2,10,Mobile Money,34.0,F,2.0
T01258,2025-02-17 15:29,M05,P017,2,5,Mobile Money,26.0,F,3.0
T01259,2025-02-17 17:42,M01,P010,3,0,Espèces,36.0,M,5.0
T01260,2025-02-17 17:56,M05,P003,3,10,Espèces,,M,3.0
T01262,2025-02-17 18:26,M05,P019,1,0,Mobile Money,30.0,F,3.0
T01261,2025-02-17 18:26,M05,P015,8,0,Mobile Money,30.0,M,4.0
T01263,2025-02-17 18:40,M01,P009,4,0,Espèces,27.0,M,4.0
T01264,2025-02-17 18:55,M05,P027,1,0,Espèces,42.0,F,4.0
T01265,2025-02-17 18:57,M05,P023,1,0,Espèces,27.0,M,4.0
T01266,2025-02-17 19:06,M01,P026,1,0,Mobile Money,34.0,F,3.0
T01267,2025-02-17 19:13,M05,P001,1,0,Espèces,25.0,F,4.0
T01268,2025-02-17 19:15,M03,P004,4,15,Mobile Money,47.0,F,3.0
T01269,2025-02-17 19:34,M06,P009,3,0,Carte,47.0,F,3.0
T01270,2025-02-17 19:54,M05,P008,2,0,Espèces,48.0,F,1.0
T01271,2025-02-17 20:10,M02,P007,3,0,Espèces,28.0,M,3.0
T01272,2025-02-17 20:44,M02,P019,2,15,Espèces,21.0,F,4.0
T01273,2025-02-18 10:16,M01,P006,1,0,Espèces,43.0,M,3.0
T01274,2025-02-18 11:13,M06,P009,3,0,Espèces,32.0,F,3.0
T01275,2025-02-18 11:35,M04,P023,1,0,Mobile Money,32.0,M,3.0
T01276,2025-02-18 11:42,M02,P021,1,0,Carte,29.0,M,4.0
T01277,2025-02-18 11:51,M01,P008,3,0,Espèces,31.0,M,5.0
T01278,2025-02-18 12:02,M05,P003,2,0,Espèces,27.0,M,5.0
T01279,2025-02-18 12:13,M01,P014,3,5,Mobile Money,27.0,F,5.0
T01280,2025-02-18 12:20,M01,P001,2,5,Espèces,33.0,M,3.0
T01282,2025-02-18 12:28,M04,P002,1,0,Espèces,31.0,F,4.0
T01281,2025-02-18 12:28,M02,P008,1,5,Carte,17.0,F,3.0
T01283,2025-02-18 13:28,M03,P009,1,0,Mobile Money,23.0,F,4.0
T01284,2025-02-18 14:48,M01,P002,1,0,Espèces,43.0,M,3.0
T01285,2025-02-18 15:02,M03,P001,2,0,Espèces,16.0,M,5.0
T01286,2025-02-18 16:45,M02,P001,2,0,Mobile Money,51.0,F,5.0
T01287,2025-02-18 17:35,M03,P009,4,10,Mobile Money,34.0,M,5.0
T01288,2025-02-18 17:37,M05,P012,5,15,Espèces,29.0,M,3.0
T01289,2025-02-18 18:05,M06,P007,5,0,Espèces,35.0,F,4.0
T01290,2025-02-18 18:05,M03,P006,2,5,Mobile Money,26.0,M,4.0
T01291,2025-02-18 18:38,M02,P002,4,0,Carte,38.0,F,3.0
T01292,2025-02-18 19:32,M01,P001,4,10,Espèces,27.0,M,3.0
T01293,2025-02-18 20:02,M02,P011,3,0,Espèces,36.0,F,4.0
T01294,2025-02-18 20:03,M02,P001,2,5,Espèces,29.0,M,3.0
T01294,2025-02-18 20:03,M02,P001,2,5,Espèces,29.0,M,3.0
T01295,2025-02-18 20:17,M02,P016,3,0,Mobile Money,46.0,F,2.0
T01296,2025-02-19 10:45,M03,P005,4,15,Espèces,16.0,M,2.0
T01297,2025-02-19 10:55,M04,P009,2,0,Espèces,49.0,M,4.0
T01298,2025-02-19 11:12,M02,P018,4,0,Mobile Money,27.0,M,3.0
T01299,2025-02-19 11:32,M06,P005,5,0,Espèces,30.0,M,3.0
T01300,2025-02-19 12:14,M01,P014,2,0,Carte,19.0,M,5.0
T01301,2025-02-19 12:17,M02,P002,2,0,Mobile Money,21.0,M,3.0
T01302,2025-02-19 12:39,M03,P027,1,0,Espèces,18.0,M,5.0
T01303,2025-02-19 13:28,M01,P005,3,0,Espèces,39.0,F,3.0
T01304,2025-02-19 14:51,M05,P014,2,0,Espèces,41.0,M,3.0
T01305,2025-02-19 15:48,M04,P016,3,0,Espèces,16.0,M,1.0
T01306,2025-02-19 16:12,M05,P016,4,15,Mobile Money,36.0,F,5.0
T01307,2025-02-19 16:29,M05,P001,3,0,Mobile Money,22.0,M,4.0
T01308,2025-02-19 16:35,M06,P005,2,0,Mobile Money,21.0,M,3.0
T01309,2025-02-19 16:36,M06,P010,2,0,Espèces,34.0,F,4.0
T01310,2025-02-19 16:50,M06,P014,2,0,Mobile Money,32.0,F,5.0
T01311,2025-02-19 16:56,M04,P003,3,0,Espèces,34.0,M,2.0
T01312,2025-02-19 16:58,M01,P015,1,0,Espèces,29.0,F,3.0
T01313,2025-02-19 16:59,M02,P015,3,10,Espèces,53.0,F,3.0
T01314,2025-02-19 17:12,M02,P003,3,0,Carte,30.0,F,4.0
T01315,2025-02-19 17:13,M04,P019,1,0,Espèces,27.0,F,3.0
T01316,2025-02-19 17:21,M05,P004,4,0,Mobile Money,36.0,F,2.0
T01317,2025-02-19 17:25,M06,P022,1,0,Espèces,32.0,M,3.0
T01318,2025-02-19 17:27,M06,P016,6,10,Mobile Money,34.0,M,3.0
T01319,2025-02-19 17:27,M03,P017,1,0,Espèces,27.0,M,4.0
T01320,2025-02-19 17:36,M05,P007,4,0,Espèces,50.0,M,4.0
T01321,2025-02-19 17:37,M01,P011,3,0,Carte,27.0,M,2.0
T01322,2025-02-19 17:38,M01,P005,1,0,Espèces,31.0,F,4.0
T01323,2025-02-19 17:59,M02,P009,2,0,Espèces,27.0,M,4.0
T01324,2025-02-19 18:09,M05,P020,1,0,Mobile Money,20.0,F,3.0
T01325,2025-02-19 18:16,M02,P005,5,0,Espèces,56.0,F,4.0
T01326,2025-02-19 18:20,M03,P004,3,0,Espèces,33.0,M,5.0
T01327,2025-02-19 18:23,M03,P010,2,0,Espèces,28.0,F,5.0
T01328,2025-02-19 18:56,M06,P002,4,0,Espèces,39.0,F,3.0
T01329,2025-02-19 18:59,M01,P012,5,5,Espèces,34.0,F,3.0
T01330,2025-02-19 19:25,M02,P015,3,0,Espèces,37.0,M,5.0
T01331,2025-02-19 20:17,M03,P009,4,0,MoMo,33.0,M,3.0
T01332,2025-02-20 10:13,M06,P027,1,0,Espèces,33.0,F,4.0
T01333,2025-02-20 10:19,M02,P003,2,0,Espèces,32.0,F,1.0
T01334,2025-02-20 10:54,M05,P008,1,0,Espèces,47.0,F,5.0
T01335,2025-02-20 11:03,M05,P011,3,0,Espèces,51.0,F,2.0
T01336,2025-02-20 11:15,M06,P010,2,0,Espèces,36.0,M,3.0
T01337,2025-02-20 11:24,M01,P014,3,0,Espèces,24.0,F,3.0
T01338,2025-02-20 11:27,M01,P004,5,0,Espèces,29.0,F,4.0
T01339,2025-02-20 12:25,M04,P005,3,0,Mobile Money,40.0,F,3.0
T01340,2025-02-20 12:33,M02,P008,3,0,Mobile Money,38.0,F,4.0
T01341,2025-02-20 12:38,M03,P001,1,0,Espèces,48.0,M,5.0
T01342,2025-02-20 13:17,M02,P001,4,10,Espèces,29.0,M,2.0
T01343,2025-02-20 13:27,M06,P005,4,0,Mobile Money,31.0,M,3.0
T01344,2025-02-20 13:41,M03,P014,4,0,Mobile Money,30.0,F,2.0
T01345,2025-02-20 14:07,M04,P014,5,5,Mobile Money,43.0,M,1.0
T01346,2025-02-20 14:38,M03,P015,3,15,Espèces,16.0,M,3.0
T01347,2025-02-20 14:57,M03,P006,4,0,Espèces,50.0,F,4.0
T01348,2025-02-20 15:41,M02,P002,2,0,Mobile Money,24.0,M,2.0
T01349,2025-02-20 16:09,M05,P018,2,0,Espèces,26.0,F,5.0
T01351,2025-02-20 17:00,M03,P007,3,0,Espèces,33.0,F,4.0
T01350,2025-02-20 17:00,M02,P006,1,0,Espèces,39.0,F,4.0
T01352,2025-02-20 17:04,M01,P001,1,0,Espèces,42.0,F,4.0
T01353,2025-02-20 17:45,M01,P001,3,0,Mobile Money,16.0,M,4.0
T01354,2025-02-20 18:00,M05,P002,2,0,Espèces,34.0,M,5.0
T01355,2025-02-20 18:06,M04,P003,2,0,Espèces,40.0,M,2.0
T01356,2025-02-20 19:56,M03,P001,5,5,Espèces,16.0,F,2.0
T01357,2025-02-20 21:04,M05,P025,1,0,Espèces,48.0,M,3.0
T01358,2025-02-21 11:35,M03,P002,4,0,Mobile Money,37.0,M,4.0
T01359,2025-02-21 11:37,M05,P022,1,0,Espèces,36.0,M,3.0
T01360,2025-02-21 11:53,M01,P024,1,0,Espèces,33.0,M,3.0
T01361,2025-02-21 12:16,M02,P009,2,0,Espèces,40.0,F,3.0
T01362,2025-02-21 12:20,M05,P010,1,0,Espèces,28.0,F,5.0
T01363,2025-02-21 12:25,M01,P005,3,0,Espèces,44.0,F,2.0
T01364,2025-02-21 13:00,M06,P003,2,15,Espèces,29.0,M,3.0
T01365,2025-02-21 13:43,M05,P015,2,0,Espèces,41.0,F,4.0
T01366,2025-02-21 13:49,M02,P015,2,0,Espèces,28.0,F,4.0
T01367,2025-02-21 14:10,M03,P002,4,5,Espèces,47.0,M,3.0
T01368,2025-02-21 14:12,M03,P005,2,0,Espèces,33.0,F,4.0
T01369,2025-02-21 14:35,M05,P006,2,10,Espèces,34.0,F,3.0
T01370,2025-02-21 15:17,M05,P002,2,0,Espèces,41.0,F,3.0
T01371,2025-02-21 16:16,M01,P013,2,0,Mobile Money,20.0,M,4.0
T01372,2025-02-21 16:17,M01,P027,1,0,Mobile Money,16.0,M,4.0
T01373,2025-02-21 16:19,M05,P009,1,0,Espèces,40.0,F,3.0
T01374,2025-02-21 16:47,M04,P013,2,10,Espèces,26.0,M,2.0
T01375,2025-02-21 17:30,M01,P004,2,0,Espèces,30.0,F,4.0
T01376,2025-02-21 17:38,M02,P012,3,0,Carte,36.0,F,2.0
T01377,2025-02-21 17:39,M03,P009,3,0,Espèces,20.0,F,3.0
T01378,2025-02-21 17:49,M01,P009,3,0,Carte,41.0,M,3.0
T01379,2025-02-21 17:56,M01,P004,3,0,Mobile Money,37.0,F,3.0
T01380,2025-02-21 17:58,M01,P006,1,0,Espèces,34.0,F,4.0
T01381,2025-02-21 18:04,M02,P014,2,0,Espèces,21.0,F,4.0
T01382,2025-02-21 18:08,M06,P010,1,0,Mobile Money,24.0,M,4.0
T01383,2025-02-21 18:25,M03,P001,1,0,espèces,50.0,M,3.0
T01384,2025-02-21 18:56,M01,P005,4,0,Espèces,28.0,M,5.0
T01385,2025-02-21 19:28,M01,P024,1,0,Carte,,M,3.0
T01386,2025-02-21 19:32,M02,P011,1,5,Mobile Money,26.0,F,4.0
T01387,2025-02-21 19:38,M04,P012,2,0,Mobile Money,32.0,F,3.0
T01388,2025-02-21 20:35,M03,P002,5,10,Mobile Money,39.0,F,4.0
T01389,2025-02-21 21:07,M04,P019,1,10,Mobile Money,42.0,M,3.0
T01390,2025-02-22 10:43,M03,P008,2,0,Espèces,43.0,M,2.0
T01391,2025-02-22 10:48,M01,P011,1,0,Espèces,18.0,F,2.0
T01392,2025-02-22 11:33,M03,P007,2,0,Espèces,22.0,M,3.0
T01393,2025-02-22 11:59,M02,P014,3,0,Espèces,24.0,F,4.0
T01394,2025-02-22 12:25,M06,P003,3,0,Espèces,30.0,F,3.0
T01395,2025-02-22 12:29,M01,P001,2,0,Carte,36.0,M,5.0
T01396,2025-02-22 12:32,M05,P011,3,0,Espèces,30.0,M,3.0
T01397,2025-02-22 12:36,M01,P001,2,0,Espèces,40.0,F,4.0
T01398,2025-02-22 12:45,M02,P014,5,0,Espèces,20.0,F,5.0
T01399,2025-02-22 13:43,M01,P014,4,0,Espèces,36.0,F,2.0
T01400,2025-02-22 14:06,M03,P013,1,0,Espèces,46.0,F,3.0
T01401,2025-02-22 15:21,M03,P019,1,0,Mobile Money,28.0,F,3.0
T01402,2025-02-22 15:26,M04,P002,3,10,Mobile Money,54.0,M,4.0
T01403,2025-02-22 16:07,M01,P010,2,0,Espèces,20.0,M,5.0
T01404,2025-02-22 16:15,M04,P014,2,0,Espèces,35.0,F,1.0
T01405,2025-02-22 16:39,M01,P001,3,5,Espèces,33.0,M,5.0
T01406,2025-02-22 17:01,M02,P017,3,5,carte,16.0,F,4.0
T01407,2025-02-22 17:15,M01,P012,5,0,Espèces,19.0,M,5.0
T01408,2025-02-22 17:15,M02,P012,5,0,Mobile Money,27.0,M,3.0
T01409,2025-02-22 17:19,M02,P007,4,0,Espèces,40.0,F,2.0
T01410,2025-02-22 17:31,M05,P005,3,0,Espèces,33.0,M,4.0
T01411,2025-02-22 17:38,M05,P004,4,0,Carte,35.0,F,4.0
T01412,2025-02-22 17:51,M01,P010,3,0,Espèces,40.0,F,5.0
T01413,2025-02-22 17:51,M01,P009,-3,0,Espèces,26.0,M,4.0
T01414,2025-02-22 18:02,M05,P017,1,0,Espèces,33.0,M,5.0
T01415,2025-02-22 18:17,M03,P004,5,0,Mobile Money,28.0,F,3.0
T01416,2025-02-22 18:19,M02,P013,2,0,Espèces,41.0,F,5.0
T01417,2025-02-22 18:21,M04,P014,3,0,Espèces,31.0,M,2.0
T01418,2025-02-22 19:24,M03,P001,3,0,Espèces,42.0,F,4.0
T01419,2025-02-22 19:29,M01,P012,2,0,Mobile Money,36.0,M,3.0
T01420,2025-02-22 20:11,M01,P012,2,5,Espèces,46.0,F,2.0
T01421,2025-02-22 20:48,M02,P002,5,10,Espèces,34.0,F,3.0
T01422,2025-02-22 21:20,M03,P007,2,0,Espèces,38.0,F,3.0
T01423,2025-02-23 10:06,M01,P025,1,0,Espèces,40.0,F,4.0
T01424,2025-02-23 10:21,M01,P016,3,5,Espèces,26.0,M,4.0
T01425,2025-02-23 11:51,M03,P012,1,5,Carte,28.0,F,5.0
T01426,2025-02-23 11:56,M06,P008,2,0,Carte,22.0,M,3.0
T01427,2025-02-23 12:20,M03,P014,5,0,Espèces,26.0,F,3.0
T01428,2025-02-23 12:33,M01,P004,5,0,Carte,31.0,F,5.0
T01429,2025-02-23 12:43,M03,P013,4,10,Espèces,51.0,M,4.0
T01430,2025-02-23 13:08,M02,P006,4,5,Espèces,31.0,F,4.0
T01431,2025-02-23 13:10,M04,P001,1,0,Espèces,36.0,M,2.0
T01432,2025-02-23 13:29,M05,P021,1,0,Espèces,33.0,F,2.0
T01433,2025-02-23 13:37,M01,P016,1,0,Espèces,27.0,F,4.0
T01434,2025-02-23 14:59,M05,P023,1,0,Espèces,30.0,M,4.0
T01435,2025-02-23 15:01,M06,P014,3,10,Mobile Money,38.0,F,3.0
T01436,2025-02-23 15:46,M03,P018,1,5,Mobile Money,25.0,M,4.0
T01437,2025-02-23 16:19,M02,P009,2,0,Mobile Money,24.0,F,4.0
T01438,2025-02-23 16:46,M02,P016,3,0,Espèces,40.0,M,4.0
T01439,2025-02-23 16:58,M04,P009,4,0,Espèces,47.0,F,1.0
T01440,2025-02-23 17:01,M01,P009,1,0,Espèces,36.0,F,3.0
T01441,2025-02-23 17:11,M04,P019,1,0,Espèces,24.0,M,4.0
T01442,2025-02-23 17:15,M03,P019,1,0,Espèces,26.0,M,4.0
T01443,2025-02-23 17:55,M04,P011,1,0,Espèces,25.0,M,3.0
T01444,2025-02-23 18:05,M04,P004,1,0,Espèces,37.0,F,3.0
T01445,2025-02-23 18:10,M05,P005,3,15,Mobile Money,25.0,F,5.0
T01446,2025-02-23 18:11,M06,P009,2,0,Espèces,16.0,M,2.0
T01447,2025-02-23 18:18,M02,P019,1,0,Espèces,19.0,M,3.0
T01448,2025-02-23 18:19,M03,P002,3,0,Mobile Money,16.0,F,2.0
T01449,2025-02-23 18:21,M01,P010,1,0,Mobile Money,28.0,M,4.0
T01450,2025-02-23 18:57,M02,P002,3,0,Mobile Money,42.0,F,4.0
T01451,2025-02-23 19:01,M04,P018,2,0,Espèces,37.0,M,2.0
T01453,2025-02-23 19:08,M01,P012,2,0,Mobile Money,35.0,M,4.0
T01452,2025-02-23 19:08,M01,P009,1,0,Mobile Money,29.0,M,3.0
T01454,2025-02-23 19:08,M04,P002,3,0,Espèces,47.0,F,1.0
T01455,2025-02-23 19:14,M03,P003,3,0,Espèces,28.0,F,3.0
T01456,2025-02-23 19:24,M03,P003,3,10,Carte,32.0,F,5.0
T01457,2025-02-23 19:27,M03,P001,1,0,Espèces,37.0,F,2.0
T01458,2025-02-23 19:59,M01,P025,3,10,Carte,27.0,F,3.0
T01459,2025-02-23 20:21,M02,P012,1,0,Mobile Money,26.0,F,4.0
T01460,2025-02-24 10:19,M01,P010,4,0,Espèces,18.0,F,5.0
T01461,2025-02-24 12:17,M03,P010,3,10,Mobile Money,42.0,F,3.0
T01462,2025-02-24 13:02,M06,P010,5,0,Mobile Money,31.0,F,4.0
T01463,2025-02-24 13:26,M01,P008,2,5,Espèces,32.0,M,4.0
T01464,2025-02-24 13:33,M02,P009,2,0,Mobile Money,39.0,F,3.0
T01465,2025-02-24 15:18,M02,P002,1,0,Mobile Money,25.0,M,3.0
T01466,2025-02-24 15:42,M02,P007,3,0,Espèces,23.0,F,2.0
T01467,2025-02-24 16:57,M04,P003,3,0,Espèces,40.0,M,4.0
T01468,2025-02-24 17:03,M01,P025,1,0,Espèces,39.0,F,5.0
T01469,2025-02-24 17:43,M03,P002,4,0,Espèces,25.0,F,5.0
T01470,2025-02-24 17:46,M01,P023,1,5,Espèces,19.0,F,5.0
T01471,2025-02-24 17:58,M03,P016,4,0,Mobile Money,45.0,M,4.0
T01472,2025-02-24 18:10,M03,P004,2,5,Espèces,46.0,M,3.0
T01474,2025-02-24 18:15,M05,P022,1,0,Espèces,33.0,M,4.0
T01473,2025-02-24 18:15,M01,P021,1,10,Mobile Money,28.0,M,4.0
T01475,2025-02-24 18:16,M04,P002,3,10,Espèces,44.0,F,3.0
T01476,2025-02-24 19:01,M06,P011,2,0,Espèces,31.0,F,2.0
T01477,2025-02-24 19:44,M05,P007,1,0,Mobile Money,16.0,M,4.0
T01478,2025-02-24 20:18,M03,P007,3,0,Espèces,32.0,M,4.0
T01479,2025-02-25 10:44,M01,P004,1,0,Mobile Money,31.0,F,4.0
T01480,2025-02-25 11:05,M06,P015,3,5,Mobile Money,29.0,F,2.0
T01481,2025-02-25 11:47,M03,P004,3,5,Mobile Money,45.0,M,5.0
T01482,2025-02-25 11:50,M02,P020,1,0,Carte,23.0,F,5.0
T01483,2025-02-25 12:27,M05,P017,3,0,Mobile Money,33.0,M,5.0
T01484,2025-02-25 12:35,M05,P020,1,0,Mobile Money,23.0,M,3.0
T01485,2025-02-25 12:40,M02,P002,2,0,Mobile Money,36.0,M,3.0
T01486,2025-02-25 13:07,M01,P007,1,0,Mobile Money,43.0,F,4.0
T01487,2025-02-25 13:20,M05,P001,4,5,Mobile Money,24.0,F,4.0
T01488,2025-02-25 13:58,M02,P027,1,5,Espèces,34.0,F,3.0
T01489,2025-02-25 15:06,M02,P016,2,0,Carte,34.0,F,2.0
T01490,2025-02-25 15:30,M03,P015,2,0,Mobile Money,45.0,M,4.0
T01491,2025-02-25 16:43,M06,P015,1,0,Espèces,47.0,F,3.0
T01492,2025-02-25 17:58,M04,P003,4,0,Espèces,42.0,F,3.0
T01493,2025-02-25 18:02,M01,P007,5,0,MoMo,44.0,F,4.0
T01494,2025-02-25 18:18,M03,P017,3,10,Espèces,37.0,M,5.0
T01495,2025-02-25 18:41,M03,P004,5,0,Espèces,42.0,M,3.0
T01496,2025-02-25 18:48,M02,P011,5,0,Espèces,39.0,F,3.0
T01497,2025-02-25 18:51,M03,P014,1,10,Espèces,28.0,F,5.0
T01498,2025-02-25 19:26,M01,P005,2,0,Espèces,22.0,F,2.0
T01499,2025-02-25 19:35,M01,P012,1,0,Mobile Money,29.0,F,3.0
T01500,2025-02-25 20:05,M03,P008,3,0,Espèces,47.0,M,3.0
T01501,2025-02-25 20:18,M03,P007,2,5,MoMo,45.0,F,4.0
T01502,2025-02-25 20:21,M04,P004,4,0,Espèces,20.0,F,3.0
T01503,2025-02-25 20:52,M05,P001,2,0,Espèces,24.0,M,3.0
T01504,2025-02-26 10:36,M01,P002,2,0,Mobile Money,31.0,M,3.0
T01505,2025-02-26 11:53,M05,P009,2,0,Espèces,35.0,F,5.0
T01506,2025-02-26 12:06,M05,P010,4,0,Espèces,33.0,M,5.0
T01507,2025-02-26 12:27,M03,P009,1,0,Mobile Money,52.0,F,3.0
T01508,2025-02-26 13:06,M06,P025,1,0,Mobile Money,44.0,M,4.0
T01509,2025-02-26 14:40,M05,P016,1,0,Mobile Money,32.0,M,3.0
T01510,2025-02-26 16:10,M02,P007,3,0,Carte,24.0,F,2.0
T01511,2025-02-26 16:24,M03,P001,4,10,Mobile Money,,F,5.0
T01512,2025-02-26 17:11,M03,P004,5,0,Espèces,16.0,F,3.0
T01513,2025-02-26 17:18,M03,P019,1,0,Espèces,27.0,F,4.0
T01514,2025-02-26 17:33,M03,P010,2,0,Espèces,45.0,M,3.0
T01515,2025-02-26 17:55,M03,P009,2,0,Espèces,24.0,F,3.0
T01516,2025-02-26 17:57,M06,P018,2,0,Espèces,52.0,F,3.0
T01517,2025-02-26 18:12,M03,P003,2,0,Espèces,41.0,F,4.0
T01518,2025-02-26 18:20,M05,P009,3,10,Espèces,24.0,M,5.0
T01519,2025-02-26 18:36,M01,P011,2,0,Carte,28.0,M,2.0
T01520,2025-02-26 19:37,M01,P005,3,0,Espèces,30.0,M,4.0
T01521,2025-02-26 20:21,M04,P020,1,0,Espèces,16.0,M,2.0
T01522,2025-02-26 21:39,M05,P002,3,10,Espèces,49.0,F,3.0
T01523,2025-02-27 11:23,M01,P009,2,0,Espèces,53.0,F,4.0
T01524,2025-02-27 11:33,M06,P006,3,15,Mobile Money,26.0,F,3.0
T01525,2025-02-27 12:06,M03,P014,4,0,Mobile Money,44.0,M,4.0
T01526,2025-02-27 12:08,M05,P025,1,0,Espèces,26.0,M,4.0
T01527,2025-02-27 12:18,M02,P016,1,0,Espèces,29.0,M,4.0
T01528,2025-02-27 12:35,M01,P001,3,0,Espèces,23.0,M,5.0
T01529,2025-02-27 12:47,M01,P018,3,5,Espèces,44.0,M,5.0
T01530,2025-02-27 12:50,M01,P001,1,5,Espèces,40.0,M,4.0
T01531,2025-02-27 12:56,M06,P002,3,0,Espèces,33.0,F,3.0
T01532,2025-02-27 13:08,M04,P017,5,5,Mobile Money,52.0,F,2.0
T01533,2025-02-27 13:10,M04,P006,2,0,Mobile Money,42.0,F,3.0
T01534,2025-02-27 13:18,M01,P008,3,10,Espèces,31.0,F,5.0
T01535,2025-02-27 14:00,M01,P021,1,0,Espèces,18.0,M,5.0
T01536,2025-02-27 15:23,M06,P010,1,0,Espèces,32.0,M,5.0
T01537,2025-02-27 15:36,M01,P003,1,0,Espèces,27.0,M,5.0
T01538,2025-02-27 16:30,M05,P013,1,0,Espèces,30.0,F,3.0
T01539,2025-02-27 17:21,M03,P014,4,0,Espèces,19.0,F,3.0
T01540,2025-02-27 17:24,M02,P001,2,10,Espèces,29.0,M,3.0
T01541,2025-02-27 17:27,M01,P007,2,0,Mobile Money,21.0,M,3.0
T01542,2025-02-27 17:33,M01,P021,1,0,Espèces,18.0,M,2.0
T01543,2025-02-27 17:41,M06,P014,1,0,Espèces,50.0,M,2.0
T01544,2025-02-27 18:09,M03,P006,4,0,Espèces,54.0,F,3.0
T01545,2025-02-27 18:14,M04,P015,3,0,Espèces,41.0,M,1.0
T01546,2025-02-27 18:21,M05,P011,3,0,Espèces,31.0,M,4.0
T01547,2025-02-27 20:23,M02,P004,5,0,Mobile Money,37.0,M,2.0
T01548,2025-02-27 20:25,M04,P005,4,0,Mobile Money,37.0,M,2.0
T01549,2025-02-28 11:19,M03,P011,3,0,Mobile Money,29.0,M,4.0
T01550,2025-02-28 12:22,M05,P004,2,10,Mobile Money,36.0,F,3.0
T01551,2025-02-28 12:48,M04,P002,1,5,Espèces,38.0,F,2.0
T01552,2025-02-28 12:54,M02,P008,3,0,Espèces,37.0,M,4.0
T01553,2025-02-28 13:08,M01,P006,7,10,mobile money,41.0,F,4.0
T01554,2025-02-28 13:21,M02,P012,2,0,Mobile Money,27.0,M,4.0
T01555,2025-02-28 13:58,M01,P024,1,0,Espèces,34.0,F,4.0
T01556,2025-02-28 14:44,M04,P014,2,0,Espèces,39.0,F,3.0
T01557,2025-02-28 15:22,M02,P012,1,0,Carte,25.0,F,3.0
T01558,2025-02-28 15:34,M02,P009,2,0,Espèces,20.0,M,3.0
T01559,2025-02-28 16:22,M02,P015,2,0,Espèces,36.0,F,3.0
T01560,2025-02-28 16:45,M03,P007,3,0,Espèces,48.0,F,3.0
T01561,2025-02-28 17:26,M06,P014,3,0,Mobile Money,30.0,F,4.0
T01562,2025-02-28 17:40,M01,P004,2,0,Mobile Money,26.0,F,4.0
T01563,2025-02-28 17:43,M01,P004,2,0,Espèces,41.0,F,4.0
T01564,2025-02-28 18:02,M04,P006,2,5,Espèces,18.0,M,3.0
T01565,2025-02-28 18:43,M02,P006,1,0,Mobile Money,37.0,F,4.0
T01566,2025-02-28 19:26,M02,P006,2,0,Carte,34.0,F,4.0
T01567,2025-03-01 09:55,M03,P003,5,10,Carte,34.0,F,2.0
T01568,2025-03-01 10:12,M02,P012,2,0,Mobile Money,36.0,F,5.0
T01569,2025-03-01 11:13,M03,P018,3,0,Espèces,29.0,F,4.0
T01570,2025-03-01 11:28,M06,P011,1,0,Espèces,38.0,F,5.0
T01571,2025-03-01 11:54,M01,P006,3,10,Espèces,34.0,M,4.0
T01572,2025-03-01 12:11,M05,P010,3,0,Espèces,29.0,F,3.0
T01573,2025-03-01 12:12,M02,P022,1,0,Espèces,31.0,F,4.0
T01574,2025-03-01 12:16,M01,P009,3,0,Carte,43.0,F,4.0
T01575,2025-03-01 12:49,M05,P012,6,5,Espèces,,F,2.0
T01576,2025-03-01 13:11,M02,P016,3,0,Espèces,54.0,M,3.0
T01577,2025-03-01 13:22,M02,P022,1,0,Mobile Money,24.0,F,4.0
T01578,2025-03-01 13:38,M01,P020,1,0,Espèces,31.0,M,4.0
T01579,2025-03-01 13:40,M04,P007,2,0,Espèces,34.0,F,5.0
T01580,2025-03-01 13:46,M05,P027,1,0,Espèces,34.0,M,5.0
T01581,2025-03-01 13:48,M02,P014,3,0,Espèces,28.0,F,4.0
T01582,2025-03-01 15:59,M05,P010,1,0,Espèces,46.0,F,3.0
T01583,2025-03-01 16:26,M01,P016,2,5,Mobile Money,25.0,M,2.0
T01584,2025-03-01 16:26,M01,P014,1,0,Mobile Money,44.0,F,4.0
T01585,2025-03-01 16:28,M04,P005,3,0,Espèces,54.0,M,2.0
T01586,2025-03-01 16:31,M02,P011,3,0,Espèces,29.0,M,3.0
T01587,2025-03-01 17:09,M02,P005,1,5,Espèces,34.0,M,3.0
T01588,2025-03-01 17:10,M01,P015,2,0,Espèces,19.0,M,3.0
T01589,2025-03-01 17:16,M02,P012,2,0,Espèces,42.0,M,4.0
T01590,2025-03-01 17:40,M02,P004,1,0,Mobile Money,,F,4.0
T01591,2025-03-01 17:42,M05,P002,1,5,Espèces,21.0,F,4.0
T01592,2025-03-01 17:51,M05,P020,1,5,Espèces,20.0,M,4.0
T01593,2025-03-01 17:55,M01,P004,3,0,Espèces,38.0,F,1.0
T01594,2025-03-01 18:02,M05,P006,5,15,Mobile Money,41.0,F,5.0
T01595,2025-03-01 18:09,M03,P012,7,0,Mobile Money,23.0,M,3.0
T01596,2025-03-01 18:22,M01,P008,1,0,Espèces,48.0,M,3.0
T01597,2025-03-01 18:39,M04,P022,1,0,Espèces,23.0,M,3.0
T01598,2025-03-01 18:42,M05,P027,1,0,Carte,36.0,F,4.0
T01599,2025-03-01 19:08,M03,P023,1,5,Espèces,23.0,M,4.0
T01600,2025-03-01 19:10,M01,P016,1,0,Espèces,47.0,F,4.0
T01601,2025-03-01 19:16,M06,P002,2,0,Carte,54.0,M,3.0
T01602,2025-03-01 19:34,M05,P011,3,5,Espèces,40.0,M,3.0
T01603,2025-03-01 19:42,M02,P004,5,0,Mobile Money,28.0,F,2.0
T01604,2025-03-01 19:56,M02,P002,2,5,especes,42.0,F,5.0
T01605,2025-03-01 21:07,M05,P010,2,0,Espèces,33.0,M,3.0
T01606,2025-03-02 09:06,M05,P006,2,0,Espèces,35.0,M,4.0
T01607,2025-03-02 09:35,M05,P022,1,0,Espèces,26.0,F,4.0
T01608,2025-03-02 11:11,M01,P003,2,0,Espèces,28.0,M,5.0
T01609,2025-03-02 12:03,M04,P016,1,0,Carte,38.0,F,3.0
T01610,2025-03-02 12:28,M05,P027,1,0,Espèces,56.0,F,5.0
T01611,2025-03-02 12:37,M01,P017,5,0,Mobile Money,22.0,F,3.0
T01612,2025-03-02 12:54,M01,P004,2,0,Mobile Money,43.0,F,4.0
T01613,2025-03-02 12:58,M01,P014,4,10,Espèces,20.0,F,3.0
T01614,2025-03-02 13:04,M06,P004,4,0,Espèces,30.0,F,4.0
T01615,2025-03-02 13:24,M02,P010,4,0,Espèces,32.0,M,4.0
T01616,2025-03-02 13:32,M04,P001,2,0,Espèces,37.0,M,1.0
T01617,2025-03-02 14:02,M02,P016,1,0,Espèces,40.0,F,5.0
T01618,2025-03-02 14:05,M03,P020,1,0,Espèces,21.0,F,4.0
T01619,2025-03-02 14:12,M01,P008,7,10,Espèces,28.0,F,4.0
T01620,2025-03-02 15:17,M02,P018,2,0,Espèces,47.0,F,3.0
T01621,2025-03-02 15:44,M05,P010,2,0,Espèces,40.0,F,4.0
T01622,2025-03-02 15:49,M05,P022,1,0,Espèces,27.0,F,3.0
T01624,2025-03-02 16:22,M01,P016,2,0,Carte,35.0,F,2.0
T01623,2025-03-02 16:22,M05,P009,2,0,Espèces,33.0,F,3.0
T01625,2025-03-02 16:45,M01,P010,4,10,Carte,28.0,M,4.0
T01626,2025-03-02 17:00,M01,P011,4,0,Espèces,28.0,F,5.0
T01627,2025-03-02 17:22,M02,P003,3,0,Espèces,36.0,F,4.0
T01628,2025-03-02 17:29,M01,P014,6,10,Espèces,32.0,M,3.0
T01629,2025-03-02 17:39,M01,P014,3,0,Mobile Money,23.0,F,3.0
T01630,2025-03-02 18:00,M03,P013,1,0,Espèces,27.0,F,3.0
T01631,2025-03-02 18:06,M01,P014,1,0,Espèces,23.0,M,5.0
T01632,2025-03-02 18:25,M02,P027,1,0,Carte,37.0,F,3.0
T01633,2025-03-02 18:28,M01,P014,2,0,Mobile Money,46.0,F,5.0
T01634,2025-03-02 18:33,M01,P015,1,5,Espèces,43.0,M,3.0
T01635,2025-03-02 18:35,M02,P009,3,0,Mobile Money,34.0,M,3.0
T01636,2025-03-02 18:48,M01,P011,3,0,Espèces,35.0,F,4.0
T01637,2025-03-02 19:20,M02,P017,4,0,Espèces,41.0,M,4.0
T01638,2025-03-02 19:23,M06,P014,3,10,Espèces,43.0,M,4.0
T01639,2025-03-02 19:38,M04,P001,3,0,Espèces,39.0,F,3.0
T01640,2025-03-02 20:58,M02,P012,2,10,Espèces,44.0,M,2.0
T01641,2025-03-03 08:51,M02,P009,6,10,Espèces,30.0,F,3.0
T01642,2025-03-03 11:12,M01,P025,1,0,Espèces,51.0,M,1.0
T01643,2025-03-03 11:16,M03,P003,2,0,Espèces,47.0,F,4.0
T01644,2025-03-03 11:56,M01,P005,2,0,Mobile Money,49.0,F,5.0
T01645,2025-03-03 11:59,M03,P024,1,0,Espèces,30.0,M,3.0
T01646,2025-03-03 12:02,M02,P024,1,0,Mobile Money,24.0,F,2.0
T01647,2025-03-03 12:54,M01,P013,4,0,Espèces,26.0,F,4.0
T01648,2025-03-03 13:30,M03,P014,1,0,Espèces,30.0,F,4.0
T01649,2025-03-03 13:41,M05,P015,4,0,Mobile Money,54.0,F,3.0
T01650,2025-03-03 14:06,M02,P004,3,10,Carte,44.0,M,2.0
T01651,2025-03-03 14:31,M03,P007,1,0,Espèces,17.0,F,5.0
T01652,2025-03-03 15:06,M05,P012,4,0,Espèces,17.0,F,4.0
T01653,2025-03-03 15:20,M05,P012,1,0,Mobile Money,24.0,F,4.0
T01654,2025-03-03 15:54,M01,P011,3,0,Espèces,36.0,F,5.0
T01655,2025-03-03 16:43,M04,P010,1,0,Espèces,53.0,M,3.0
T01656,2025-03-03 17:40,M05,P008,2,0,Espèces,35.0,F,5.0
T01657,2025-03-03 18:07,M01,P018,5,0,Carte,48.0,F,2.0
T01658,2025-03-03 18:56,M05,P018,3,0,Espèces,45.0,M,5.0
T01659,2025-03-03 19:21,M03,P004,1,0,Espèces,24.0,F,5.0
T01660,2025-03-03 19:33,M04,P002,2,0,Espèces,49.0,M,2.0
T01661,2025-03-04 09:33,M05,P007,4,0,Espèces,49.0,M,3.0
T01662,2025-03-04 11:38,M02,P005,3,0,Espèces,25.0,M,4.0
T01663,2025-03-04 11:46,M01,P020,1,0,Espèces,26.0,F,4.0
T01664,2025-03-04 12:29,M06,P027,1,10,Espèces,16.0,M,4.0
T01665,2025-03-04 12:43,M02,P018,3,0,Espèces,28.0,F,3.0
T01666,2025-03-04 12:47,M04,P013,2,10,Mobile Money,34.0,M,3.0
T01667,2025-03-04 13:01,M03,P009,3,0,Espèces,60.0,F,3.0
T01668,2025-03-04 13:02,M02,P026,1,0,mobile money,47.0,M,3.0
T01669,2025-03-04 13:14,M01,P009,2,0,Espèces,18.0,F,5.0
T01670,2025-03-04 15:01,M01,P010,3,0,Espèces,35.0,M,5.0
T01671,2025-03-04 15:13,M03,P006,3,0,Espèces,37.0,M,3.0
T01672,2025-03-04 15:32,M01,P016,1,0,Mobile Money,29.0,F,4.0
T01673,2025-03-04 16:04,M02,P001,4,0,Espèces,31.0,F,3.0
T01674,2025-03-04 16:07,M01,P008,2,0,Espèces,28.0,F,3.0
T01675,2025-03-04 16:34,M01,P001,4,10,Espèces,39.0,M,3.0
T01676,2025-03-04 17:11,M03,P002,7,0,Mobile Money,49.0,F,4.0
T01677,2025-03-04 17:19,M04,P007,3,5,Espèces,43.0,F,3.0
T01678,2025-03-04 17:30,M06,P002,4,15,Espèces,30.0,F,3.0
T01679,2025-03-04 17:33,M06,P004,2,0,Mobile Money,38.0,F,3.0
T01680,2025-03-04 17:39,M04,P013,2,5,Espèces,42.0,F,4.0
T01681,2025-03-04 18:05,M01,P001,1,0,Mobile Money,37.0,M,5.0
T01682,2025-03-04 18:08,M02,P025,1,0,Mobile Money,31.0,F,5.0
T01683,2025-03-04 18:25,M04,P011,3,0,Espèces,30.0,F,2.0
T01684,2025-03-04 18:27,M05,P006,2,0,Mobile Money,42.0,M,4.0
T01685,2025-03-04 18:40,M03,P005,6,0,Mobile Money,38.0,F,3.0
T01686,2025-03-04 18:58,M01,P001,1,0,Espèces,53.0,F,2.0
T01687,2025-03-04 19:10,M05,P004,2,0,Carte,38.0,M,5.0
T01688,2025-03-04 19:26,M02,P025,1,0,Mobile Money,50.0,M,3.0
T01689,2025-03-05 09:09,M04,P007,2,0,Carte,42.0,M,2.0
T01690,2025-03-05 11:03,M04,P004,2,0,Espèces,34.0,F,2.0
T01691,2025-03-05 11:18,M06,P017,3,0,Espèces,21.0,F,5.0
T01692,2025-03-05 11:26,M06,P003,4,0,Espèces,54.0,F,3.0
T01693,2025-03-05 11:29,M02,P014,2,0,Mobile Money,16.0,F,2.0
T01694,2025-03-05 11:38,M01,P001,1,5,Carte,17.0,M,4.0
T01695,2025-03-05 12:44,M02,P009,2,10,Mobile Money,27.0,M,3.0
T01696,2025-03-05 12:47,M03,P012,2,0,Espèces,36.0,M,2.0
T01697,2025-03-05 13:41,M04,P012,2,0,Espèces,31.0,M,1.0
T01698,2025-03-05 13:52,M06,P004,2,0,Mobile Money,23.0,M,3.0
T01699,2025-03-05 14:54,M06,P001,1,0,Espèces,48.0,M,4.0
T01700,2025-03-05 15:27,M04,P014,1,5,Mobile Money,29.0,M,2.0
T01701,2025-03-05 16:09,M02,P004,3,0,Espèces,28.0,F,3.0
T01702,2025-03-05 16:41,M01,P011,3,0,Espèces,31.0,M,3.0
T01703,2025-03-05 16:46,M01,P018,1,0,Carte,24.0,F,4.0
T01704,2025-03-05 16:57,M05,P016,3,0,Mobile Money,55.0,M,4.0
T01705,2025-03-05 17:05,M01,P011,4,0,Espèces,24.0,F,4.0
T01706,2025-03-05 17:18,M01,P009,2,5,Mobile Money,29.0,M,3.0
T01707,2025-03-05 17:46,M03,P001,3,0,Espèces,38.0,M,5.0
T01708,2025-03-05 18:13,M03,P010,2,0,Espèces,19.0,M,2.0
T01709,2025-03-05 19:12,M04,P006,2,0,especes,34.0,M,3.0
T01710,2025-03-05 19:18,M01,P011,2,0,Mobile Money,38.0,M,4.0
T01711,2025-03-05 20:26,M05,P023,1,0,Mobile Money,29.0,F,2.0
T01712,2025-03-05 20:37,M01,P003,1,10,Carte,,M,3.0
T01713,2025-03-05 21:23,M01,P014,3,0,Carte,28.0,F,4.0
T01714,2025-03-06 12:20,M04,P008,2,0,Mobile Money,21.0,M,4.0
T01715,2025-03-06 12:39,M05,P012,4,15,Espèces,21.0,M,2.0
T01716,2025-03-06 12:45,M01,P013,2,0,Carte,35.0,F,3.0
T01717,2025-03-06 12:49,M02,P024,1,0,Mobile Money,53.0,F,2.0
T01718,2025-03-06 12:49,M04,P012,2,0,Espèces,35.0,F,3.0
T01719,2025-03-06 13:12,M02,P012,1,0,Espèces,28.0,F,3.0
T01720,2025-03-06 13:26,M03,P013,1,0,Mobile Money,18.0,F,5.0
T01721,2025-03-06 13:29,M02,P002,1,0,Mobile Money,37.0,F,3.0
T01722,2025-03-06 13:36,M01,P005,3,0,Mobile Money,32.0,M,4.0
T01723,2025-03-06 13:59,M03,P025,1,0,Espèces,31.0,F,3.0
T01724,2025-03-06 14:02,M04,P004,1,0,Espèces,17.0,F,2.0
T01725,2025-03-06 14:58,M04,P022,1,0,Espèces,29.0,M,4.0
T01726,2025-03-06 15:17,M06,P004,1,0,Espèces,39.0,M,4.0
T01727,2025-03-06 16:30,M06,P007,2,0,Espèces,29.0,M,2.0
T01728,2025-03-06 16:54,M03,P007,3,0,Carte,28.0,F,4.0
T01729,2025-03-06 17:36,M01,P018,3,0,Mobile Money,27.0,M,5.0
T01730,2025-03-06 17:44,M01,P009,5,5,Espèces,23.0,M,4.0
T01731,2025-03-06 18:31,M01,P014,2,0,Espèces,20.0,F,3.0
T01732,2025-03-06 19:19,M03,P015,2,0,Mobile Money,31.0,M,4.0
T01733,2025-03-06 20:26,M06,P022,1,0,Mobile Money,20.0,F,4.0
T01734,2025-03-07 09:59,M06,P018,2,0,Espèces,25.0,F,3.0
T01735,2025-03-07 10:27,M03,P024,1,5,Espèces,42.0,F,2.0
T01736,2025-03-07 11:43,M02,P002,2,0,Espèces,38.0,F,4.0
T01737,2025-03-07 12:07,M03,P009,3,0,Espèces,40.0,M,5.0
T01738,2025-03-07 12:36,M05,P006,2,0,Espèces,53.0,M,5.0
T01739,2025-03-07 12:43,M05,P013,1,5,Espèces,31.0,F,4.0
T01740,2025-03-07 13:58,M02,P008,3,0,Espèces,27.0,M,5.0
T01741,2025-03-07 14:18,M03,P008,1,0,Carte,16.0,M,4.0
T01742,2025-03-07 14:25,M06,P014,2,0,Mobile Money,38.0,M,4.0
T01743,2025-03-07 14:34,M01,P008,3,0,Espèces,42.0,F,1.0
T01744,2025-03-07 15:32,M02,P009,1,0,Espèces,43.0,F,4.0
T01745,2025-03-07 15:49,M04,P003,1,0,Espèces,34.0,M,5.0
T01746,2025-03-07 15:58,M01,P006,1,0,Mobile Money,42.0,M,3.0
T01747,2025-03-07 16:03,M05,P010,3,0,Espèces,16.0,M,4.0
T01748,2025-03-07 16:53,M04,P019,1,0,Espèces,,M,2.0
T01749,2025-03-07 17:06,M02,P001,1,0,Mobile Money,43.0,M,3.0
T01750,2025-03-07 17:26,M03,P009,4,0,Espèces,23.0,F,4.0
T01751,2025-03-07 17:44,M02,P004,3,5,Espèces,40.0,M,4.0
T01752,2025-03-07 18:01,M03,P015,2,0,Espèces,18.0,F,4.0
T01753,2025-03-07 18:02,M02,P009,2,0,Espèces,39.0,F,3.0
T01754,2025-03-07 18:20,M01,P012,2,10,Carte,24.0,F,5.0
T01755,2025-03-07 18:21,M06,P005,2,0,Mobile Money,23.0,M,3.0
T01756,2025-03-07 18:25,M02,P013,2,0,Carte,35.0,F,4.0
T01757,2025-03-07 19:49,M01,P009,2,0,Carte,26.0,F,5.0
T01758,2025-03-07 20:00,M01,P003,4,10,Mobile Money,27.0,F,2.0
T01759,2025-03-07 20:31,M01,P001,5,0,Espèces,35.0,M,2.0
T01760,2025-03-07 21:06,M01,P015,4,0,Espèces,34.0,F,4.0
T01761,2025-03-08 10:24,M03,P012,2,0,Mobile Money,16.0,M,5.0
T01762,2025-03-08 10:44,M01,P002,3,10,Espèces,21.0,M,4.0
T01763,2025-03-08 10:54,M04,P006,3,0,Mobile Money,21.0,F,4.0
T01764,2025-03-08 11:58,M03,P015,3,0,Espèces,28.0,F,3.0
T01765,2025-03-08 12:04,M03,P010,1,0,Espèces,27.0,M,3.0
T01766,2025-03-08 12:16,M02,P008,3,10,Mobile Money,23.0,F,3.0
T01767,2025-03-08 12:38,M05,P009,3,5,Espèces,41.0,F,4.0
T01768,2025-03-08 12:39,M06,P005,2,0,Mobile Money,30.0,F,3.0
T01769,2025-03-08 12:43,M03,P002,2,0,Espèces,41.0,F,4.0
T01770,2025-03-08 13:02,M02,P001,1,5,Espèces,41.0,M,3.0
T01771,2025-03-08 13:12,M03,P006,3,0,Espèces,21.0,F,5.0
T01772,2025-03-08 13:29,M04,P011,2,0,Espèces,32.0,F,3.0
T01773,2025-03-08 13:33,M05,P003,3,0,Espèces,16.0,M,2.0
T01774,2025-03-08 13:45,M01,P009,4,0,Mobile Money,36.0,M,2.0
T01775,2025-03-08 14:59,M05,P006,4,15,Espèces,56.0,F,3.0
T01776,2025-03-08 15:22,M04,P020,1,0,Mobile Money,41.0,M,2.0
T01777,2025-03-08 15:30,M06,P025,1,10,Espèces,16.0,M,2.0
T01778,2025-03-08 15:39,M01,P013,4,0,Carte,33.0,M,5.0
T01779,2025-03-08 15:43,M06,P007,1,5,Espèces,41.0,F,4.0
T01780,2025-03-08 15:57,M05,P016,2,0,Espèces,39.0,F,5.0
T01781,2025-03-08 16:30,M01,P025,1,0,Espèces,41.0,M,5.0
T01782,2025-03-08 16:36,M03,P007,4,5,Espèces,26.0,F,4.0
T01783,2025-03-08 16:44,M01,P014,5,0,Mobile Money,33.0,M,4.0
T01784,2025-03-08 16:59,M03,P001,2,0,Espèces,20.0,F,5.0
T01785,2025-03-08 17:09,M03,P012,3,0,Espèces,41.0,M,4.0
T01786,2025-03-08 17:11,M03,P003,3,0,Espèces,16.0,F,4.0
T01787,2025-03-08 17:30,M01,P001,3,5,Espèces,39.0,M,5.0
T01788,2025-03-08 17:43,M05,P007,4,10,Mobile Money,38.0,F,3.0
T01789,2025-03-08 17:51,M02,P001,4,10,Mobile Money,37.0,F,3.0
T01790,2025-03-08 17:56,M02,P002,2,0,Carte,32.0,M,5.0
T01791,2025-03-08 18:07,M02,P025,1,0,Mobile Money,34.0,F,4.0
T01792,2025-03-08 18:16,M05,P012,2,0,Mobile Money,32.0,M,4.0
T01793,2025-03-08 18:21,M02,P011,3,10,Mobile Money,37.0,M,3.0
T01794,2025-03-08 18:26,M02,P009,2,10,Espèces,30.0,M,4.0
T01795,2025-03-08 18:32,M06,P003,4,0,Espèces,34.0,F,4.0
T01796,2025-03-08 18:35,M03,P010,1,0,Espèces,30.0,F,3.0
T01797,2025-03-08 18:39,M05,P002,2,0,Mobile Money,27.0,M,4.0
T01798,2025-03-08 18:54,M06,P002,3,5,Espèces,27.0,F,3.0
T01799,2025-03-08 18:57,M01,P013,2,0,Carte,20.0,F,4.0
T01800,2025-03-08 19:15,M02,P010,4,0,Espèces,16.0,M,4.0
T01801,2025-03-08 19:17,M02,P014,4,0,Espèces,33.0,F,3.0
T01802,2025-03-08 19:18,M05,P009,7,0,Carte,48.0,M,5.0
T01803,2025-03-08 19:31,M04,P012,4,0,Espèces,38.0,F,3.0
T01804,2025-03-08 19:48,M06,P026,1,0,Espèces,41.0,F,3.0
T01805,2025-03-08 21:26,M04,P007,4,0,Espèces,16.0,F,2.0
T01806,2025-03-09 09:16,M03,P004,2,0,Espèces,36.0,M,3.0
T01807,2025-03-09 10:01,M06,P012,1,5,Espèces,21.0,M,4.0
T01808,2025-03-09 11:14,M03,P027,1,0,Mobile Money,43.0,M,5.0
T01809,2025-03-09 11:57,M06,P027,1,0,Mobile Money,27.0,M,4.0
T01810,2025-03-09 12:22,M01,P009,5,5,Mobile Money,18.0,M,4.0
T01811,2025-03-09 12:35,M03,P021,1,0,Espèces,27.0,F,5.0
T01812,2025-03-09 13:04,M03,P011,4,0,Espèces,37.0,F,3.0
T01813,2025-03-09 13:26,M05,P002,1,0,Mobile Money,23.0,M,2.0
T01814,2025-03-09 13:54,M03,P011,1,0,Espèces,34.0,M,4.0
T01815,2025-03-09 14:28,M01,P025,1,0,Carte,26.0,F,4.0
T01816,2025-03-09 14:57,M01,P001,4,5,Mobile Money,32.0,M,5.0
T01817,2025-03-09 15:56,M01,P006,3,0,Espèces,29.0,M,3.0
T01818,2025-03-09 15:58,M02,P024,1,0,Espèces,29.0,F,4.0
T01819,2025-03-09 16:19,M02,P007,3,0,Mobile Money,47.0,F,2.0
T01820,2025-03-09 16:52,M06,P010,2,10,Espèces,28.0,M,4.0
T01821,2025-03-09 17:21,M01,P007,1,5,Espèces,32.0,M,5.0
T01822,2025-03-09 17:23,M01,P006,3,0,Espèces,16.0,F,2.0
T01823,2025-03-09 17:34,M03,P016,5,0,especes,47.0,F,4.0
T01824,2025-03-09 17:39,M01,P001,1,0,Mobile Money,29.0,F,3.0
T01825,2025-03-09 17:56,M03,P010,3,5,Espèces,33.0,M,3.0
T01826,2025-03-09 18:02,M03,P009,1,0,Espèces,25.0,F,4.0
T01827,2025-03-09 18:29,M01,P012,2,0,Espèces,16.0,F,3.0
T01828,2025-03-09 20:12,M03,P013,5,0,Espèces,37.0,F,3.0
T01829,2025-03-09 21:53,M04,P006,3,15,Espèces,24.0,F,2.0
T01830,2025-03-10 09:30,M01,P005,2,0,Espèces,48.0,F,4.0
T01831,2025-03-10 11:34,M01,P005,2,0,Espèces,36.0,M,3.0
T01832,2025-03-10 11:57,M01,P012,3,0,Espèces,33.0,F,3.0
T01833,2025-03-10 11:58,M01,P014,2,0,Espèces,43.0,M,4.0
T01834,2025-03-10 12:06,M06,P006,5,0,Carte,21.0,F,4.0
T01835,2025-03-10 12:11,M02,P010,3,0,Mobile Money,31.0,F,4.0
T01836,2025-03-10 12:37,M05,P005,5,0,Espèces,16.0,M,3.0
T01837,2025-03-10 13:12,M06,P001,1,0,Mobile Money,47.0,M,4.0
T01838,2025-03-10 13:19,M05,P026,1,0,Espèces,23.0,F,3.0
T01839,2025-03-10 13:56,M05,P003,2,0,Espèces,28.0,M,5.0
T01840,2025-03-10 14:33,M03,P003,3,0,Espèces,30.0,F,3.0
T01841,2025-03-10 15:36,M05,P013,1,0,Espèces,17.0,M,3.0
T01842,2025-03-10 16:00,M01,P017,4,15,Espèces,34.0,M,4.0
T01843,2025-03-10 16:27,M01,P012,5,0,Espèces,37.0,F,5.0
T01844,2025-03-10 16:31,M02,P010,2,0,Espèces,35.0,F,4.0
T01845,2025-03-10 16:41,M05,P002,2,10,Espèces,24.0,M,3.0
T01846,2025-03-10 16:50,M06,P013,1,0,Espèces,,M,4.0
T01847,2025-03-10 16:56,M03,P014,5,0,Mobile Money,44.0,M,4.0
T01848,2025-03-10 17:53,M03,P001,3,0,Espèces,31.0,M,1.0
T01849,2025-03-10 17:54,M06,P010,4,0,Espèces,38.0,F,3.0
T01850,2025-03-10 17:58,M04,P005,3,0,Mobile Money,25.0,M,2.0
T01851,2025-03-10 18:06,M06,P015,5,10,Espèces,28.0,F,3.0
T01852,2025-03-10 18:12,M02,P009,5,10,Espèces,42.0,M,2.0
T01853,2025-03-10 18:33,M03,P006,4,15,Mobile Money,36.0,M,4.0
T01854,2025-03-10 18:40,M01,P013,4,5,Espèces,16.0,M,2.0
T01855,2025-03-10 18:41,M01,P007,3,0,Mobile Money,28.0,F,3.0
T01856,2025-03-10 18:43,M01,P005,2,0,Mobile Money,25.0,M,4.0
T01857,2025-03-10 18:50,M06,P004,4,0,Mobile Money,39.0,M,4.0
T01858,2025-03-10 18:51,M05,P007,1,0,Espèces,29.0,F,5.0
T01859,2025-03-10 18:54,M02,P002,5,0,Mobile Money,41.0,F,2.0
T01860,2025-03-10 19:01,M01,P010,2,0,Mobile Money,40.0,F,4.0
T01861,2025-03-10 19:20,M04,P020,1,5,Espèces,19.0,M,3.0
T01862,2025-03-10 19:32,M01,P002,5,0,Espèces,19.0,M,3.0
T01863,2025-03-10 21:53,M03,P026,1,0,Mobile Money,20.0,M,4.0
T01864,2025-03-11 09:53,M02,P012,3,0,Mobile Money,47.0,F,4.0
T01865,2025-03-11 10:19,M01,P002,4,0,Mobile Money,56.0,M,4.0
T01866,2025-03-11 12:43,M01,P008,2,0,Espèces,22.0,F,4.0
T01867,2025-03-11 13:29,M03,P001,3,0,Mobile Money,22.0,M,4.0
T01868,2025-03-11 13:38,M06,P010,2,0,Espèces,27.0,M,4.0
T01869,2025-03-11 13:48,M03,P001,1,0,Espèces,26.0,F,4.0
T01870,2025-03-11 14:22,M04,P012,2,0,Mobile Money,30.0,F,2.0
T01871,2025-03-11 15:14,M02,P003,2,0,Espèces,39.0,F,4.0
T01872,2025-03-11 16:18,M01,P009,6,0,Mobile Money,41.0,F,5.0
T01873,2025-03-11 16:34,M02,P004,2,0,Carte,40.0,M,4.0
T01874,2025-03-11 16:39,M03,P005,4,0,Espèces,25.0,F,4.0
T01875,2025-03-11 17:10,M01,P011,3,0,Espèces,40.0,M,3.0
T01876,2025-03-11 17:28,M05,P025,1,0,Mobile Money,41.0,M,4.0
T01877,2025-03-11 17:33,M01,P014,2,0,espèces,28.0,F,5.0
T01878,2025-03-11 17:38,M04,P010,2,5,Espèces,38.0,F,2.0
T01879,2025-03-11 17:58,M06,P006,3,0,Mobile Money,21.0,F,3.0
T01880,2025-03-11 17:59,M04,P023,1,0,Mobile Money,25.0,M,3.0
T01881,2025-03-11 18:17,M02,P016,2,0,Carte,27.0,F,3.0
T01882,2025-03-11 18:43,M02,P001,3,0,Espèces,,M,2.0
T01883,2025-03-11 18:55,M01,P004,2,0,Carte,36.0,F,5.0
T01884,2025-03-11 19:23,M04,P001,2,5,Mobile Money,16.0,M,2.0
T01885,2025-03-11 19:23,M03,P007,2,15,Espèces,36.0,M,3.0
T01886,2025-03-11 19:45,M05,P002,4,0,Espèces,19.0,F,2.0
T01887,2025-03-11 19:58,M04,P010,2,0,Mobile Money,27.0,F,2.0
T01888,2025-03-11 20:18,M04,P003,4,0,Mobile Money,46.0,M,1.0
T01889,2025-03-11 20:36,M01,P001,3,0,Espèces,23.0,F,5.0
T01890,2025-03-12 10:51,M01,P018,4,5,Espèces,30.0,F,4.0
T01891,2025-03-12 13:09,M02,P014,2,0,Mobile Money,26.0,F,5.0
T01892,2025-03-12 13:12,M04,P002,3,0,Espèces,39.0,F,2.0
T01893,2025-03-12 13:32,M05,P009,3,0,Mobile Money,20.0,F,4.0
T01894,2025-03-12 14:02,M01,P004,2,0,Mobile Money,35.0,M,4.0
T01895,2025-03-12 15:25,M05,P012,2,0,Espèces,28.0,M,3.0
T01896,2025-03-12 16:46,M05,P011,2,10,Espèces,21.0,F,5.0
T01897,2025-03-12 17:06,M01,P003,3,0,Espèces,22.0,F,4.0
T01898,2025-03-12 17:09,M01,P001,4,10,Espèces,25.0,F,4.0
T01899,2025-03-12 17:12,M02,P004,6,10,Mobile Money,,F,5.0
T01900,2025-03-12 17:17,M01,P002,5,15,Carte,23.0,F,3.0
T01901,2025-03-12 17:25,M05,P007,2,15,Espèces,46.0,M,3.0
T01902,2025-03-12 17:41,M06,P005,3,0,Espèces,50.0,M,4.0
T01903,2025-03-12 18:16,M01,P009,2,0,Espèces,16.0,M,4.0
T01903,2025-03-12 18:16,M01,P009,2,0,Espèces,16.0,M,4.0
T01904,2025-03-12 18:31,M01,P007,4,0,Espèces,22.0,M,4.0
T01905,2025-03-12 18:33,M05,P019,1,0,Espèces,16.0,M,3.0
T01906,2025-03-12 18:37,M04,P009,3,0,Mobile Money,35.0,F,2.0
T01907,2025-03-12 18:54,M04,P012,4,0,Carte,21.0,F,3.0
T01908,2025-03-12 19:01,M03,P003,5,0,Espèces,30.0,F,4.0
T01909,2025-03-12 19:04,M01,P018,1,0,Espèces,20.0,F,3.0
T01910,2025-03-12 19:18,M02,P008,2,0,Espèces,24.0,M,2.0
T01911,2025-03-12 19:19,M02,P014,1,0,Espèces,19.0,F,3.0
T01912,2025-03-12 19:50,M06,P012,2,0,Espèces,16.0,F,3.0
T01913,2025-03-13 10:40,M06,P016,2,0,Mobile Money,28.0,F,3.0
T01914,2025-03-13 12:00,M03,P001,2,0,Mobile Money,42.0,F,2.0
T01915,2025-03-13 12:04,M06,P023,1,0,Espèces,23.0,F,3.0
T01916,2025-03-13 12:32,M02,P005,1,0,Espèces,35.0,F,3.0
T01917,2025-03-13 12:35,M06,P005,2,5,Mobile Money,23.0,M,3.0
T01918,2025-03-13 12:49,M02,P017,2,0,Mobile Money,44.0,M,5.0
T01919,2025-03-13 12:54,M02,P009,1,0,Espèces,32.0,F,5.0
T01920,2025-03-13 13:48,M01,P002,2,0,Mobile Money,19.0,F,4.0
T01921,2025-03-13 14:30,M01,P013,3,0,Carte,41.0,F,4.0
T01922,2025-03-13 14:50,M05,P010,3,0,Carte,19.0,M,3.0
T01923,2025-03-13 14:51,M05,P010,1,0,Espèces,39.0,M,3.0
T01925,2025-03-13 15:37,M03,P002,3,5,Espèces,45.0,F,4.0
T01924,2025-03-13 15:37,M04,P009,5,0,Espèces,24.0,M,2.0
T01926,2025-03-13 16:16,M01,P015,3,0,Espèces,42.0,M,3.0
T01927,2025-03-13 17:00,M06,P009,1,0,Mobile Money,29.0,F,5.0
T01928,2025-03-13 17:12,M02,P019,1,0,Mobile Money,19.0,M,3.0
T01929,2025-03-13 17:13,M03,P008,1,0,Espèces,35.0,F,4.0
T01930,2025-03-13 17:18,M04,P009,2,5,Mobile Money,31.0,M,3.0
T01931,2025-03-13 17:19,M04,P018,2,10,Mobile Money,43.0,F,4.0
T01932,2025-03-13 17:32,M03,P005,2,0,Espèces,48.0,F,2.0
T01933,2025-03-13 17:41,M02,P001,3,5,Mobile Money,29.0,M,2.0
T01934,2025-03-13 17:44,M03,P003,3,5,Espèces,25.0,F,4.0
T01935,2025-03-13 17:47,M06,P012,1,0,Espèces,51.0,F,3.0
T01936,2025-03-13 18:04,M01,P007,2,0,Mobile Money,32.0,F,5.0
T01937,2025-03-13 18:05,M01,P016,3,0,Espèces,37.0,F,3.0
T01938,2025-03-13 18:20,M06,P004,1,0,Espèces,27.0,M,4.0
T01939,2025-03-13 18:34,M02,P004,1,0,Mobile Money,27.0,M,3.0
T01940,2025-03-13 18:37,M02,P013,4,5,Espèces,37.0,F,2.0
T01941,2025-03-13 19:00,M02,P014,2,0,Espèces,22.0,F,3.0
T01942,2025-03-13 19:15,M02,P003,2,0,Espèces,39.0,F,2.0
T01943,2025-03-13 20:24,M04,P005,2,0,Espèces,27.0,M,4.0
T01944,2025-03-13 20:44,M03,P014,3,0,Espèces,34.0,F,4.0
T01945,2025-03-14 10:24,M06,P003,4,5,Mobile Money,31.0,F,4.0
T01946,2025-03-14 10:56,M01,P011,2,0,Espèces,36.0,F,3.0
T01947,2025-03-14 11:04,M06,P008,3,10,Mobile Money,16.0,M,3.0
T01948,2025-03-14 11:14,M03,P009,2,0,Espèces,26.0,M,5.0
T01949,2025-03-14 11:19,M04,P022,1,0,Espèces,30.0,M,2.0
T01950,2025-03-14 11:38,M01,P022,3,15,Espèces,32.0,F,4.0
T01951,2025-03-14 11:52,M04,P019,1,0,Espèces,25.0,F,2.0
T01952,2025-03-14 12:10,M01,P016,1,0,Espèces,20.0,F,3.0
T01953,2025-03-14 12:46,M04,P008,2,15,Mobile Money,38.0,F,2.0
T01954,2025-03-14 12:56,M02,P017,2,10,Carte,27.0,F,5.0
T01955,2025-03-14 13:04,M01,P012,1,0,mobile money,38.0,F,2.0
T01956,2025-03-14 13:15,M03,P012,3,0,Mobile Money,30.0,M,4.0
T01957,2025-03-14 16:19,M01,P003,1,5,Espèces,41.0,M,3.0
T01958,2025-03-14 16:44,M01,P018,1,0,Mobile Money,35.0,M,3.0
T01959,2025-03-14 17:36,M03,P006,4,0,Mobile Money,34.0,M,3.0
T01960,2025-03-14 17:45,M05,P009,3,0,Espèces,25.0,F,3.0
T01961,2025-03-14 17:53,M02,P005,4,0,Espèces,23.0,F,4.0
T01962,2025-03-14 18:02,M02,P005,3,0,Espèces,29.0,F,2.0
T01963,2025-03-14 18:05,M02,P009,1,0,Carte,30.0,F,4.0
T01964,2025-03-14 18:10,M03,P003,2,0,Mobile Money,36.0,F,4.0
T01965,2025-03-14 18:11,M03,P011,4,0,Espèces,34.0,F,4.0
T01966,2025-03-14 18:19,M01,P027,1,0,Mobile Money,36.0,F,4.0
T01967,2025-03-14 18:30,M02,P015,3,0,Carte,28.0,F,4.0
T01968,2025-03-14 18:41,M04,P026,1,0,Espèces,56.0,F,2.0
T01969,2025-03-14 21:09,M01,P018,2,0,Espèces,36.0,F,2.0
T01970,2025-03-14 21:27,M02,P009,1,0,Espèces,38.0,F,4.0
T01971,2025-03-14 21:45,M02,P012,1,0,Carte,30.0,M,3.0
T01972,2025-03-15 10:15,M01,P004,2,5,Mobile Money,26.0,F,2.0
T01973,2025-03-15 10:26,M01,P004,3,0,Carte,40.0,F,3.0
T01974,2025-03-15 10:50,M04,P020,1,0,Espèces,23.0,F,3.0
T01975,2025-03-15 10:50,M03,P009,2,15,Mobile Money,,F,5.0
T01976,2025-03-15 11:15,M02,P022,1,0,Espèces,19.0,F,3.0
T01977,2025-03-15 11:43,M03,P003,2,0,Espèces,26.0,F,4.0
T01978,2025-03-15 11:49,M01,P024,1,0,Carte,39.0,F,4.0
T01979,2025-03-15 11:52,M01,P009,2,0,Espèces,37.0,M,3.0
T01981,2025-03-15 12:26,M03,P007,5,0,Espèces,31.0,F,4.0
T01980,2025-03-15 12:26,M02,P016,2,0,Espèces,33.0,F,4.0
T01982,2025-03-15 12:42,M05,P002,1,0,Espèces,16.0,M,3.0
T01983,2025-03-15 13:03,M02,P005,1,0,Mobile Money,51.0,F,4.0
T01984,2025-03-15 14:14,M05,P010,4,0,Espèces,42.0,F,4.0
T01985,2025-03-15 14:15,M03,P008,-4,0,Espèces,45.0,F,4.0
T01986,2025-03-15 14:26,M05,P015,4,0,Mobile Money,48.0,M,3.0
T01987,2025-03-15 14:51,M01,P018,3,0,Espèces,32.0,M,4.0
T01988,2025-03-15 15:01,M04,P016,1,0,Espèces,41.0,M,4.0
T01989,2025-03-15 15:22,M06,P010,4,0,Espèces,39.0,M,4.0
T01990,2025-03-15 15:37,M03,P007,1,0,Espèces,30.0,F,3.0
T01991,2025-03-15 15:57,M03,P007,4,0,Espèces,55.0,F,1.0
T01992,2025-03-15 16:38,M03,P020,1,0,Espèces,36.0,F,2.0
T01993,2025-03-15 16:39,M02,P013,3,0,Espèces,21.0,F,3.0
T01994,2025-03-15 16:50,M03,P009,2,0,Espèces,27.0,F,5.0
T01995,2025-03-15 16:58,M04,P002,3,0,Espèces,36.0,M,4.0
T01996,2025-03-15 17:07,M01,P013,3,15,Mobile Money,21.0,M,5.0
T01997,2025-03-15 17:09,M01,P007,1,0,Espèces,40.0,F,3.0
T01998,2025-03-15 17:53,M03,P002,1,0,Espèces,30.0,M,4.0
T01999,2025-03-15 17:56,M01,P014,4,0,Mobile Money,27.0,M,4.0
T02000,2025-03-15 18:28,M03,P005,4,0,Espèces,38.0,F,3.0
T02001,2025-03-15 18:31,M02,P010,2,0,Espèces,43.0,F,4.0
T02002,2025-03-15 18:41,M04,P001,2,0,Espèces,37.0,M,3.0
T02003,2025-03-15 19:06,M02,P006,3,0,Espèces,35.0,M,2.0
T02004,2025-03-15 19:06,M05,P007,1,0,Mobile Money,46.0,F,3.0
T02005,2025-03-15 19:20,M04,P009,2,0,Espèces,25.0,M,3.0
T02006,2025-03-15 19:24,M01,P018,2,0,Espèces,33.0,M,3.0
T02007,2025-03-15 19:36,M02,P002,3,0,Mobile Money,57.0,F,1.0
T02008,2025-03-15 19:41,M02,P009,2,0,Mobile Money,46.0,M,4.0
T02009,2025-03-16 10:04,M04,P009,3,0,Espèces,26.0,F,2.0
T02010,2025-03-16 10:26,M01,P012,1,0,Mobile Money,22.0,F,3.0
T02011,2025-03-16 10:52,M03,P014,4,15,Espèces,31.0,F,5.0
T02012,2025-03-16 11:25,M01,P002,3,0,Espèces,48.0,F,4.0
T02013,2025-03-16 11:29,M01,P003,4,0,Espèces,29.0,F,4.0
T02014,2025-03-16 11:45,M06,P013,3,0,Mobile Money,41.0,M,3.0
T02015,2025-03-16 12:25,M05,P011,4,0,Espèces,21.0,M,3.0
T02016,2025-03-16 12:31,M02,P007,4,5,Mobile Money,50.0,F,4.0
T02017,2025-03-16 12:50,M01,P013,4,5,Mobile Money,24.0,M,4.0
T02018,2025-03-16 13:07,M05,P015,3,0,Espèces,16.0,F,4.0
T02019,2025-03-16 13:11,M01,P017,2,0,Carte,50.0,F,3.0
T02020,2025-03-16 14:29,M05,P011,3,15,Espèces,39.0,F,4.0
T02021,2025-03-16 14:44,M01,P006,3,0,Mobile Money,35.0,M,4.0
T02022,2025-03-16 14:47,M01,P013,3,0,Carte,25.0,F,3.0
T02023,2025-03-16 15:01,M04,P004,6,5,Espèces,23.0,F,4.0
T02024,2025-03-16 15:02,M03,P012,3,0,Espèces,30.0,M,4.0
T02025,2025-03-16 15:12,M02,P002,2,0,Espèces,44.0,F,4.0
T02026,2025-03-16 15:24,M05,P002,4,0,Espèces,39.0,M,4.0
T02027,2025-03-16 15:27,M01,P018,3,0,Mobile Money,38.0,M,5.0
T02028,2025-03-16 15:58,M05,P025,1,0,Espèces,32.0,M,3.0
T02029,2025-03-16 16:49,M01,P002,2,0,Espèces,36.0,M,3.0
T02030,2025-03-16 16:58,M05,P011,1,0,Espèces,22.0,F,3.0
T02031,2025-03-16 17:29,M02,P013,1,0,Mobile Money,40.0,F,4.0
T02031,2025-03-16 17:29,M02,P013,1,0,Mobile Money,40.0,F,4.0
T02032,2025-03-16 17:32,M01,P015,8,0,Mobile Money,31.0,F,4.0
T02033,2025-03-16 17:42,M02,P001,2,0,Mobile Money,19.0,F,2.0
T02034,2025-03-16 17:56,M05,P022,1,0,Mobile Money,16.0,M,5.0
T02035,2025-03-16 18:25,M02,P009,2,0,Espèces,45.0,M,4.0
T02036,2025-03-16 18:34,M03,P007,2,0,Mobile Money,17.0,F,3.0
T02037,2025-03-16 18:38,M03,P002,3,0,Espèces,34.0,F,4.0
T02038,2025-03-16 19:05,M05,P004,2,0,Mobile Money,60.0,F,2.0
T02039,2025-03-16 20:09,M02,P013,3,0,Mobile Money,,F,3.0
T02040,2025-03-17 12:41,M03,P011,4,0,Espèces,47.0,M,5.0
T02041,2025-03-17 12:42,M01,P004,3,0,Mobile Money,58.0,M,3.0
T02042,2025-03-17 13:01,M02,P011,2,0,Mobile Money,32.0,M,5.0
T02043,2025-03-17 13:23,M05,P015,1,0,Espèces,45.0,F,4.0
T02044,2025-03-17 14:29,M04,P009,3,0,Espèces,17.0,F,1.0
T02045,2025-03-17 15:38,M05,P016,1,0,Espèces,31.0,M,3.0
T02046,2025-03-17 16:31,M04,P005,3,10,Espèces,44.0,F,4.0
T02047,2025-03-17 16:33,M05,P004,3,0,Espèces,47.0,F,4.0
T02048,2025-03-17 16:52,M01,P013,2,0,Mobile Money,37.0,M,4.0
T02049,2025-03-17 17:18,M02,P009,1,0,Espèces,33.0,M,4.0
T02050,2025-03-17 17:26,M01,P006,1,0,Espèces,23.0,F,4.0
T02051,2025-03-17 17:50,M01,P006,3,5,Espèces,54.0,F,3.0
T02052,2025-03-17 18:28,M06,P009,1,0,carte,22.0,F,4.0
T02053,2025-03-17 18:59,M04,P016,3,0,espèces,33.0,M,3.0
T02054,2025-03-17 19:16,M03,P001,1,0,Espèces,16.0,M,4.0
T02055,2025-03-17 19:23,M02,P009,3,0,Espèces,43.0,F,4.0
T02056,2025-03-17 20:08,M05,P012,3,0,Espèces,21.0,F,4.0
T02057,2025-03-17 20:26,M05,P015,2,0,Espèces,25.0,M,4.0
T02058,2025-03-18 09:12,M03,P018,3,0,Espèces,23.0,F,5.0
T02059,2025-03-18 10:24,M01,P013,3,0,Carte,47.0,F,4.0
T02060,2025-03-18 10:59,M01,P009,2,5,Espèces,16.0,F,3.0
T02061,2025-03-18 11:11,M06,P004,2,0,Mobile Money,29.0,M,3.0
T02062,2025-03-18 11:43,M03,P015,3,0,Mobile Money,28.0,M,3.0
T02063,2025-03-18 13:05,M03,P009,2,0,Mobile Money,37.0,M,3.0
T02064,2025-03-18 13:19,M02,P024,3,10,Carte,36.0,M,1.0
T02065,2025-03-18 13:31,M03,P026,1,0,espèces,40.0,F,3.0
T02066,2025-03-18 15:15,M05,P013,5,10,Mobile Money,25.0,F,4.0
T02067,2025-03-18 15:36,M06,P014,3,0,Espèces,34.0,M,3.0
T02068,2025-03-18 16:07,M06,P019,1,0,Mobile Money,32.0,M,3.0
T02069,2025-03-18 16:12,M06,P007,3,0,Espèces,16.0,F,3.0
T02070,2025-03-18 16:54,M03,P001,7,15,Espèces,29.0,M,3.0
T02071,2025-03-18 17:09,M06,P004,2,0,Espèces,48.0,M,3.0
T02072,2025-03-18 17:29,M06,P015,2,0,Espèces,41.0,M,5.0
T02073,2025-03-18 17:45,M05,P001,3,0,Espèces,16.0,F,3.0
T02074,2025-03-18 17:49,M03,P009,1,0,Espèces,,M,5.0
T02075,2025-03-18 17:54,M06,P009,3,0,Espèces,25.0,F,4.0
T02076,2025-03-18 18:01,M02,P013,1,0,Carte,30.0,M,2.0
T02077,2025-03-18 18:11,M05,P016,1,0,Espèces,25.0,F,4.0
T02078,2025-03-18 18:23,M01,P014,1,0,Espèces,32.0,M,4.0
T02079,2025-03-18 18:31,M03,P005,3,0,Espèces,39.0,M,4.0
T02080,2025-03-18 19:17,M05,P011,3,0,Mobile Money,26.0,F,4.0
T02081,2025-03-18 19:24,M03,P004,2,0,Mobile Money,23.0,M,3.0
T02082,2025-03-18 20:18,M03,P007,1,0,Espèces,29.0,F,2.0
T02083,2025-03-19 10:28,M02,P016,6,0,Mobile Money,33.0,F,5.0
T02084,2025-03-19 10:37,M01,P014,2,0,Espèces,55.0,F,4.0
T02085,2025-03-19 10:44,M05,P013,4,10,Mobile Money,32.0,F,5.0
T02086,2025-03-19 10:45,M03,P005,2,0,Espèces,27.0,F,2.0
T02087,2025-03-19 11:37,M03,P015,2,0,Espèces,40.0,M,4.0
T02088,2025-03-19 12:06,M04,P005,2,0,Espèces,23.0,M,3.0
T02089,2025-03-19 13:27,M01,P008,5,0,Carte,26.0,F,3.0
T02090,2025-03-19 15:35,M01,P004,4,0,Carte,39.0,M,3.0
T02091,2025-03-19 16:21,M05,P019,1,0,Espèces,26.0,M,4.0
T02092,2025-03-19 17:06,M06,P025,1,0,Espèces,36.0,M,4.0
T02093,2025-03-19 17:12,M03,P006,5,10,Carte,25.0,F,4.0
T02094,2025-03-19 17:14,M01,P004,3,10,Espèces,24.0,M,4.0
T02095,2025-03-19 17:19,M01,P005,2,0,Mobile Money,38.0,F,2.0
T02096,2025-03-19 17:25,M04,P011,2,0,Espèces,16.0,F,1.0
T02097,2025-03-19 17:36,M01,P017,3,0,Espèces,47.0,M,3.0
T02098,2025-03-19 17:47,M01,P010,2,0,espèces,16.0,M,4.0
T02099,2025-03-19 17:49,M04,P009,3,5,Espèces,18.0,F,5.0
T02100,2025-03-19 17:52,M01,P005,1,0,Mobile Money,38.0,F,4.0
T02101,2025-03-19 18:26,M01,P016,2,0,Espèces,34.0,M,4.0
T02102,2025-03-19 18:28,M03,P022,1,0,Espèces,24.0,M,4.0
T02103,2025-03-19 19:00,M01,P015,2,0,Mobile Money,37.0,F,3.0
T02104,2025-03-19 19:02,M03,P010,1,0,Mobile Money,35.0,F,3.0
T02105,2025-03-19 20:10,M03,P014,3,10,Espèces,34.0,M,3.0
T02106,2025-03-20 09:10,M03,P012,2,0,Espèces,29.0,F,4.0
T02107,2025-03-20 10:12,M06,P005,3,0,Espèces,39.0,M,4.0
T02108,2025-03-20 10:50,M01,P004,2,0,Espèces,34.0,M,3.0
T02109,2025-03-20 11:20,M05,P011,3,0,Mobile Money,36.0,M,4.0
T02110,2025-03-20 11:53,M02,P004,2,0,Espèces,23.0,F,2.0
T02111,2025-03-20 12:19,M05,P025,1,0,Mobile Money,51.0,M,5.0
T02112,2025-03-20 12:33,M04,P002,2,0,Espèces,35.0,M,4.0
T02113,2025-03-20 12:39,M01,P014,5,0,Espèces,38.0,F,4.0
T02114,2025-03-20 13:06,M01,P010,8,15,Espèces,29.0,M,3.0
T02115,2025-03-20 13:15,M04,P002,3,5,Espèces,31.0,M,4.0
T02116,2025-03-20 13:46,M03,P018,3,0,Espèces,31.0,F,3.0
T02117,2025-03-20 14:50,M02,P007,2,0,Espèces,33.0,F,3.0
T02117,2025-03-20 14:50,M02,P007,2,0,Espèces,33.0,F,3.0
T02118,2025-03-20 15:47,M05,P027,1,5,Espèces,34.0,M,4.0
T02119,2025-03-20 16:22,M01,P003,5,0,Espèces,30.0,M,3.0
T02120,2025-03-20 16:36,M06,P016,4,0,Espèces,19.0,M,4.0
T02121,2025-03-20 16:55,M05,P001,3,0,Espèces,22.0,M,2.0
T02122,2025-03-20 17:33,M03,P011,5,0,Espèces,32.0,F,4.0
T02123,2025-03-20 18:02,M06,P001,4,0,Espèces,30.0,M,2.0
T02124,2025-03-20 18:29,M05,P013,3,0,Mobile Money,33.0,F,4.0
T02125,2025-03-20 19:07,M03,P001,3,0,Mobile Money,58.0,F,3.0
T02126,2025-03-20 19:28,M05,P010,-1,0,Espèces,28.0,M,4.0
T02127,2025-03-21 09:34,M04,P012,5,10,Mobile Money,22.0,F,4.0
T02128,2025-03-21 10:20,M04,P007,3,5,Espèces,22.0,F,4.0
T02129,2025-03-21 10:48,M01,P001,5,10,Espèces,30.0,F,5.0
T02130,2025-03-21 11:17,M01,P005,3,0,Espèces,38.0,F,4.0
T02131,2025-03-21 11:28,M02,P014,2,0,Espèces,33.0,M,4.0
T02132,2025-03-21 12:22,M06,P027,1,0,Mobile Money,46.0,M,3.0
T02133,2025-03-21 12:25,M01,P019,1,0,Carte,30.0,F,5.0
T02134,2025-03-21 12:27,M05,P006,4,0,Espèces,48.0,F,5.0
T02135,2025-03-21 12:47,M01,P007,1,0,Mobile Money,40.0,F,3.0
T02136,2025-03-21 13:08,M02,P021,1,0,Espèces,33.0,F,3.0
T02137,2025-03-21 13:15,M06,P022,1,15,Espèces,24.0,F,3.0
T02138,2025-03-21 13:17,M05,P009,2,0,Espèces,16.0,M,3.0
T02139,2025-03-21 13:38,M03,P011,3,0,Carte,39.0,M,4.0
T02140,2025-03-21 13:51,M02,P011,3,0,Espèces,34.0,F,5.0
T02141,2025-03-21 14:02,M02,P013,2,0,Espèces,54.0,M,4.0
T02142,2025-03-21 14:09,M02,P027,1,0,Mobile Money,19.0,F,4.0
T02143,2025-03-21 14:32,M02,P009,5,15,Espèces,44.0,F,4.0
T02144,2025-03-21 14:36,M02,P019,1,0,Espèces,38.0,F,5.0
T02145,2025-03-21 14:43,M03,P025,1,0,Espèces,46.0,F,4.0
T02146,2025-03-21 15:45,M01,P014,1,0,MoMo,34.0,F,4.0
T02147,2025-03-21 15:57,M03,P004,3,0,Espèces,16.0,F,4.0
T02148,2025-03-21 16:14,M03,P016,2,0,Espèces,36.0,F,
T02149,2025-03-21 16:49,M03,P013,5,0,Mobile Money,25.0,F,4.0
T02150,2025-03-21 16:51,M05,P003,1,0,Espèces,38.0,F,3.0
T02151,2025-03-21 16:58,M01,P012,2,0,Espèces,39.0,F,4.0
T02152,2025-03-21 17:07,M01,P024,1,0,Mobile Money,36.0,F,3.0
T02153,2025-03-21 17:12,M06,P001,2,0,Espèces,44.0,M,4.0
T02154,2025-03-21 17:21,M02,P006,2,10,Espèces,19.0,F,5.0
T02155,2025-03-21 17:26,M02,P022,1,0,Espèces,18.0,M,4.0
T02156,2025-03-21 17:29,M03,P022,1,10,Espèces,24.0,M,3.0
T02157,2025-03-21 17:38,M04,P003,2,0,Espèces,29.0,F,5.0
T02158,2025-03-21 17:43,M05,P016,1,0,Espèces,29.0,M,3.0
T02159,2025-03-21 17:46,M01,P010,2,0,Espèces,16.0,F,4.0
T02160,2025-03-21 17:58,M01,P001,2,0,Mobile Money,26.0,M,4.0
T02161,2025-03-21 18:05,M05,P016,4,0,Espèces,33.0,M,4.0
T02162,2025-03-21 18:18,M01,P015,1,0,Mobile Money,25.0,M,3.0
T02163,2025-03-21 18:44,M01,P020,3,10,Espèces,20.0,M,3.0
T02164,2025-03-21 18:51,M04,P013,4,0,Espèces,19.0,M,2.0
T02165,2025-03-21 18:53,M04,P011,3,0,Mobile Money,26.0,M,2.0
T02166,2025-03-21 19:29,M05,P006,2,0,Mobile Money,27.0,F,3.0
T02167,2025-03-21 19:41,M06,P001,1,0,Mobile Money,28.0,F,4.0
T02168,2025-03-21 19:51,M04,P007,1,0,Carte,34.0,M,1.0
T02169,2025-03-21 20:27,M05,P004,4,0,Mobile Money,16.0,M,2.0
T02170,2025-03-21 21:06,M03,P002,2,0,Espèces,53.0,F,4.0
T02171,2025-03-22 10:36,M02,P010,2,0,Espèces,31.0,F,3.0
T02172,2025-03-22 10:59,M06,P015,6,0,Espèces,19.0,F,2.0
T02173,2025-03-22 11:01,M02,P009,3,0,Mobile Money,27.0,M,1.0
T02174,2025-03-22 11:06,M02,P001,1,0,Mobile Money,51.0,F,5.0
T02175,2025-03-22 11:22,M01,P022,1,0,Espèces,16.0,M,3.0
T02176,2025-03-22 11:32,M01,P012,3,0,Mobile Money,35.0,F,3.0
T02177,2025-03-22 11:34,M01,P009,2,0,Mobile Money,19.0,F,3.0
T02178,2025-03-22 11:42,M03,P003,4,0,Mobile Money,34.0,F,4.0
T02179,2025-03-22 11:46,M05,P020,1,0,Espèces,24.0,F,3.0
T02180,2025-03-22 11:48,M03,P001,3,0,Espèces,41.0,F,3.0
T02181,2025-03-22 12:00,M03,P011,2,0,Espèces,40.0,M,4.0
T02182,2025-03-22 12:05,M03,P004,3,0,Carte,35.0,M,3.0
T02183,2025-03-22 12:19,M06,P002,3,15,Espèces,44.0,F,3.0
T02184,2025-03-22 12:27,M01,P017,3,0,Espèces,43.0,F,3.0
T02185,2025-03-22 12:31,M04,P002,3,0,Espèces,21.0,F,2.0
T02186,2025-03-22 12:56,M05,P003,1,0,Espèces,19.0,F,5.0
T02187,2025-03-22 12:58,M04,P007,1,0,Espèces,28.0,F,2.0
T02188,2025-03-22 13:10,M02,P001,1,0,Espèces,54.0,F,5.0
T02189,2025-03-22 13:18,M05,P015,2,0,Espèces,30.0,F,3.0
T02190,2025-03-22 13:46,M02,P006,3,0,Mobile Money,36.0,M,3.0
T02191,2025-03-22 13:49,M02,P022,1,5,Mobile Money,29.0,F,3.0
T02192,2025-03-22 14:14,M05,P005,1,0,Espèces,20.0,F,5.0
T02193,2025-03-22 14:30,M06,P004,4,0,Espèces,25.0,F,5.0
T02194,2025-03-22 14:55,M05,P009,2,10,Mobile Money,29.0,M,4.0
T02195,2025-03-22 15:02,M04,P002,2,5,Mobile Money,23.0,M,3.0
T02196,2025-03-22 15:03,M04,P001,2,0,Carte,23.0,M,3.0
T02197,2025-03-22 15:35,M01,P001,4,10,Espèces,29.0,M,5.0
T02198,2025-03-22 16:18,M01,P025,1,0,Espèces,31.0,F,3.0
T02199,2025-03-22 16:51,M05,P014,2,10,Espèces,26.0,M,5.0
T02200,2025-03-22 16:52,M05,P012,5,10,Mobile Money,46.0,M,2.0
T02201,2025-03-22 17:01,M03,P007,4,0,Mobile Money,24.0,M,3.0
T02202,2025-03-22 17:02,M04,P005,1,0,Espèces,45.0,M,4.0
T02203,2025-03-22 17:09,M01,P021,3,10,Espèces,27.0,F,3.0
T02204,2025-03-22 17:10,M02,P010,5,0,Espèces,25.0,M,4.0
T02205,2025-03-22 17:18,M03,P009,1,0,Espèces,44.0,F,4.0
T02206,2025-03-22 17:22,M04,P006,3,5,Mobile Money,30.0,F,3.0
T02207,2025-03-22 17:38,M04,P001,3,0,Espèces,24.0,F,2.0
T02208,2025-03-22 17:40,M04,P022,1,0,Carte,24.0,M,4.0
T02209,2025-03-22 18:08,M05,P010,3,0,Espèces,37.0,M,3.0
T02210,2025-03-22 18:08,M01,P007,4,0,Mobile Money,48.0,M,4.0
T02211,2025-03-22 18:12,M03,P014,3,0,Mobile Money,38.0,M,4.0
T02212,2025-03-22 18:21,M06,P003,2,0,Espèces,60.0,M,3.0
T02213,2025-03-22 18:22,M06,P019,1,0,Espèces,24.0,F,4.0
T02214,2025-03-22 18:38,M01,P007,2,10,Carte,43.0,F,4.0
T02215,2025-03-22 18:48,M05,P015,2,0,Mobile Money,32.0,F,4.0
T02216,2025-03-22 19:05,M02,P016,1,0,Carte,55.0,M,3.0
T02217,2025-03-22 19:23,M01,P007,3,0,Espèces,19.0,M,4.0
T02218,2025-03-22 19:24,M01,P027,1,0,Espèces,37.0,F,4.0
T02219,2025-03-22 19:54,M02,P013,3,0,Mobile Money,38.0,F,4.0
T02220,2025-03-22 20:20,M01,P004,4,0,Espèces,,M,3.0
T02221,2025-03-23 10:05,M03,P020,2,10,Carte,29.0,M,3.0
T02222,2025-03-23 12:13,M01,P002,2,0,Mobile Money,16.0,F,4.0
T02223,2025-03-23 12:20,M01,P022,1,10,Mobile Money,31.0,F,5.0
T02224,2025-03-23 12:27,M03,P022,1,0,Espèces,16.0,M,4.0
T02225,2025-03-23 12:30,M03,P011,1,0,Espèces,,F,5.0
T02226,2025-03-23 12:36,M04,P012,1,5,Espèces,37.0,M,4.0
T02227,2025-03-23 13:16,M04,P001,5,0,Mobile Money,24.0,F,3.0
T02228,2025-03-23 13:20,M06,P001,3,0,Espèces,49.0,F,4.0
T02228,2025-03-23 13:20,M06,P001,3,0,Espèces,49.0,F,4.0
T02229,2025-03-23 13:26,M04,P019,1,0,Mobile Money,33.0,F,4.0
T02230,2025-03-23 13:50,M01,P011,1,0,Espèces,44.0,F,4.0
T02231,2025-03-23 13:51,M02,P015,1,0,Espèces,45.0,M,3.0
T02232,2025-03-23 14:18,M05,P005,2,0,Espèces,51.0,M,3.0
T02233,2025-03-23 16:22,M02,P001,4,0,Espèces,35.0,F,2.0
T02234,2025-03-23 16:23,M02,P002,2,0,Mobile Money,32.0,M,4.0
T02235,2025-03-23 16:26,M01,P007,2,0,Espèces,53.0,M,3.0
T02236,2025-03-23 16:39,M04,P022,1,0,Espèces,34.0,F,3.0
T02237,2025-03-23 16:45,M02,P008,7,5,Mobile Money,38.0,F,5.0
T02238,2025-03-23 16:48,M05,P016,5,10,Espèces,24.0,F,3.0
T02239,2025-03-23 17:19,M01,P014,4,0,Mobile Money,16.0,M,3.0
T02240,2025-03-23 17:21,M03,P009,1,0,Espèces,45.0,M,3.0
T02241,2025-03-23 17:39,M01,P005,1,0,Espèces,32.0,M,5.0
T02242,2025-03-23 17:40,M05,P019,1,0,Espèces,16.0,F,4.0
T02243,2025-03-23 18:29,M01,P006,4,0,Mobile Money,19.0,F,3.0
T02244,2025-03-23 18:59,M01,P018,4,0,Mobile Money,26.0,M,3.0
T02245,2025-03-23 19:05,M01,P003,3,0,Espèces,37.0,M,5.0
T02246,2025-03-23 19:18,M05,P026,1,0,Mobile Money,34.0,F,3.0
T02247,2025-03-23 19:18,M03,P011,3,0,Espèces,37.0,F,4.0
T02248,2025-03-23 19:42,M03,P015,2,0,Espèces,28.0,F,3.0
T02249,2025-03-23 19:54,M05,P005,3,15,Espèces,,F,4.0
T02250,2025-03-23 19:57,M04,P017,3,0,Espèces,57.0,M,3.0
T02251,2025-03-24 10:20,M01,P012,3,0,Espèces,42.0,M,4.0
T02252,2025-03-24 10:40,M01,P015,4,10,Espèces,56.0,F,4.0
T02253,2025-03-24 11:42,M02,P026,1,0,Mobile Money,40.0,M,5.0
T02254,2025-03-24 11:48,M05,P012,3,0,Espèces,39.0,M,4.0
T02255,2025-03-24 12:01,M03,P014,3,0,Espèces,21.0,F,2.0
T02256,2025-03-24 12:34,M04,P002,1,0,Mobile Money,,F,4.0
T02257,2025-03-24 12:37,M04,P004,3,0,Espèces,35.0,M,3.0
T02258,2025-03-24 12:58,M04,P005,3,0,Espèces,26.0,F,4.0
T02259,2025-03-24 13:07,M01,P018,2,0,Espèces,28.0,F,3.0
T02260,2025-03-24 14:07,M06,P004,3,0,Espèces,42.0,M,3.0
T02261,2025-03-24 15:32,M03,P014,4,0,Mobile Money,37.0,F,5.0
T02262,2025-03-24 15:32,M01,P022,1,0,Carte,16.0,M,4.0
T02263,2025-03-24 16:11,M04,P007,2,0,Espèces,35.0,F,3.0
T02264,2025-03-24 16:13,M06,P009,2,0,Carte,19.0,M,4.0
T02265,2025-03-24 16:26,M05,P003,3,15,Mobile Money,36.0,M,4.0
T02266,2025-03-24 16:37,M04,P004,3,0,Espèces,41.0,M,4.0
T02267,2025-03-24 16:43,M06,P010,2,0,Espèces,20.0,F,3.0
T02268,2025-03-24 16:54,M06,P011,3,5,Mobile Money,39.0,M,3.0
T02269,2025-03-24 17:06,M04,P007,3,0,Mobile Money,46.0,F,3.0
T02270,2025-03-24 17:08,M04,P027,1,5,Espèces,17.0,F,3.0
T02271,2025-03-24 17:23,M03,P005,3,0,Espèces,16.0,F,1.0
T02272,2025-03-24 17:24,M03,P012,5,0,Espèces,32.0,M,5.0
T02273,2025-03-24 17:25,M01,P009,1,0,Espèces,39.0,F,4.0
T02274,2025-03-24 17:40,M03,P001,3,5,Mobile Money,33.0,M,3.0
T02275,2025-03-24 17:46,M01,P009,3,0,Mobile Money,29.0,M,4.0
T02276,2025-03-24 18:08,M04,P007,4,0,Espèces,47.0,F,2.0
T02277,2025-03-24 18:12,M04,P002,4,5,Espèces,32.0,F,1.0
T02278,2025-03-24 18:25,M01,P002,6,15,Espèces,29.0,F,3.0
T02279,2025-03-24 18:35,M01,P002,3,0,Espèces,28.0,F,3.0
T02280,2025-03-24 18:48,M03,P014,2,0,Mobile Money,34.0,F,4.0
T02281,2025-03-24 18:49,M06,P023,1,0,Espèces,28.0,M,3.0
T02282,2025-03-24 19:05,M02,P012,4,0,Mobile Money,16.0,F,4.0
T02283,2025-03-24 19:06,M03,P007,1,10,Espèces,24.0,F,4.0
T02284,2025-03-24 19:11,M02,P004,2,0,Espèces,55.0,F,4.0
T02285,2025-03-24 19:15,M06,P015,4,5,Espèces,27.0,M,5.0
T02286,2025-03-24 19:23,M01,P003,3,0,Mobile Money,40.0,F,3.0
T02287,2025-03-24 19:29,M03,P005,1,0,Mobile Money,43.0,M,2.0
T02288,2025-03-24 20:00,M04,P024,1,0,Espèces,29.0,F,2.0
T02289,2025-03-24 20:18,M02,P010,3,0,Mobile Money,34.0,M,2.0
T02290,2025-03-24 21:07,M05,P016,1,0,Mobile Money,23.0,F,4.0
T02291,2025-03-25 10:27,M03,P014,2,5,Mobile Money,37.0,M,4.0
T02292,2025-03-25 11:31,M02,P007,4,0,Espèces,53.0,M,4.0
T02293,2025-03-25 15:28,M04,P004,1,0,Mobile Money,38.0,F,2.0
T02294,2025-03-25 15:34,M01,P006,1,0,Carte,24.0,F,4.0
T02295,2025-03-25 15:36,M01,P014,3,0,Carte,28.0,F,4.0
T02296,2025-03-25 16:08,M03,P006,5,0,Espèces,28.0,M,5.0
T02297,2025-03-25 16:41,M02,P009,5,0,Mobile Money,54.0,M,4.0
T02298,2025-03-25 16:48,M04,P023,1,0,Espèces,23.0,F,4.0
T02299,2025-03-25 17:17,M02,P007,3,0,Mobile Money,22.0,F,2.0
T02300,2025-03-25 17:23,M01,P004,1,0,Carte,18.0,F,5.0
T02301,2025-03-25 17:25,M02,P009,2,0,Carte,36.0,F,4.0
T02302,2025-03-25 17:31,M06,P007,1,0,Espèces,30.0,F,3.0
T02303,2025-03-25 17:33,M02,P010,2,5,Mobile Money,36.0,M,4.0
T02304,2025-03-25 17:54,M02,P002,2,0,Mobile Money,30.0,M,4.0
T02305,2025-03-25 17:59,M03,P014,3,10,Carte,24.0,F,4.0
T02306,2025-03-25 18:16,M01,P008,2,0,Mobile Money,30.0,F,5.0
T02307,2025-03-25 18:37,M02,P003,5,15,Espèces,16.0,F,4.0
T02308,2025-03-25 18:41,M03,P007,3,0,Carte,26.0,F,5.0
T02309,2025-03-25 18:42,M02,P005,5,0,Espèces,33.0,M,3.0
T02310,2025-03-25 19:12,M02,P002,4,0,Espèces,29.0,F,3.0
T02311,2025-03-25 19:20,M03,P004,5,10,Mobile Money,39.0,F,3.0
T02312,2025-03-25 19:53,M02,P003,5,0,Mobile Money,35.0,M,4.0
T02313,2025-03-26 09:49,M03,P012,2,10,Mobile Money,27.0,M,4.0
T02314,2025-03-26 11:57,M05,P004,2,0,Espèces,28.0,F,4.0
T02315,2025-03-26 12:14,M03,P001,2,0,Espèces,41.0,M,4.0
T02316,2025-03-26 13:10,M04,P027,3,10,Espèces,45.0,F,3.0
T02317,2025-03-26 13:23,M01,P015,1,0,Espèces,26.0,M,4.0
T02318,2025-03-26 13:42,M03,P009,3,0,Mobile Money,34.0,F,5.0
T02319,2025-03-26 13:47,M01,P007,2,0,Espèces,23.0,M,4.0
T02321,2025-03-26 14:55,M03,P005,2,0,Mobile Money,26.0,M,5.0
T02320,2025-03-26 14:55,M06,P008,2,0,Mobile Money,25.0,M,4.0
T02322,2025-03-26 16:19,M01,P017,3,0,Espèces,30.0,F,4.0
T02323,2025-03-26 16:25,M02,P009,5,0,Mobile Money,41.0,F,4.0
T02324,2025-03-26 17:24,M05,P016,4,0,Espèces,31.0,F,4.0
T02325,2025-03-26 17:33,M01,P017,4,0,Carte,56.0,M,3.0
T02326,2025-03-26 17:47,M05,P002,1,0,Mobile Money,19.0,F,4.0
T02327,2025-03-26 18:17,M01,P008,4,10,Espèces,33.0,F,4.0
T02328,2025-03-26 18:36,M02,P010,4,0,Carte,32.0,M,4.0
T02329,2025-03-26 18:39,M04,P012,1,0,Espèces,35.0,F,2.0
T02330,2025-03-26 18:40,M05,P004,3,0,Espèces,17.0,F,5.0
T02331,2025-03-26 18:54,M03,P010,4,0,Espèces,32.0,F,5.0
T02332,2025-03-26 19:02,M02,P004,3,0,Espèces,40.0,F,4.0
T02333,2025-03-26 19:18,M04,P009,2,0,Espèces,38.0,F,1.0
T02334,2025-03-26 19:41,M03,P025,1,0,Espèces,17.0,F,3.0
T02335,2025-03-26 20:04,M06,P001,2,0,Espèces,,F,4.0
T02336,2025-03-26 20:40,M06,P013,2,0,Espèces,44.0,F,3.0
T02337,2025-03-27 09:46,M06,P016,2,0,Espèces,39.0,F,5.0
T02338,2025-03-27 10:30,M02,P007,5,10,Mobile Money,43.0,F,4.0
T02339,2025-03-27 11:13,M06,P023,1,0,Mobile Money,31.0,F,5.0
T02340,2025-03-27 11:19,M01,P003,2,0,Mobile Money,34.0,M,5.0
T02341,2025-03-27 11:28,M01,P027,1,0,Mobile Money,40.0,M,2.0
T02342,2025-03-27 12:15,M01,P001,3,0,Carte,17.0,F,5.0
T02343,2025-03-27 12:26,M03,P001,4,0,Mobile Money,65.0,M,4.0
T02344,2025-03-27 13:06,M02,P016,4,0,Espèces,27.0,M,2.0
T02345,2025-03-27 13:22,M06,P001,1,10,Espèces,44.0,F,4.0
T02347,2025-03-27 13:29,M01,P006,4,0,Mobile Money,41.0,F,2.0
T02346,2025-03-27 13:29,M06,P004,1,0,Mobile Money,37.0,M,4.0
T02348,2025-03-27 14:45,M02,P018,2,10,Espèces,38.0,M,3.0
T02349,2025-03-27 15:22,M05,P004,3,0,Espèces,23.0,F,4.0
T02350,2025-03-27 15:23,M02,P005,2,0,Carte,43.0,M,2.0
T02351,2025-03-27 15:48,M01,P002,2,0,espèces,39.0,M,3.0
T02352,2025-03-27 16:25,M01,P006,2,5,Espèces,29.0,M,3.0
T02353,2025-03-27 16:56,M02,P005,1,0,Espèces,60.0,F,2.0
T02354,2025-03-27 17:03,M03,P002,1,0,Espèces,24.0,M,5.0
T02355,2025-03-27 17:22,M04,P009,2,5,Espèces,41.0,M,3.0
T02356,2025-03-27 17:35,M01,P010,3,10,Mobile Money,28.0,M,4.0
T02357,2025-03-27 17:50,M04,P012,4,10,Espèces,48.0,M,3.0
T02358,2025-03-27 18:06,M01,P004,3,0,Espèces,31.0,M,5.0
T02359,2025-03-27 18:07,M01,P007,2,0,Carte,30.0,M,3.0
T02360,2025-03-27 18:18,M04,P015,4,0,Espèces,44.0,M,3.0
T02361,2025-03-27 18:27,M03,P010,5,0,Espèces,29.0,M,4.0
T02362,2025-03-27 18:45,M03,P014,3,0,Carte,50.0,F,4.0
T02363,2025-03-27 19:07,M01,P004,4,0,Espèces,33.0,F,4.0
T02364,2025-03-27 19:21,M04,P016,6,15,Espèces,28.0,M,1.0
T02365,2025-03-27 20:03,M02,P009,3,0,Mobile Money,41.0,F,2.0
T02366,2025-03-27 21:05,M02,P011,2,0,Espèces,28.0,M,3.0
T02367,2025-03-28 10:37,M03,P003,2,0,Espèces,35.0,M,5.0
T02368,2025-03-28 11:36,M02,P025,1,0,Mobile Money,16.0,F,5.0
T02369,2025-03-28 11:41,M01,P007,2,0,Espèces,40.0,M,3.0
T02370,2025-03-28 12:24,M01,P007,3,0,Espèces,21.0,M,5.0
T02371,2025-03-28 12:27,M04,P024,1,5,Mobile Money,19.0,M,3.0
T02372,2025-03-28 12:30,M04,P012,3,15,Espèces,27.0,M,1.0
T02373,2025-03-28 13:00,M03,P006,4,0,Mobile Money,28.0,F,3.0
T02374,2025-03-28 13:19,M02,P008,6,0,Espèces,25.0,F,2.0
T02375,2025-03-28 13:51,M03,P017,4,0,Espèces,35.0,M,4.0
T02376,2025-03-28 14:27,M03,P023,1,0,Espèces,21.0,F,4.0
T02377,2025-03-28 14:35,M05,P027,1,0,Espèces,38.0,M,2.0
T02378,2025-03-28 14:50,M03,P016,1,0,Espèces,27.0,F,5.0
T02379,2025-03-28 14:52,M01,P015,2,0,Mobile Money,36.0,M,3.0
T02380,2025-03-28 15:06,M02,P010,2,0,Carte,43.0,M,4.0
T02381,2025-03-28 15:38,M04,P009,3,0,mobile money,33.0,F,3.0
T02382,2025-03-28 15:48,M05,P011,3,0,Espèces,23.0,M,3.0
T02383,2025-03-28 16:15,M02,P005,2,0,Mobile Money,35.0,M,4.0
T02384,2025-03-28 16:24,M01,P014,2,0,Carte,50.0,F,2.0
T02385,2025-03-28 16:44,M05,P020,1,0,Mobile Money,39.0,M,4.0
T02386,2025-03-28 17:02,M04,P007,4,0,Espèces,37.0,F,2.0
T02387,2025-03-28 17:47,M03,P001,5,10,Carte,32.0,F,4.0
T02388,2025-03-28 18:26,M01,P011,4,10,Espèces,16.0,F,4.0
T02389,2025-03-28 18:44,M02,P017,2,0,Carte,16.0,F,2.0
T02390,2025-03-28 19:02,M02,P002,2,0,Mobile Money,32.0,M,3.0
T02391,2025-03-28 19:41,M01,P014,2,0,Mobile Money,16.0,F,4.0
T02392,2025-03-28 20:33,M01,P004,1,5,Espèces,41.0,F,3.0
T02393,2025-03-28 20:35,M05,P001,2,0,Espèces,40.0,F,3.0
T02394,2025-03-29 11:03,M02,P018,3,0,espèces,51.0,M,4.0
T02395,2025-03-29 12:27,M02,P007,3,0,Mobile Money,29.0,F,4.0
T02396,2025-03-29 12:41,M01,P010,1,0,Mobile Money,30.0,F,3.0
T02397,2025-03-29 13:12,M05,P004,2,0,Mobile Money,35.0,F,4.0
T02398,2025-03-29 13:26,M04,P015,6,10,Espèces,29.0,F,2.0
T02399,2025-03-29 13:34,M05,P013,3,0,Espèces,36.0,F,3.0
T02400,2025-03-29 14:17,M05,P007,4,10,Mobile Money,48.0,M,4.0
T02401,2025-03-29 14:18,M03,P003,4,0,Mobile Money,16.0,F,4.0
T02402,2025-03-29 14:34,M01,P009,3,0,Espèces,45.0,F,4.0
T02403,2025-03-29 14:56,M04,P014,3,0,Espèces,31.0,F,4.0
T02404,2025-03-29 15:36,M04,P014,1,0,Carte,34.0,F,2.0
T02405,2025-03-29 15:44,M03,P005,2,5,Mobile Money,31.0,F,3.0
T02406,2025-03-29 16:16,M01,P001,2,0,Espèces,51.0,F,5.0
T02407,2025-03-29 16:21,M04,P027,1,0,Espèces,29.0,M,2.0
T02408,2025-03-29 16:49,M01,P016,3,0,Carte,21.0,M,4.0
T02409,2025-03-29 16:49,M02,P009,6,10,Espèces,16.0,F,5.0
T02410,2025-03-29 16:59,M03,P011,3,0,Mobile Money,44.0,M,5.0
T02411,2025-03-29 17:19,M01,P010,3,0,Mobile Money,50.0,M,4.0
T02412,2025-03-29 17:24,M01,P006,3,5,Mobile Money,26.0,F,4.0
T02413,2025-03-29 17:26,M04,P015,4,0,Espèces,33.0,M,4.0
T02414,2025-03-29 17:37,M05,P012,1,0,Espèces,33.0,M,4.0
T02415,2025-03-29 18:02,M02,P009,1,0,Mobile Money,35.0,F,5.0
T02416,2025-03-29 18:06,M04,P018,5,0,Espèces,44.0,M,4.0
T02417,2025-03-29 18:31,M01,P003,3,0,Mobile Money,29.0,M,5.0
T02418,2025-03-29 18:36,M03,P007,1,0,Espèces,29.0,M,4.0
T02419,2025-03-29 18:40,M01,P020,1,0,Espèces,22.0,M,3.0
T02419,2025-03-29 18:40,M01,P020,1,0,Espèces,22.0,M,3.0
T02420,2025-03-29 18:53,M01,P015,2,0,Espèces,29.0,F,4.0
T02421,2025-03-29 19:02,M06,P011,2,0,Mobile Money,31.0,F,3.0
T02422,2025-03-29 19:03,M06,P010,2,0,Espèces,35.0,M,4.0
T02423,2025-03-29 19:42,M03,P019,1,0,Espèces,26.0,M,5.0
T02424,2025-03-29 19:49,M03,P003,2,5,mobile money,26.0,F,4.0
T02425,2025-03-29 19:55,M04,P007,2,0,Espèces,31.0,M,2.0
T02426,2025-03-29 20:11,M01,P002,6,0,Espèces,36.0,F,4.0
T02427,2025-03-29 20:20,M01,P017,2,5,Espèces,29.0,M,3.0
T02428,2025-03-29 20:21,M06,P010,4,0,Mobile Money,46.0,M,5.0
T02429,2025-03-29 21:49,M01,P009,3,0,Espèces,31.0,M,2.0
T02430,2025-03-30 11:34,M01,P017,1,0,Espèces,16.0,F,2.0
T02431,2025-03-30 11:56,M05,P005,5,0,Espèces,57.0,M,4.0
T02432,2025-03-30 12:14,M01,P011,4,0,Mobile Money,31.0,M,4.0
T02433,2025-03-30 12:45,M02,P017,2,15,Espèces,35.0,M,3.0
T02434,2025-03-30 13:11,M03,P016,1,0,Espèces,44.0,F,4.0
T02435,2025-03-30 13:12,M03,P001,2,0,Espèces,21.0,M,3.0
T02436,2025-03-30 14:00,M02,P003,1,0,Espèces,17.0,F,4.0
T02437,2025-03-30 14:26,M03,P009,4,15,Espèces,18.0,F,4.0
T02438,2025-03-30 15:11,M03,P001,3,5,Espèces,32.0,M,5.0
T02439,2025-03-30 15:54,M03,P012,1,5,Espèces,52.0,M,4.0
T02440,2025-03-30 16:02,M02,P007,3,0,Mobile Money,32.0,M,2.0
T02442,2025-03-30 16:13,M03,P010,2,0,Mobile Money,37.0,M,3.0
T02441,2025-03-30 16:13,M02,P007,4,0,Mobile Money,38.0,M,4.0
T02443,2025-03-30 16:23,M05,P018,4,0,Carte,33.0,M,4.0
T02444,2025-03-30 16:50,M02,P010,2,5,Espèces,43.0,M,4.0
T02445,2025-03-30 17:05,M03,P011,1,0,Espèces,40.0,M,4.0
T02446,2025-03-30 17:10,M01,P012,3,0,Espèces,30.0,F,4.0
T02447,2025-03-30 17:11,M04,P007,3,0,Mobile Money,49.0,M,1.0
T02448,2025-03-30 17:26,M05,P005,4,0,Espèces,30.0,M,3.0
T02449,2025-03-30 17:37,M04,P024,1,0,Mobile Money,28.0,F,3.0
T02450,2025-03-30 17:43,M01,P006,4,0,Mobile Money,29.0,M,3.0
T02451,2025-03-30 17:54,M05,P002,3,10,Espèces,27.0,F,5.0
T02453,2025-03-30 17:58,M03,P012,3,0,Carte,33.0,M,4.0
T02452,2025-03-30 17:58,M02,P020,1,0,Espèces,30.0,M,3.0
T02455,2025-03-30 18:19,M01,P011,4,0,Carte,50.0,F,4.0
T02454,2025-03-30 18:19,M01,P019,1,0,Espèces,16.0,F,4.0
T02456,2025-03-30 18:50,M01,P015,2,5,Espèces,28.0,F,4.0
T02457,2025-03-30 18:55,M02,P010,4,10,Espèces,29.0,F,5.0
T02458,2025-03-30 19:24,M01,P013,4,0,mobile money,26.0,M,3.0
T02459,2025-03-30 19:29,M05,P003,2,5,Mobile Money,37.0,F,2.0
T02460,2025-03-30 19:42,M01,P004,2,0,Espèces,26.0,F,4.0
T02462,2025-03-30 19:45,M01,P014,3,0,Espèces,16.0,M,4.0
T02461,2025-03-30 19:45,M06,P011,3,10,Espèces,40.0,F,4.0
T02463,2025-03-30 20:15,M02,P025,1,0,Espèces,26.0,M,4.0
T02465,2025-03-30 20:20,M03,P002,4,0,Espèces,24.0,M,4.0
T02464,2025-03-30 20:20,M02,P016,5,15,Espèces,36.0,F,5.0
T02466,2025-03-31 11:27,M01,P005,2,0,Mobile Money,36.0,F,5.0
T02467,2025-03-31 11:41,M03,P027,1,0,Espèces,,F,3.0
T02468,2025-03-31 11:52,M02,P021,1,0,Espèces,23.0,M,5.0
T02469,2025-03-31 12:30,M02,P020,1,0,Carte,25.0,F,3.0
T02470,2025-03-31 12:58,M04,P017,2,0,Espèces,38.0,F,4.0
T02471,2025-03-31 13:02,M01,P010,1,0,Mobile Money,39.0,F,4.0
T02472,2025-03-31 13:29,M02,P002,3,0,Mobile Money,31.0,F,2.0
T02473,2025-03-31 13:32,M06,P005,3,0,Espèces,35.0,F,4.0
T02474,2025-03-31 13:56,M03,P003,3,0,Espèces,27.0,M,4.0
T02475,2025-03-31 14:01,M03,P010,1,0,Carte,24.0,F,3.0
T02476,2025-03-31 14:39,M02,P016,3,0,Espèces,35.0,M,4.0
T02477,2025-03-31 14:54,M05,P001,3,0,Espèces,27.0,F,5.0
T02478,2025-03-31 15:59,M03,P003,3,0,Mobile Money,30.0,M,3.0
T02479,2025-03-31 16:17,M01,P004,3,0,Espèces,25.0,F,3.0
T02480,2025-03-31 17:04,M04,P012,1,0,Espèces,36.0,M,3.0
T02481,2025-03-31 17:59,M05,P002,1,0,Espèces,30.0,F,4.0
T02482,2025-03-31 18:16,M06,P025,1,0,Mobile Money,30.0,F,4.0
T02483,2025-03-31 18:18,M01,P009,2,0,Espèces,37.0,F,3.0
T02484,2025-03-31 19:27,M01,P017,2,0,Mobile Money,26.0,M,3.0
T02485,2025-03-31 19:54,M01,P024,1,0,Mobile Money,24.0,F,3.0
T02486,2025-03-31 20:04,M01,P004,3,0,Espèces,40.0,M,5.0
T02487,2025-03-31 20:48,M01,P009,2,0,Mobile Money,39.0,M,4.0
T02488,2025-03-31 20:51,M05,P019,1,5,Espèces,23.0,F,4.0
T02489,2025-04-01 11:07,M05,P006,3,0,Mobile Money,16.0,F,4.0
T02489,2025-04-01 11:07,M05,P006,3,0,Mobile Money,16.0,F,4.0
T02490,2025-04-01 11:54,M04,P005,5,0,Espèces,37.0,M,3.0
T02491,2025-04-01 12:00,M03,P022,1,0,Espèces,25.0,F,3.0
T02492,2025-04-01 12:03,M02,P015,1,0,Espèces,57.0,M,3.0
T02493,2025-04-01 12:13,M01,P011,1,0,Mobile Money,35.0,F,5.0
T02494,2025-04-01 12:20,M02,P005,4,0,Espèces,28.0,F,3.0
T02495,2025-04-01 12:38,M04,P018,1,0,Mobile Money,33.0,M,3.0
T02496,2025-04-01 13:01,M06,P011,3,0,Espèces,54.0,F,4.0
T02497,2025-04-01 13:12,M05,P003,2,0,Espèces,45.0,M,4.0
T02498,2025-04-01 13:19,M02,P016,3,5,Mobile Money,36.0,F,5.0
T02499,2025-04-01 13:33,M01,P003,3,0,Mobile Money,41.0,F,5.0
T02500,2025-04-01 14:01,M03,P016,1,0,Mobile Money,30.0,F,4.0
T02501,2025-04-01 14:59,M01,P024,1,0,Espèces,,F,4.0
T02502,2025-04-01 15:43,M03,P015,1,0,Espèces,32.0,M,3.0
T02503,2025-04-01 15:47,M05,P002,2,5,Mobile Money,45.0,M,3.0
T02504,2025-04-01 15:59,M05,P013,3,0,Espèces,23.0,M,3.0
T02505,2025-04-01 16:35,M01,P025,1,0,Mobile Money,36.0,M,5.0
T02506,2025-04-01 17:04,M05,P009,1,0,Mobile Money,43.0,F,5.0
T02507,2025-04-01 17:44,M04,P017,1,5,Mobile Money,26.0,F,2.0
T02508,2025-04-01 17:45,M03,P001,4,0,Espèces,40.0,F,5.0
T02509,2025-04-01 17:46,M02,P015,6,0,Mobile Money,33.0,F,2.0
T02510,2025-04-01 18:01,M05,P010,4,10,Espèces,16.0,M,5.0
T02511,2025-04-01 18:57,M02,P010,2,0,Espèces,31.0,M,3.0
T02512,2025-04-01 19:17,M03,P014,4,5,Mobile Money,38.0,F,3.0
T02513,2025-04-01 19:49,M01,P012,3,5,Espèces,34.0,F,3.0
T02514,2025-04-01 20:28,M04,P004,2,0,Mobile Money,31.0,F,1.0
T02515,2025-04-01 21:53,M01,P004,2,0,Espèces,35.0,M,4.0
T02516,2025-04-02 11:28,M02,P024,1,0,Espèces,27.0,M,2.0
T02517,2025-04-02 11:33,M03,P006,2,0,Espèces,37.0,F,3.0
T02518,2025-04-02 12:15,M03,P008,3,0,Espèces,22.0,M,5.0
T02519,2025-04-02 12:23,M05,P002,3,0,Mobile Money,21.0,F,5.0
T02520,2025-04-02 12:58,M04,P009,5,0,Espèces,38.0,F,3.0
T02521,2025-04-02 13:16,M03,P017,2,0,Mobile Money,45.0,M,3.0
T02522,2025-04-02 15:37,M02,P010,2,0,Mobile Money,16.0,M,4.0
T02523,2025-04-02 15:45,M06,P002,1,0,Espèces,39.0,F,4.0
T02524,2025-04-02 15:56,M01,P011,2,0,Mobile Money,51.0,F,4.0
T02525,2025-04-02 16:23,M05,P025,1,0,Espèces,30.0,M,2.0
T02526,2025-04-02 17:38,M01,P015,3,0,Espèces,35.0,M,4.0
T02527,2025-04-02 17:55,M03,P013,1,0,Mobile Money,41.0,F,3.0
T02528,2025-04-02 17:59,M03,P015,1,0,Mobile Money,36.0,M,5.0
T02529,2025-04-02 18:29,M03,P007,3,15,Espèces,32.0,M,4.0
T02530,2025-04-02 18:32,M05,P003,2,0,Espèces,36.0,F,5.0
T02531,2025-04-02 18:34,M04,P001,5,0,Espèces,19.0,M,3.0
T02532,2025-04-02 18:37,M01,P010,2,5,Mobile Money,,M,3.0
T02533,2025-04-02 19:17,M01,P010,3,10,Carte,42.0,M,3.0
T02534,2025-04-02 19:24,M06,P008,3,0,Mobile Money,22.0,F,3.0
T02535,2025-04-02 19:34,M03,P011,2,0,Espèces,43.0,M,4.0
T02536,2025-04-02 19:41,M03,P024,1,0,especes,32.0,F,3.0
T02537,2025-04-02 19:44,M03,P005,5,10,Espèces,30.0,M,4.0
T02538,2025-04-02 20:08,M02,P011,1,0,Mobile Money,53.0,F,4.0
T02539,2025-04-02 20:21,M01,P014,3,0,Espèces,24.0,M,4.0
T02540,2025-04-02 20:25,M04,P012,3,5,Mobile Money,38.0,F,2.0
T02541,2025-04-02 20:28,M04,P022,1,0,Espèces,20.0,M,1.0
T02542,2025-04-02 20:47,M02,P002,2,0,Espèces,23.0,F,3.0
T02543,2025-04-02 20:50,M01,P006,3,0,Espèces,22.0,M,4.0
T02544,2025-04-03 12:10,M02,P015,1,0,Espèces,55.0,F,3.0
T02545,2025-04-03 12:43,M03,P007,1,0,Espèces,40.0,F,4.0
T02546,2025-04-03 12:50,M01,P001,2,0,Espèces,42.0,F,5.0
T02547,2025-04-03 14:16,M02,P005,2,5,Carte,30.0,F,3.0
T02548,2025-04-03 15:04,M01,P017,2,0,Espèces,25.0,F,5.0
T02549,2025-04-03 16:33,M01,P015,4,15,Espèces,16.0,M,5.0
T02550,2025-04-03 16:46,M01,P010,1,0,Espèces,32.0,F,5.0
T02551,2025-04-03 17:01,M03,P005,1,0,Mobile Money,28.0,F,4.0
T02552,2025-04-03 17:03,M01,P017,3,0,Espèces,49.0,F,3.0
T02553,2025-04-03 17:33,M02,P013,3,0,Carte,39.0,M,4.0
T02554,2025-04-03 17:37,M03,P005,3,15,Mobile Money,23.0,M,5.0
T02555,2025-04-03 17:49,M03,P001,2,0,Espèces,28.0,M,4.0
T02556,2025-04-03 17:54,M02,P002,3,0,Carte,21.0,F,4.0
T02557,2025-04-03 18:23,M01,P016,4,0,Mobile Money,41.0,M,5.0
T02558,2025-04-03 18:41,M03,P001,3,5,Espèces,51.0,F,4.0
T02559,2025-04-03 18:46,M02,P001,2,0,Espèces,29.0,F,4.0
T02560,2025-04-03 21:00,M03,P015,2,0,Espèces,26.0,M,3.0
T02561,2025-04-04 09:24,M04,P010,1,0,Mobile Money,36.0,M,2.0
T02562,2025-04-04 09:29,M01,P002,2,0,Espèces,47.0,F,3.0
T02563,2025-04-04 11:00,M05,P019,1,0,Mobile Money,32.0,F,2.0
T02564,2025-04-04 11:07,M02,P017,4,0,Mobile Money,34.0,F,4.0
T02565,2025-04-04 11:47,M05,P011,2,0,Mobile Money,40.0,M,4.0
T02566,2025-04-04 11:53,M05,P002,2,0,Mobile Money,39.0,M,4.0
T02567,2025-04-04 12:14,M02,P003,3,0,Mobile Money,35.0,M,4.0
T02568,2025-04-04 12:14,M04,P010,3,0,Espèces,17.0,F,4.0
T02569,2025-04-04 12:19,M04,P002,2,10,Espèces,36.0,M,5.0
T02570,2025-04-04 13:13,M03,P005,3,0,Espèces,35.0,F,3.0
T02571,2025-04-04 13:39,M01,P012,2,0,Espèces,41.0,M,3.0
T02572,2025-04-04 13:51,M05,P014,2,0,Espèces,16.0,M,5.0
T02573,2025-04-04 13:58,M04,P017,2,0,Espèces,27.0,M,2.0
T02574,2025-04-04 14:01,M02,P015,2,0,Espèces,37.0,M,3.0
T02575,2025-04-04 14:38,M03,P012,2,0,Mobile Money,19.0,M,2.0
T02577,2025-04-04 15:54,M05,P009,3,10,Mobile Money,49.0,F,4.0
T02576,2025-04-04 15:54,M02,P017,3,0,Carte,35.0,M,5.0
T02578,2025-04-04 16:13,M03,P027,1,0,Espèces,42.0,F,2.0
T02579,2025-04-04 16:19,M01,P006,5,5,Mobile Money,32.0,M,4.0
T02580,2025-04-04 16:40,M02,P004,4,0,Espèces,51.0,F,4.0
T02581,2025-04-04 17:11,M06,P008,4,0,Mobile Money,27.0,M,4.0
T02582,2025-04-04 17:11,M02,P003,2,0,Mobile Money,27.0,F,4.0
T02583,2025-04-04 17:42,M04,P010,2,0,Mobile Money,33.0,F,1.0
T02584,2025-04-04 18:33,M03,P002,2,0,Espèces,29.0,M,5.0
T02585,2025-04-04 18:46,M02,P019,1,5,Espèces,16.0,F,2.0
T02586,2025-04-04 19:20,M01,P009,2,0,Mobile Money,45.0,F,4.0
T02587,2025-04-04 19:21,M01,P015,2,0,Mobile Money,24.0,F,4.0
T02588,2025-04-04 19:26,M03,P001,2,0,Espèces,42.0,F,3.0
T02589,2025-04-04 20:04,M05,P010,2,0,Espèces,34.0,M,4.0
T02590,2025-04-04 21:14,M05,P008,3,0,Espèces,18.0,F,3.0
T02591,2025-04-04 21:19,M03,P015,1,0,Mobile Money,23.0,F,5.0
T02592,2025-04-05 10:35,M01,P012,4,0,Espèces,42.0,M,4.0
T02593,2025-04-05 11:32,M05,P025,1,0,Espèces,42.0,M,3.0
T02594,2025-04-05 11:44,M04,P016,1,0,Espèces,35.0,F,3.0
T02595,2025-04-05 11:49,M01,P001,3,0,Mobile Money,40.0,M,3.0
T02596,2025-04-05 12:00,M03,P005,1,5,Mobile Money,41.0,M,4.0
T02597,2025-04-05 12:04,M01,P005,3,0,Mobile Money,24.0,M,5.0
T02598,2025-04-05 12:14,M01,P009,2,0,Mobile Money,47.0,F,3.0
T02599,2025-04-05 12:20,M04,P009,3,0,Mobile Money,30.0,F,1.0
T02600,2025-04-05 12:26,M01,P020,1,0,Mobile Money,20.0,M,3.0
T02601,2025-04-05 12:30,M03,P021,1,0,Espèces,29.0,F,4.0
T02602,2025-04-05 13:18,M02,P013,2,0,Carte,34.0,M,5.0
T02603,2025-04-05 13:54,M04,P006,2,0,Espèces,27.0,F,2.0
T02604,2025-04-05 14:14,M03,P011,6,0,Espèces,38.0,F,3.0
T02605,2025-04-05 14:16,M02,P013,4,0,Mobile Money,42.0,F,4.0
T02606,2025-04-05 14:31,M03,P005,2,0,Espèces,25.0,M,4.0
T02607,2025-04-05 15:29,M03,P007,2,0,Mobile Money,33.0,F,5.0
T02608,2025-04-05 15:58,M03,P004,2,0,Espèces,38.0,M,4.0
T02609,2025-04-05 16:02,M01,P022,1,0,Mobile Money,25.0,M,5.0
T02611,2025-04-05 16:04,M02,P018,6,0,Espèces,26.0,M,4.0
T02610,2025-04-05 16:04,M01,P005,2,0,Espèces,30.0,M,1.0
T02612,2025-04-05 16:27,M04,P008,2,0,Espèces,52.0,M,2.0
T02613,2025-04-05 16:32,M04,P001,2,5,Espèces,35.0,F,3.0
T02615,2025-04-05 16:33,M01,P014,3,0,Espèces,31.0,F,5.0
T02614,2025-04-05 16:33,M04,P003,2,0,Espèces,18.0,M,4.0
T02617,2025-04-05 16:43,M06,P010,4,0,Espèces,19.0,M,4.0
T02616,2025-04-05 16:43,M02,P014,4,5,Mobile Money,55.0,F,5.0
T02618,2025-04-05 16:51,M03,P008,2,0,Espèces,33.0,F,3.0
T02619,2025-04-05 16:55,M01,P001,2,0,Mobile Money,34.0,M,4.0
T02620,2025-04-05 16:59,M05,P005,2,0,espèces,47.0,M,5.0
T02621,2025-04-05 17:05,M05,P012,4,0,Mobile Money,32.0,F,3.0
T02622,2025-04-05 17:08,M03,P003,3,0,Mobile Money,27.0,F,4.0
T02623,2025-04-05 17:16,M05,P023,1,0,Mobile Money,18.0,M,4.0
T02624,2025-04-05 17:29,M06,P012,2,0,Mobile Money,31.0,F,5.0
T02625,2025-04-05 17:36,M01,P018,2,0,Carte,34.0,F,3.0
T02626,2025-04-05 17:38,M02,P001,4,0,Espèces,24.0,F,2.0
T02627,2025-04-05 17:42,M04,P002,4,15,Espèces,55.0,M,2.0
T02628,2025-04-05 17:56,M05,P001,3,0,Espèces,35.0,M,4.0
T02629,2025-04-05 18:14,M01,P009,2,0,Espèces,29.0,M,4.0
T02630,2025-04-05 18:20,M01,P006,1,0,Espèces,49.0,M,5.0
T02631,2025-04-05 18:23,M02,P009,3,0,Mobile Money,33.0,F,4.0
T02632,2025-04-05 18:24,M05,P005,3,5,Espèces,48.0,F,4.0
T02633,2025-04-05 18:54,M03,P006,2,0,Espèces,33.0,F,5.0
T02634,2025-04-05 18:57,M01,P003,2,0,Mobile Money,29.0,F,4.0
T02635,2025-04-05 19:02,M02,P007,2,0,Espèces,41.0,F,2.0
T02636,2025-04-05 19:04,M02,P018,3,0,Espèces,42.0,F,4.0
T02637,2025-04-05 19:36,M02,P002,3,0,Carte,35.0,F,3.0
T02638,2025-04-05 19:39,M02,P012,1,0,Espèces,55.0,F,3.0
T02639,2025-04-05 19:53,M03,P001,3,0,Espèces,32.0,F,3.0
T02640,2025-04-05 20:18,M01,P024,2,15,Espèces,48.0,M,5.0
T02641,2025-04-05 20:48,M05,P026,1,0,Espèces,39.0,M,4.0
T02642,2025-04-06 09:46,M01,P012,3,10,Espèces,45.0,F,4.0
T02643,2025-04-06 11:02,M06,P009,2,0,Espèces,25.0,F,4.0
T02644,2025-04-06 11:14,M05,P014,1,0,Espèces,39.0,M,3.0
T02645,2025-04-06 11:51,M01,P003,1,0,Mobile Money,32.0,M,2.0
T02646,2025-04-06 12:00,M02,P008,1,0,Espèces,43.0,M,4.0
T02647,2025-04-06 13:05,M05,P004,3,10,Espèces,24.0,M,4.0
T02648,2025-04-06 13:06,M04,P009,2,5,Mobile Money,44.0,F,2.0
T02649,2025-04-06 13:38,M01,P012,3,5,Espèces,20.0,F,4.0
T02650,2025-04-06 14:07,M02,P003,2,0,Espèces,31.0,M,4.0
T02651,2025-04-06 14:14,M01,P008,3,0,Mobile Money,16.0,F,2.0
T02652,2025-04-06 14:20,M04,P015,2,0,Espèces,34.0,F,1.0
T02653,2025-04-06 14:26,M01,P009,3,5,Espèces,37.0,M,5.0
T02654,2025-04-06 15:37,M02,P011,2,0,Mobile Money,44.0,F,4.0
T02655,2025-04-06 15:56,M05,P007,3,0,Espèces,31.0,F,4.0
T02656,2025-04-06 16:06,M05,P012,2,10,Espèces,31.0,F,4.0
T02657,2025-04-06 16:15,M01,P012,2,0,Espèces,43.0,M,4.0
T02659,2025-04-06 17:08,M02,P006,5,0,Mobile Money,37.0,F,5.0
T02658,2025-04-06 17:08,M06,P005,3,5,Espèces,37.0,F,3.0
T02660,2025-04-06 17:08,M03,P005,2,0,Mobile Money,35.0,M,3.0
T02661,2025-04-06 17:12,M04,P023,1,5,Espèces,16.0,F,3.0
T02662,2025-04-06 17:17,M06,P023,1,0,Mobile Money,28.0,M,5.0
T02663,2025-04-06 17:28,M04,P002,4,0,Espèces,25.0,M,3.0
T02664,2025-04-06 17:44,M02,P003,3,0,Mobile Money,28.0,F,4.0
T02666,2025-04-06 17:47,M02,P008,3,0,Mobile Money,42.0,F,3.0
T02665,2025-04-06 17:47,M01,P005,1,0,Mobile Money,31.0,F,4.0
T02667,2025-04-06 17:52,M01,P006,2,5,Espèces,41.0,M,3.0
T02669,2025-04-06 17:58,M01,P006,4,0,Mobile Money,39.0,F,5.0
T02668,2025-04-06 17:58,M01,P013,1,0,Carte,24.0,F,3.0
T02670,2025-04-06 18:23,M06,P009,5,15,mobile money,29.0,M,3.0
T02671,2025-04-06 18:34,M03,P007,5,5,Espèces,18.0,F,4.0
T02672,2025-04-06 18:37,M02,P003,2,0,Espèces,37.0,F,4.0
T02673,2025-04-06 18:58,M02,P009,2,0,Carte,18.0,F,3.0
T02674,2025-04-06 19:13,M06,P013,1,5,Espèces,27.0,M,3.0
T02675,2025-04-06 19:15,M02,P005,2,0,Espèces,25.0,F,3.0
T02676,2025-04-06 19:23,M01,P007,3,5,Espèces,33.0,F,2.0
T02677,2025-04-06 19:30,M01,P020,1,5,Mobile Money,33.0,F,4.0
T02678,2025-04-06 19:34,M02,P004,3,0,Espèces,22.0,F,3.0
T02679,2025-04-06 20:21,M03,P014,3,0,Espèces,41.0,F,3.0
T02680,2025-04-06 20:35,M04,P003,3,0,Carte,44.0,M,1.0
T02681,2025-04-06 20:41,M01,P014,1,0,Mobile Money,23.0,M,4.0
T02682,2025-04-06 21:32,M04,P005,3,0,Mobile Money,31.0,M,3.0
T02683,2025-04-06 21:53,M04,P013,1,5,Espèces,49.0,F,3.0
T02684,2025-04-07 11:30,M04,P015,4,0,Espèces,24.0,F,2.0
T02685,2025-04-07 11:42,M02,P014,2,0,Espèces,40.0,F,3.0
T02686,2025-04-07 11:54,M01,P013,3,0,Carte,45.0,F,3.0
T02687,2025-04-07 12:10,M03,P001,4,0,Mobile Money,62.0,M,3.0
T02688,2025-04-07 13:08,M03,P007,1,0,Espèces,25.0,F,4.0
T02689,2025-04-07 13:16,M02,P002,2,0,Espèces,21.0,F,3.0
T02690,2025-04-07 13:25,M01,P010,2,0,Carte,27.0,M,4.0
T02691,2025-04-07 13:29,M01,P013,2,0,Espèces,16.0,M,5.0
T02692,2025-04-07 13:48,M01,P004,2,0,Espèces,30.0,F,5.0
T02693,2025-04-07 14:44,M04,P007,2,0,Espèces,32.0,F,3.0
T02694,2025-04-07 15:40,M03,P003,3,0,Mobile Money,35.0,F,5.0
T02695,2025-04-07 16:04,M04,P001,1,10,Espèces,50.0,F,2.0
T02696,2025-04-07 16:19,M04,P002,1,0,Espèces,46.0,M,4.0
T02697,2025-04-07 16:24,M06,P011,5,0,Carte,22.0,M,3.0
T02698,2025-04-07 16:25,M01,P013,3,0,Espèces,40.0,M,3.0
T02699,2025-04-07 16:46,M03,P001,2,0,Espèces,34.0,F,4.0
T02700,2025-04-07 16:54,M03,P004,4,5,Espèces,33.0,M,4.0
T02701,2025-04-07 17:02,M02,P006,3,0,Espèces,44.0,F,2.0
T02702,2025-04-07 17:19,M01,P013,2,0,Espèces,19.0,M,4.0
T02703,2025-04-07 17:24,M03,P006,2,0,Espèces,29.0,M,3.0
T02704,2025-04-07 17:39,M04,P018,2,0,Mobile Money,50.0,F,3.0
T02705,2025-04-07 17:40,M01,P004,1,0,Espèces,30.0,F,4.0
T02706,2025-04-07 17:46,M05,P016,3,5,Espèces,26.0,M,3.0
T02707,2025-04-07 17:54,M05,P006,4,0,Mobile Money,35.0,M,5.0
T02708,2025-04-07 17:55,M01,P004,3,0,Mobile Money,,F,4.0
T02709,2025-04-07 18:25,M05,P002,2,0,Espèces,17.0,F,4.0
T02711,2025-04-07 18:26,M01,P022,1,5,Mobile Money,27.0,F,3.0
T02710,2025-04-07 18:26,M06,P022,1,0,Carte,30.0,F,3.0
T02712,2025-04-07 18:34,M05,P006,2,0,Espèces,49.0,F,5.0
T02712,2025-04-07 18:34,M05,P006,2,0,Espèces,49.0,F,5.0
T02713,2025-04-07 18:47,M01,P005,3,0,Espèces,35.0,F,4.0
T02714,2025-04-07 19:15,M03,P009,2,15,Mobile Money,17.0,F,4.0
T02715,2025-04-07 19:16,M05,P018,1,0,Espèces,,F,3.0
T02716,2025-04-07 19:30,M04,P027,1,0,Espèces,27.0,F,2.0
T02717,2025-04-07 19:35,M01,P017,3,0,Carte,59.0,F,3.0
T02718,2025-04-08 12:10,M02,P006,1,0,Mobile Money,35.0,M,4.0
T02719,2025-04-08 12:54,M06,P010,5,0,Mobile Money,21.0,M,4.0
T02720,2025-04-08 14:04,M02,P009,6,0,Mobile Money,18.0,F,4.0
T02721,2025-04-08 14:10,M02,P014,2,0,Mobile Money,53.0,F,4.0
T02722,2025-04-08 14:20,M03,P025,1,0,Espèces,34.0,F,4.0
T02723,2025-04-08 15:53,M01,P009,5,5,Mobile Money,27.0,F,5.0
T02724,2025-04-08 16:23,M02,P003,1,0,Espèces,29.0,M,4.0
T02725,2025-04-08 16:26,M03,P024,2,15,Espèces,42.0,F,2.0
T02726,2025-04-08 16:59,M05,P007,2,0,Espèces,,F,3.0
T02727,2025-04-08 17:07,M03,P012,2,0,Espèces,25.0,F,3.0
T02728,2025-04-08 17:14,M04,P021,1,0,Espèces,17.0,F,2.0
T02729,2025-04-08 17:15,M03,P023,1,0,Mobile Money,16.0,F,3.0
T02730,2025-04-08 17:28,M06,P002,2,0,Mobile Money,20.0,M,3.0
T02731,2025-04-08 17:29,M01,P003,1,0,Carte,28.0,F,4.0
T02732,2025-04-08 18:01,M05,P015,1,0,Mobile Money,21.0,F,5.0
T02733,2025-04-08 18:11,M04,P009,2,0,Espèces,36.0,F,3.0
T02734,2025-04-08 18:18,M01,P015,3,0,Mobile Money,50.0,M,3.0
T02735,2025-04-08 18:27,M05,P009,3,0,Mobile Money,23.0,M,3.0
T02736,2025-04-08 18:28,M05,P014,1,0,Espèces,37.0,F,4.0
T02737,2025-04-08 18:36,M05,P004,2,0,Espèces,37.0,F,5.0
T02738,2025-04-08 18:46,M04,P015,3,0,Mobile Money,23.0,F,2.0
T02739,2025-04-08 18:54,M02,P010,1,0,Mobile Money,28.0,F,3.0
T02740,2025-04-08 20:00,M05,P009,2,0,Espèces,18.0,M,3.0
T02741,2025-04-08 21:21,M03,P027,1,5,Espèces,20.0,M,2.0
T02742,2025-04-09 11:39,M03,P024,1,0,Espèces,39.0,F,5.0
T02743,2025-04-09 11:43,M05,P012,2,0,Espèces,22.0,M,4.0
T02744,2025-04-09 12:23,M03,P003,5,0,Mobile Money,48.0,F,4.0
T02745,2025-04-09 12:43,M01,P005,2,5,Espèces,54.0,F,3.0
T02746,2025-04-09 13:16,M03,P004,2,0,Espèces,25.0,F,3.0
T02747,2025-04-09 14:18,M05,P014,2,0,Espèces,29.0,F,3.0
T02748,2025-04-09 14:22,M05,P016,4,10,Mobile Money,16.0,M,3.0
T02749,2025-04-09 15:57,M03,P004,3,0,Espèces,40.0,F,4.0
T02750,2025-04-09 16:24,M03,P001,2,0,Mobile Money,28.0,M,3.0
T02751,2025-04-09 16:42,M06,P013,2,0,Mobile Money,31.0,M,4.0
T02752,2025-04-09 16:51,M05,P007,2,5,Espèces,31.0,M,5.0
T02753,2025-04-09 17:20,M03,P018,4,0,Espèces,37.0,F,3.0
T02754,2025-04-09 17:21,M04,P008,1,5,Espèces,,F,4.0
T02756,2025-04-09 17:49,M06,P007,3,0,Mobile Money,48.0,F,2.0
T02755,2025-04-09 17:49,M04,P015,3,5,Mobile Money,53.0,F,2.0
T02757,2025-04-09 17:51,M06,P009,1,0,Espèces,38.0,M,4.0
T02758,2025-04-09 18:09,M01,P021,1,0,Espèces,18.0,F,3.0
T02759,2025-04-09 18:12,M02,P025,1,0,Mobile Money,55.0,F,4.0
T02760,2025-04-09 18:18,M04,P009,1,0,Espèces,55.0,M,2.0
T02761,2025-04-09 19:04,M05,P015,2,0,Espèces,34.0,M,2.0
T02762,2025-04-10 09:41,M03,P017,4,0,Espèces,36.0,M,5.0
T02763,2025-04-10 09:52,M01,P014,6,0,Mobile Money,19.0,M,3.0
T02764,2025-04-10 11:34,M01,P006,2,0,Mobile Money,29.0,M,3.0
T02765,2025-04-10 12:13,M04,P004,4,0,Mobile Money,26.0,M,2.0
T02766,2025-04-10 12:50,M02,P011,3,0,Espèces,21.0,M,2.0
T02767,2025-04-10 14:50,M04,P008,2,0,Carte,46.0,M,3.0
T02768,2025-04-10 15:33,M03,P018,6,15,Mobile Money,32.0,M,3.0
T02769,2025-04-10 16:51,M05,P005,2,0,Mobile Money,44.0,F,5.0
T02770,2025-04-10 17:35,M04,P010,3,0,Espèces,42.0,F,2.0
T02771,2025-04-10 17:35,M03,P004,4,0,Carte,38.0,F,4.0
T02772,2025-04-10 17:36,M02,P005,4,0,Espèces,28.0,M,4.0
T02773,2025-04-10 17:47,M04,P012,1,0,mobile money,36.0,M,4.0
T02774,2025-04-10 17:52,M05,P012,3,0,Mobile Money,30.0,F,3.0
T02775,2025-04-10 17:56,M05,P014,3,0,Espèces,27.0,M,3.0
T02776,2025-04-10 18:01,M05,P019,1,0,Espèces,29.0,M,4.0
T02777,2025-04-10 18:10,M05,P003,5,5,Espèces,32.0,F,3.0
T02778,2025-04-10 18:32,M06,P004,2,0,Espèces,20.0,F,5.0
T02779,2025-04-10 18:34,M05,P010,3,0,Espèces,26.0,F,2.0
T02780,2025-04-10 18:35,M02,P001,4,0,Mobile Money,36.0,M,4.0
T02781,2025-04-10 18:36,M04,P016,4,5,Espèces,31.0,M,2.0
T02782,2025-04-10 18:48,M01,P005,5,0,Mobile Money,41.0,F,3.0
T02783,2025-04-10 18:50,M02,P004,1,0,Carte,16.0,F,4.0
T02784,2025-04-10 19:23,M01,P002,1,15,Mobile Money,23.0,F,3.0
T02785,2025-04-10 19:26,M01,P010,2,0,Espèces,16.0,M,4.0
T02786,2025-04-10 19:37,M06,P013,2,10,Carte,16.0,F,3.0
T02787,2025-04-10 19:38,M01,P025,1,0,Espèces,25.0,F,5.0
T02788,2025-04-11 10:48,M04,P015,3,0,Espèces,26.0,M,2.0
T02789,2025-04-11 11:09,M03,P001,2,0,Espèces,25.0,F,4.0
T02790,2025-04-11 11:18,M02,P014,4,0,Mobile Money,35.0,M,4.0
T02791,2025-04-11 12:11,M03,P005,1,0,Mobile Money,51.0,F,2.0
T02792,2025-04-11 12:25,M05,P011,4,5,especes,42.0,F,4.0
T02793,2025-04-11 12:31,M02,P006,2,0,Mobile Money,28.0,M,4.0
T02794,2025-04-11 12:36,M03,P014,3,0,Espèces,37.0,F,4.0
T02795,2025-04-11 13:46,M01,P011,5,5,Espèces,37.0,M,2.0
T02796,2025-04-11 14:12,M01,P009,2,0,Espèces,42.0,M,4.0
T02797,2025-04-11 14:23,M02,P013,2,5,Mobile Money,39.0,M,3.0
T02799,2025-04-11 14:24,M06,P010,2,0,Espèces,16.0,F,3.0
T02798,2025-04-11 14:24,M04,P012,3,0,Espèces,27.0,M,2.0
T02800,2025-04-11 15:05,M01,P007,3,0,Espèces,32.0,M,4.0
T02801,2025-04-11 15:26,M01,P007,1,0,Mobile Money,43.0,F,2.0
T02802,2025-04-11 15:55,M06,P014,2,0,Espèces,40.0,M,3.0
T02803,2025-04-11 16:17,M01,P006,5,15,Espèces,32.0,F,2.0
T02804,2025-04-11 16:26,M05,P012,4,0,Mobile Money,27.0,M,3.0
T02805,2025-04-11 16:46,M03,P001,1,0,Espèces,47.0,F,4.0
T02806,2025-04-11 17:07,M04,P010,3,0,Espèces,23.0,M,3.0
T02807,2025-04-11 17:13,M04,P001,3,0,Espèces,41.0,M,4.0
T02808,2025-04-11 17:19,M01,P004,2,5,Espèces,36.0,F,3.0
T02809,2025-04-11 17:30,M03,P017,4,0,Espèces,43.0,F,3.0
T02810,2025-04-11 17:38,M01,P008,5,0,MoMo,39.0,M,4.0
T02811,2025-04-11 17:40,M02,P016,5,0,Espèces,27.0,M,3.0
T02812,2025-04-11 17:44,M04,P027,1,0,Espèces,48.0,M,2.0
T02813,2025-04-11 17:53,M03,P012,3,0,Espèces,40.0,M,4.0
T02814,2025-04-11 17:54,M01,P007,1,5,Espèces,26.0,M,3.0
T02815,2025-04-11 18:09,M01,P016,3,0,Espèces,33.0,M,3.0
T02816,2025-04-11 18:31,M03,P009,1,0,Espèces,38.0,F,3.0
T02817,2025-04-11 18:45,M03,P004,1,0,Espèces,31.0,M,4.0
T02818,2025-04-11 18:48,M02,P010,4,5,Espèces,37.0,M,2.0
T02819,2025-04-11 19:09,M01,P009,4,0,Espèces,47.0,M,3.0
T02820,2025-04-11 19:12,M02,P002,3,0,Espèces,16.0,M,3.0
T02821,2025-04-11 19:29,M01,P009,1,0,Carte,39.0,F,2.0
T02822,2025-04-11 19:44,M04,P001,1,0,Carte,34.0,M,4.0
T02823,2025-04-11 20:05,M05,P001,2,0,Mobile Money,30.0,F,4.0
T02824,2025-04-11 20:29,M05,P008,2,0,Mobile Money,33.0,F,4.0
T02825,2025-04-11 20:35,M01,P005,3,0,Carte,35.0,M,3.0
T02826,2025-04-11 20:43,M03,P012,2,0,Espèces,40.0,M,4.0
T02827,2025-04-11 20:46,M04,P015,3,0,Mobile Money,43.0,F,5.0
T02828,2025-04-12 09:48,M03,P010,1,5,Espèces,32.0,F,2.0
T02829,2025-04-12 10:50,M05,P008,4,0,Espèces,26.0,M,4.0
T02830,2025-04-12 11:19,M01,P020,1,0,Mobile Money,30.0,M,5.0
T02831,2025-04-12 11:26,M01,P024,1,0,Espèces,43.0,M,5.0
T02832,2025-04-12 11:31,M04,P021,1,0,especes,24.0,F,1.0
T02833,2025-04-12 11:40,M02,P011,2,0,Espèces,28.0,F,5.0
T02834,2025-04-12 11:41,M06,P004,2,5,Mobile Money,48.0,M,4.0
T02835,2025-04-12 11:41,M02,P011,2,0,Mobile Money,36.0,M,3.0
T02836,2025-04-12 11:52,M03,P017,2,0,Espèces,29.0,F,5.0
T02837,2025-04-12 12:20,M02,P013,4,0,Espèces,16.0,F,4.0
T02838,2025-04-12 12:23,M06,P010,1,0,Espèces,42.0,F,3.0
T02839,2025-04-12 12:33,M02,P001,2,0,CB,42.0,F,3.0
T02840,2025-04-12 12:39,M02,P005,5,15,Espèces,16.0,F,5.0
T02841,2025-04-12 12:43,M01,P002,4,0,Espèces,45.0,M,4.0
T02842,2025-04-12 12:45,M01,P010,1,0,Espèces,48.0,F,4.0
T02843,2025-04-12 13:21,M02,P015,1,0,Espèces,29.0,M,4.0
T02844,2025-04-12 13:27,M04,P017,1,0,Espèces,33.0,F,4.0
T02845,2025-04-12 13:34,M03,P016,2,0,Mobile Money,28.0,M,5.0
T02846,2025-04-12 13:41,M06,P024,1,0,Espèces,38.0,M,4.0
T02847,2025-04-12 14:06,M05,P018,3,0,Espèces,21.0,F,4.0
T02848,2025-04-12 14:18,M01,P009,3,0,Espèces,23.0,F,3.0
T02849,2025-04-12 14:32,M05,P004,3,0,Mobile Money,16.0,F,3.0
T02850,2025-04-12 14:45,M05,P016,2,0,Mobile Money,32.0,M,3.0
T02851,2025-04-12 15:42,M02,P002,3,0,Mobile Money,31.0,M,4.0
T02852,2025-04-12 16:34,M02,P017,4,0,Mobile Money,42.0,F,4.0
T02853,2025-04-12 16:35,M05,P009,1,0,Mobile Money,22.0,M,3.0
T02854,2025-04-12 16:54,M01,P027,2,10,Espèces,27.0,M,5.0
T02855,2025-04-12 17:12,M05,P010,1,0,Mobile Money,51.0,F,3.0
T02856,2025-04-12 17:14,M01,P011,3,10,Espèces,50.0,M,4.0
T02857,2025-04-12 17:14,M04,P019,1,0,Espèces,29.0,F,2.0
T02858,2025-04-12 17:15,M04,P007,5,0,Mobile Money,24.0,F,4.0
T02859,2025-04-12 17:26,M02,P016,3,0,Espèces,39.0,F,5.0
T02860,2025-04-12 17:36,M01,P015,2,0,Carte,22.0,M,3.0
T02861,2025-04-12 18:26,M06,P004,3,0,Espèces,19.0,F,4.0
T02862,2025-04-12 18:41,M01,P010,2,0,Espèces,24.0,F,5.0
T02863,2025-04-12 18:52,M05,P008,3,0,Mobile Money,36.0,M,5.0
T02864,2025-04-12 18:58,M02,P015,2,0,Espèces,33.0,F,5.0
T02865,2025-04-12 19:12,M02,P006,3,0,Mobile Money,45.0,M,4.0
T02866,2025-04-12 19:28,M03,P001,3,0,Mobile Money,27.0,F,3.0
T02867,2025-04-12 19:29,M05,P012,4,0,Espèces,29.0,M,4.0
T02868,2025-04-12 19:35,M01,P002,4,0,Mobile Money,26.0,F,4.0
T02869,2025-04-12 19:44,M02,P022,1,0,Mobile Money,23.0,M,2.0
T02870,2025-04-12 19:54,M02,P004,1,0,Espèces,36.0,F,4.0
T02872,2025-04-12 20:02,M02,P025,1,0,Espèces,38.0,M,3.0
T02871,2025-04-12 20:02,M04,P006,2,10,Espèces,41.0,F,3.0
T02873,2025-04-12 20:56,M06,P001,1,0,Espèces,30.0,F,5.0
T02874,2025-04-13 10:57,M03,P022,1,0,Espèces,17.0,M,3.0
T02875,2025-04-13 11:51,M05,P002,2,15,Mobile Money,41.0,F,4.0
T02876,2025-04-13 12:05,M04,P027,1,0,Espèces,30.0,M,4.0
T02877,2025-04-13 12:19,M01,P010,4,10,Carte,19.0,F,3.0
T02878,2025-04-13 12:53,M02,P006,1,5,Espèces,16.0,F,3.0
T02879,2025-04-13 13:39,M04,P001,4,0,Espèces,16.0,M,2.0
T02880,2025-04-13 13:49,M01,P020,1,0,Espèces,27.0,M,4.0
T02881,2025-04-13 13:54,M06,P017,2,0,Espèces,40.0,M,4.0
T02882,2025-04-13 14:13,M01,P002,2,0,Espèces,21.0,F,5.0
T02883,2025-04-13 14:45,M01,P024,1,0,Mobile Money,36.0,F,4.0
T02884,2025-04-13 14:51,M05,P004,3,0,Espèces,40.0,F,4.0
T02885,2025-04-13 14:55,M06,P011,2,0,Espèces,49.0,F,3.0
T02886,2025-04-13 15:02,M03,P010,1,0,Espèces,42.0,M,4.0
T02887,2025-04-13 15:04,M02,P010,2,0,Mobile Money,25.0,M,3.0
T02888,2025-04-13 15:51,M03,P022,1,0,Mobile Money,16.0,M,4.0
T02889,2025-04-13 16:47,M01,P001,6,0,Mobile Money,31.0,F,3.0
T02890,2025-04-13 16:50,M03,P011,1,0,Espèces,34.0,M,4.0
T02891,2025-04-13 16:52,M06,P002,4,0,Espèces,30.0,F,5.0
T02892,2025-04-13 17:02,M05,P018,2,0,Mobile Money,,F,4.0
T02893,2025-04-13 17:12,M03,P010,3,0,Espèces,46.0,M,5.0
T02894,2025-04-13 17:20,M01,P014,3,0,Espèces,20.0,F,5.0
T02895,2025-04-13 17:33,M02,P010,2,15,Espèces,16.0,F,4.0
T02896,2025-04-13 17:42,M01,P025,1,0,Espèces,52.0,F,3.0
T02897,2025-04-13 17:48,M04,P004,4,0,Espèces,42.0,F,2.0
T02898,2025-04-13 17:57,M06,P014,3,15,Mobile Money,28.0,F,4.0
T02899,2025-04-13 18:19,M06,P010,2,0,Espèces,34.0,F,3.0
T02900,2025-04-13 18:21,M02,P024,1,0,Espèces,47.0,M,5.0
T02901,2025-04-13 18:23,M03,P001,2,5,Espèces,31.0,M,4.0
T02902,2025-04-13 18:33,M04,P002,3,0,Mobile Money,19.0,F,2.0
T02903,2025-04-13 18:35,M02,P009,3,5,Espèces,34.0,F,3.0
T02904,2025-04-13 19:01,M03,P003,3,15,Espèces,22.0,F,4.0
T02905,2025-04-13 19:04,M04,P010,2,0,Mobile Money,26.0,M,2.0
T02906,2025-04-13 19:10,M02,P004,2,0,Carte,35.0,F,5.0
T02907,2025-04-13 19:20,M01,P004,2,0,Carte,33.0,F,2.0
T02908,2025-04-13 20:16,M06,P017,2,0,Mobile Money,49.0,M,2.0
T02909,2025-04-13 20:48,M01,P012,5,10,Espèces,17.0,M,5.0
T02910,2025-04-13 21:31,M02,P001,5,0,Espèces,41.0,F,4.0
T02911,2025-04-13 21:53,M06,P004,3,0,Mobile Money,23.0,M,4.0
T02912,2025-04-14 09:43,M02,P001,3,0,Mobile Money,23.0,F,4.0
T02913,2025-04-14 10:16,M01,P012,2,0,Carte,59.0,M,4.0
T02914,2025-04-14 11:13,M01,P010,2,0,Mobile Money,34.0,M,4.0
T02915,2025-04-14 11:14,M03,P007,5,0,Espèces,28.0,M,3.0
T02916,2025-04-14 11:35,M06,P013,2,0,Mobile Money,36.0,F,1.0
T02917,2025-04-14 12:03,M01,P006,2,5,Mobile Money,38.0,F,1.0
T02918,2025-04-14 12:04,M05,P018,1,0,Espèces,30.0,F,5.0
T02919,2025-04-14 12:14,M05,P012,2,5,Carte,38.0,M,4.0
T02920,2025-04-14 12:14,M01,P025,1,5,Mobile Money,35.0,M,4.0
T02921,2025-04-14 12:49,M05,P014,1,0,Espèces,42.0,F,4.0
T02922,2025-04-14 13:20,M04,P009,1,0,Espèces,39.0,M,2.0
T02923,2025-04-14 14:48,M04,P025,1,0,Mobile Money,30.0,M,3.0
T02924,2025-04-14 15:00,M02,P006,3,5,Espèces,49.0,M,2.0
T02925,2025-04-14 15:15,M01,P010,4,0,Mobile Money,24.0,M,3.0
T02926,2025-04-14 16:05,M01,P001,3,10,Espèces,29.0,M,5.0
T02927,2025-04-14 16:10,M04,P018,1,0,Espèces,28.0,F,4.0
T02928,2025-04-14 17:09,M02,P010,1,0,Carte,32.0,M,5.0
T02929,2025-04-14 17:10,M04,P004,2,0,Carte,38.0,F,3.0
T02930,2025-04-14 17:19,M04,P006,3,0,Mobile Money,35.0,F,3.0
T02931,2025-04-14 17:24,M06,P017,4,0,Espèces,20.0,F,3.0
T02932,2025-04-14 17:44,M01,P007,1,0,Espèces,31.0,M,5.0
T02933,2025-04-14 17:58,M04,P017,4,10,Espèces,34.0,F,2.0
T02934,2025-04-14 17:59,M04,P014,2,10,Espèces,27.0,F,3.0
T02935,2025-04-14 19:19,M04,P022,1,0,Espèces,26.0,M,3.0
T02936,2025-04-14 19:46,M01,P025,1,0,Carte,34.0,F,5.0
T02937,2025-04-14 19:49,M03,P007,1,0,Mobile Money,18.0,F,2.0
T02938,2025-04-15 10:11,M01,P012,2,10,Espèces,41.0,M,5.0
T02939,2025-04-15 10:41,M02,P006,2,0,Mobile Money,21.0,M,3.0
T02940,2025-04-15 11:08,M01,P002,2,0,Mobile Money,30.0,M,3.0
T02941,2025-04-15 11:29,M05,P001,3,5,Espèces,33.0,F,5.0
T02942,2025-04-15 11:37,M01,P005,4,10,Mobile Money,34.0,F,3.0
T02943,2025-04-15 11:38,M04,P007,5,0,Mobile Money,28.0,M,1.0
T02944,2025-04-15 11:48,M04,P001,1,0,Espèces,49.0,M,3.0
T02945,2025-04-15 11:52,M03,P010,3,15,Carte,34.0,M,5.0
T02946,2025-04-15 12:09,M01,P022,1,0,Espèces,31.0,M,3.0
T02947,2025-04-15 13:01,M05,P024,1,0,Carte,38.0,F,4.0
T02948,2025-04-15 13:02,M04,P004,1,0,Mobile Money,32.0,F,3.0
T02949,2025-04-15 13:52,M04,P010,1,0,Espèces,32.0,F,3.0
T02950,2025-04-15 14:47,M06,P005,2,10,Espèces,45.0,M,4.0
T02951,2025-04-15 16:26,M06,P003,1,0,Espèces,43.0,F,4.0
T02952,2025-04-15 16:38,M04,P002,3,0,Mobile Money,38.0,M,4.0
T02953,2025-04-15 16:53,M02,P005,1,0,Mobile Money,31.0,F,2.0
T02954,2025-04-15 17:01,M04,P016,2,0,Carte,33.0,M,3.0
T02955,2025-04-15 17:38,M01,P027,1,0,Mobile Money,23.0,M,3.0
T02956,2025-04-15 17:40,M03,P018,2,0,Espèces,34.0,M,4.0
T02957,2025-04-15 17:47,M01,P002,2,0,Mobile Money,35.0,M,5.0
T02958,2025-04-15 17:51,M06,P017,2,0,Espèces,16.0,F,3.0
T02959,2025-04-15 17:59,M02,P002,1,0,Mobile Money,41.0,F,4.0
T02960,2025-04-15 18:30,M02,P010,2,0,Carte,36.0,F,3.0
T02961,2025-04-15 19:23,M01,P016,2,0,Carte,40.0,F,3.0
T02962,2025-04-15 20:05,M01,P009,1,0,Mobile Money,36.0,M,3.0
T02963,2025-04-16 10:00,M03,P004,2,5,Espèces,29.0,F,4.0
T02964,2025-04-16 11:37,M01,P001,1,5,Espèces,30.0,M,3.0
T02965,2025-04-16 13:03,M01,P006,1,5,Espèces,29.0,M,4.0
T02966,2025-04-16 13:05,M04,P015,3,0,Espèces,31.0,M,3.0
T02967,2025-04-16 13:31,M01,P027,1,0,Espèces,16.0,F,3.0
T02968,2025-04-16 13:37,M02,P015,6,10,Carte,39.0,M,4.0
T02969,2025-04-16 13:45,M05,P007,1,0,Mobile Money,37.0,F,3.0
T02970,2025-04-16 13:57,M02,P009,1,0,Mobile Money,38.0,F,3.0
T02971,2025-04-16 14:16,M01,P001,4,0,Mobile Money,27.0,M,4.0
T02972,2025-04-16 14:23,M01,P018,2,0,Espèces,29.0,F,3.0
T02973,2025-04-16 14:39,M06,P004,2,0,Mobile Money,41.0,F,3.0
T02974,2025-04-16 15:06,M02,P008,3,0,Mobile Money,37.0,F,3.0
T02975,2025-04-16 15:26,M04,P009,4,0,Carte,23.0,F,3.0
T02976,2025-04-16 15:52,M02,P001,4,0,Carte,43.0,M,4.0
T02977,2025-04-16 16:12,M01,P004,5,0,Espèces,28.0,F,3.0
T02978,2025-04-16 16:16,M03,P007,5,0,Mobile Money,50.0,F,3.0
T02979,2025-04-16 16:16,M06,P007,2,0,Espèces,33.0,F,4.0
T02980,2025-04-16 16:58,M06,P019,1,0,Mobile Money,27.0,M,3.0
T02981,2025-04-16 17:03,M05,P010,1,15,Espèces,34.0,F,4.0
T02982,2025-04-16 17:03,M01,P004,2,0,Carte,28.0,F,4.0
T02983,2025-04-16 17:13,M01,P019,1,0,Mobile Money,20.0,M,5.0
T02984,2025-04-16 17:17,M01,P003,2,0,Espèces,28.0,M,2.0
T02985,2025-04-16 17:58,M06,P010,4,0,Carte,36.0,F,3.0
T02986,2025-04-16 18:13,M01,P011,3,0,Mobile Money,56.0,F,5.0
T02987,2025-04-16 18:34,M01,P006,2,0,Mobile Money,43.0,F,3.0
T02988,2025-04-16 19:20,M01,P007,2,0,Espèces,31.0,F,3.0
T02989,2025-04-16 19:27,M05,P016,2,10,Espèces,31.0,M,3.0
T02990,2025-04-16 19:28,M03,P018,2,0,Espèces,30.0,F,4.0
T02991,2025-04-16 19:41,M02,P007,2,0,Espèces,33.0,M,3.0
T02992,2025-04-16 20:19,M03,P002,2,0,Espèces,45.0,F,5.0
T02993,2025-04-16 20:47,M02,P009,1,0,Mobile Money,30.0,F,3.0
T02994,2025-04-16 21:06,M01,P003,1,0,Espèces,34.0,F,4.0
T02995,2025-04-16 21:51,M06,P001,3,10,Espèces,25.0,M,4.0
T02996,2025-04-17 10:09,M05,P005,3,0,Espèces,36.0,F,4.0
T02997,2025-04-17 10:19,M03,P019,1,0,Mobile Money,30.0,M,3.0
T02998,2025-04-17 11:20,M01,P004,2,0,Espèces,26.0,F,4.0
T02999,2025-04-17 12:50,M01,P001,2,0,Espèces,41.0,F,3.0
T03000,2025-04-17 13:12,M05,P009,1,0,Mobile Money,24.0,F,5.0
T03001,2025-04-17 13:13,M06,P003,1,5,Mobile Money,44.0,F,3.0
T03002,2025-04-17 13:20,M05,P012,4,0,Mobile Money,,M,5.0
T03003,2025-04-17 13:27,M01,P005,1,0,Mobile Money,26.0,F,3.0
T03004,2025-04-17 14:33,M01,P016,2,5,Espèces,37.0,F,4.0
T03005,2025-04-17 15:54,M01,P005,3,0,Espèces,24.0,M,5.0
T03006,2025-04-17 15:57,M01,P013,5,0,Carte,33.0,F,3.0
T03007,2025-04-17 16:20,M01,P014,1,0,Espèces,28.0,M,4.0
T03008,2025-04-17 16:37,M01,P009,3,0,Espèces,50.0,F,4.0
T03009,2025-04-17 17:09,M01,P027,1,0,Mobile Money,37.0,F,4.0
T03010,2025-04-17 17:13,M06,P019,1,0,Mobile Money,30.0,M,4.0
T03011,2025-04-17 17:20,M01,P007,2,0,Espèces,30.0,M,5.0
T03012,2025-04-17 17:46,M04,P010,1,0,Espèces,57.0,F,2.0
T03013,2025-04-17 17:48,M03,P001,3,0,Espèces,27.0,F,4.0
T03014,2025-04-17 18:17,M06,P004,4,0,Espèces,,F,3.0
T03015,2025-04-17 18:21,M03,P017,2,0,Mobile Money,23.0,F,3.0
T03016,2025-04-17 18:41,M02,P007,3,0,Espèces,37.0,M,2.0
T03017,2025-04-17 19:12,M03,P016,2,0,Espèces,25.0,F,4.0
T03018,2025-04-17 19:14,M03,P001,1,0,Espèces,27.0,F,1.0
T03019,2025-04-17 19:35,M01,P007,1,0,Espèces,34.0,F,2.0
T03020,2025-04-17 19:38,M01,P007,1,0,Mobile Money,38.0,F,3.0
T03021,2025-04-17 20:20,M03,P007,2,15,Espèces,22.0,F,3.0
T03022,2025-04-17 21:11,M01,P003,2,15,especes,34.0,F,3.0
T03023,2025-04-18 11:07,M02,P012,3,10,Mobile Money,16.0,M,4.0
T03024,2025-04-18 11:18,M05,P009,3,0,Espèces,29.0,F,4.0
T03025,2025-04-18 11:52,M02,P004,3,5,Mobile Money,38.0,F,2.0
T03026,2025-04-18 12:04,M03,P012,3,10,Espèces,46.0,M,5.0
T03027,2025-04-18 12:21,M03,P019,1,0,Espèces,26.0,M,4.0
T03028,2025-04-18 13:26,M02,P002,2,0,Espèces,37.0,M,3.0
T03029,2025-04-18 14:38,M05,P005,2,0,Mobile Money,31.0,M,5.0
T03030,2025-04-18 14:52,M05,P005,1,5,Espèces,44.0,M,2.0
T03032,2025-04-18 15:30,M01,P022,1,0,Espèces,19.0,F,2.0
T03031,2025-04-18 15:30,M02,P018,2,0,Espèces,31.0,F,4.0
T03033,2025-04-18 15:32,M01,P007,5,0,Carte,33.0,F,3.0
T03034,2025-04-18 15:49,M03,P026,1,0,Espèces,19.0,F,5.0
T03035,2025-04-18 15:54,M01,P014,1,0,Espèces,35.0,M,5.0
T03036,2025-04-18 16:27,M03,P013,3,10,Mobile Money,23.0,F,5.0
T03037,2025-04-18 16:32,M01,P017,4,0,Espèces,34.0,M,4.0
T03038,2025-04-18 16:34,M06,P005,1,0,Espèces,28.0,F,4.0
T03039,2025-04-18 16:35,M01,P016,5,0,Espèces,27.0,M,3.0
T03040,2025-04-18 16:43,M05,P014,1,0,Mobile Money,49.0,F,3.0
T03041,2025-04-18 16:49,M03,P024,2,10,Espèces,,M,3.0
T03042,2025-04-18 16:54,M03,P007,5,10,Espèces,35.0,F,5.0
T03043,2025-04-18 17:00,M01,P010,2,0,Mobile Money,35.0,F,4.0
T03044,2025-04-18 17:11,M01,P016,5,0,Espèces,31.0,M,3.0
T03045,2025-04-18 17:30,M03,P006,1,0,Espèces,50.0,F,3.0
T03046,2025-04-18 17:40,M02,P014,2,0,Espèces,42.0,F,5.0
T03047,2025-04-18 17:47,M04,P012,2,0,Carte,19.0,M,3.0
T03048,2025-04-18 17:48,M01,P004,1,0,Espèces,18.0,F,5.0
T03049,2025-04-18 17:51,M02,P009,7,0,Espèces,21.0,F,3.0
T03050,2025-04-18 17:59,M05,P015,1,0,Espèces,31.0,M,2.0
T03051,2025-04-18 18:02,M05,P012,2,0,Espèces,52.0,M,4.0
T03052,2025-04-18 18:04,M06,P009,1,0,Espèces,30.0,M,4.0
T03053,2025-04-18 18:07,M04,P027,1,0,Mobile Money,28.0,F,3.0
T03054,2025-04-18 18:09,M03,P008,1,0,Carte,34.0,F,5.0
T03055,2025-04-18 18:27,M01,P002,2,0,Espèces,39.0,F,3.0
T03056,2025-04-18 18:46,M04,P015,4,10,Espèces,37.0,M,3.0
T03057,2025-04-18 19:48,M03,P002,4,0,Espèces,33.0,M,5.0
T03058,2025-04-19 11:01,M01,P001,1,0,Espèces,21.0,F,4.0
T03059,2025-04-19 11:11,M04,P012,7,15,Espèces,39.0,M,3.0
T03060,2025-04-19 11:33,M01,P024,1,0,Mobile Money,28.0,M,4.0
T03061,2025-04-19 11:44,M02,P009,2,0,Mobile Money,36.0,M,3.0
T03062,2025-04-19 11:58,M04,P026,1,0,Carte,31.0,F,3.0
T03063,2025-04-19 12:00,M03,P015,2,0,Carte,18.0,M,2.0
T03064,2025-04-19 12:24,M01,P008,4,5,Espèces,31.0,F,5.0
T03065,2025-04-19 12:26,M01,P001,1,0,Espèces,47.0,F,4.0
T03067,2025-04-19 12:34,M03,P002,1,0,Mobile Money,16.0,F,4.0
T03066,2025-04-19 12:34,M04,P002,2,0,Mobile Money,17.0,M,2.0
T03068,2025-04-19 12:44,M02,P007,3,0,Espèces,54.0,F,5.0
T03069,2025-04-19 12:44,M02,P007,2,15,Espèces,36.0,M,4.0
T03070,2025-04-19 13:31,M02,P006,3,0,Carte,31.0,M,2.0
T03071,2025-04-19 13:36,M02,P012,3,10,Espèces,29.0,M,4.0
T03072,2025-04-19 14:15,M02,P024,1,10,Mobile Money,38.0,F,5.0
T03073,2025-04-19 14:38,M01,P009,3,0,Espèces,16.0,M,3.0
T03074,2025-04-19 14:57,M01,P009,6,0,Espèces,38.0,M,3.0
T03075,2025-04-19 14:59,M04,P010,3,0,Mobile Money,31.0,F,2.0
T03076,2025-04-19 15:38,M01,P006,3,0,Espèces,32.0,F,5.0
T03077,2025-04-19 16:49,M06,P001,3,0,Espèces,49.0,F,4.0
T03078,2025-04-19 17:02,M03,P026,1,0,Mobile Money,36.0,F,5.0
T03079,2025-04-19 17:04,M03,P016,5,0,Espèces,44.0,F,5.0
T03080,2025-04-19 17:08,M03,P001,5,0,Espèces,37.0,F,5.0
T03081,2025-04-19 17:09,M01,P020,1,5,Espèces,31.0,M,5.0
T03082,2025-04-19 17:27,M06,P012,3,0,Espèces,30.0,M,1.0
T03083,2025-04-19 17:29,M04,P018,2,0,Espèces,35.0,F,4.0
T03084,2025-04-19 17:32,M05,P010,4,5,Espèces,39.0,F,3.0
T03085,2025-04-19 17:35,M02,P007,1,0,Carte,24.0,F,4.0
T03086,2025-04-19 17:41,M04,P012,4,0,Espèces,30.0,F,3.0
T03087,2025-04-19 17:51,M03,P003,2,0,Espèces,34.0,F,4.0
T03088,2025-04-19 17:55,M04,P027,1,0,Espèces,25.0,M,3.0
T03089,2025-04-19 18:08,M01,P010,2,0,Espèces,30.0,M,4.0
T03090,2025-04-19 18:12,M01,P004,1,0,Espèces,49.0,M,3.0
T03091,2025-04-19 18:19,M01,P007,3,0,Espèces,35.0,M,4.0
T03092,2025-04-19 18:30,M04,P009,5,10,Espèces,30.0,F,2.0
T03093,2025-04-19 18:33,M03,P009,1,5,Mobile Money,16.0,F,3.0
T03094,2025-04-19 18:48,M02,P012,3,0,Espèces,33.0,M,3.0
T03095,2025-04-19 18:49,M06,P025,1,0,Espèces,32.0,F,4.0
T03096,2025-04-19 19:03,M03,P009,3,0,Espèces,39.0,F,2.0
T03097,2025-04-19 19:11,M02,P005,3,0,Espèces,43.0,F,3.0
T03098,2025-04-19 19:13,M01,P026,1,5,Espèces,28.0,M,5.0
T03099,2025-04-19 19:14,M01,P002,3,0,Espèces,43.0,F,4.0
T03100,2025-04-19 19:27,M01,P005,2,0,Mobile Money,38.0,M,3.0
T03101,2025-04-19 19:29,M04,P012,4,0,Espèces,23.0,F,4.0
T03102,2025-04-19 19:32,M02,P010,1,0,Mobile Money,34.0,M,4.0
T03103,2025-04-19 19:40,M03,P018,3,0,Espèces,32.0,F,5.0
T03104,2025-04-19 20:07,M02,P009,1,0,Espèces,21.0,M,4.0
T03105,2025-04-19 20:24,M04,P008,1,0,Espèces,34.0,F,3.0
T03106,2025-04-19 20:36,M05,P006,3,0,Espèces,64.0,F,3.0
T03107,2025-04-19 21:26,M01,P002,2,0,Carte,36.0,F,4.0
T03108,2025-04-19 21:40,M03,P004,4,15,Mobile Money,47.0,F,4.0
T03109,2025-04-19 21:53,M02,P012,1,0,Espèces,31.0,F,4.0
T03110,2025-04-20 11:37,M03,P027,1,0,Espèces,19.0,F,4.0
T03111,2025-04-20 11:40,M02,P006,7,0,Espèces,27.0,F,4.0
T03112,2025-04-20 11:46,M01,P008,1,0,Espèces,33.0,F,4.0
T03113,2025-04-20 11:47,M05,P007,4,0,Mobile Money,25.0,F,5.0
T03114,2025-04-20 11:55,M04,P016,3,0,Espèces,39.0,M,4.0
T03115,2025-04-20 11:58,M03,P010,1,0,especes,43.0,M,5.0
T03116,2025-04-20 12:02,M02,P009,6,10,Mobile Money,16.0,M,3.0
T03117,2025-04-20 12:05,M03,P009,4,0,Espèces,,M,5.0
T03118,2025-04-20 12:14,M02,P010,2,0,Espèces,60.0,M,4.0
T03119,2025-04-20 12:15,M04,P003,5,10,Espèces,39.0,M,4.0
T03120,2025-04-20 12:20,M01,P009,5,0,Espèces,38.0,F,3.0
T03121,2025-04-20 12:27,M03,P025,3,15,Espèces,39.0,F,5.0
T03122,2025-04-20 12:38,M02,P007,1,0,Espèces,47.0,M,5.0
T03123,2025-04-20 12:49,M06,P015,2,0,Mobile Money,18.0,M,4.0
T03124,2025-04-20 12:50,M03,P017,6,5,Espèces,34.0,F,4.0
T03125,2025-04-20 12:59,M03,P014,2,0,Mobile Money,44.0,M,4.0
T03126,2025-04-20 13:16,M01,P026,1,0,Mobile Money,46.0,F,4.0
T03127,2025-04-20 13:18,M01,P005,1,0,especes,32.0,M,3.0
T03128,2025-04-20 13:36,M02,P025,1,0,Espèces,41.0,F,5.0
T03129,2025-04-20 14:14,M04,P014,1,0,Espèces,22.0,F,3.0
T03130,2025-04-20 14:25,M03,P005,1,0,Mobile Money,39.0,F,5.0
T03131,2025-04-20 14:46,M01,P027,3,15,carte,54.0,M,4.0
T03132,2025-04-20 14:48,M01,P025,1,0,Mobile Money,38.0,F,4.0
T03133,2025-04-20 14:55,M04,P022,1,0,Espèces,29.0,M,4.0
T03134,2025-04-20 15:03,M01,P024,1,0,Mobile Money,20.0,F,4.0
T03135,2025-04-20 15:14,M01,P007,3,0,Carte,35.0,F,4.0
T03136,2025-04-20 15:40,M02,P004,1,0,Mobile Money,21.0,M,4.0
T03137,2025-04-20 15:52,M01,P003,2,0,Mobile Money,24.0,F,3.0
T03138,2025-04-20 16:02,M04,P009,3,0,Mobile Money,36.0,F,3.0
T03139,2025-04-20 16:08,M06,P004,4,10,Mobile Money,34.0,F,4.0
T03140,2025-04-20 16:16,M02,P008,2,10,Espèces,35.0,F,4.0
T03141,2025-04-20 16:22,M03,P002,2,0,Mobile Money,46.0,M,3.0
T03142,2025-04-20 16:46,M01,P002,3,0,Espèces,31.0,F,5.0
T03143,2025-04-20 16:55,M02,P007,3,0,Espèces,41.0,F,2.0
T03144,2025-04-20 16:55,M01,P006,4,0,Espèces,41.0,F,3.0
T03145,2025-04-20 17:29,M01,P012,1,0,Espèces,45.0,M,3.0
T03146,2025-04-20 17:31,M04,P009,2,0,Espèces,22.0,M,5.0
T03147,2025-04-20 17:40,M02,P012,2,0,Carte,35.0,F,3.0
T03148,2025-04-20 17:42,M05,P007,2,0,Mobile Money,42.0,F,5.0
T03149,2025-04-20 17:51,M01,P025,1,0,Carte,32.0,F,4.0
T03150,2025-04-20 17:57,M03,P012,3,0,Espèces,26.0,F,4.0
T03151,2025-04-20 18:01,M01,P014,2,0,Mobile Money,25.0,M,3.0
T03152,2025-04-20 18:20,M01,P012,2,0,espèces,65.0,F,3.0
T03153,2025-04-20 18:27,M05,P016,5,0,Espèces,31.0,M,1.0
T03154,2025-04-20 18:40,M01,P009,2,5,Carte,48.0,M,3.0
T03155,2025-04-20 19:33,M02,P027,1,5,Mobile Money,23.0,F,4.0
T03156,2025-04-20 19:37,M05,P010,2,0,Espèces,16.0,M,3.0
T03157,2025-04-20 19:41,M06,P025,1,10,Mobile Money,37.0,F,3.0
T03158,2025-04-20 19:43,M01,P022,1,0,Espèces,24.0,M,5.0
T03160,2025-04-20 19:47,M06,P009,3,0,Espèces,40.0,F,2.0
T03159,2025-04-20 19:47,M05,P011,1,0,Mobile Money,32.0,F,3.0
T03161,2025-04-20 19:50,M01,P014,4,0,Mobile Money,34.0,M,3.0
T03162,2025-04-20 19:57,M05,P007,3,0,Espèces,45.0,M,4.0
T03163,2025-04-20 20:01,M03,P010,2,0,Espèces,22.0,F,3.0
T03164,2025-04-20 21:05,M05,P022,1,0,Espèces,24.0,F,4.0
T03165,2025-04-21 10:17,M04,P011,3,0,Espèces,37.0,F,1.0
T03166,2025-04-21 11:14,M02,P016,4,0,Espèces,32.0,M,4.0
T03167,2025-04-21 11:33,M01,P001,2,10,Espèces,31.0,F,5.0
T03168,2025-04-21 11:59,M05,P010,6,10,Carte,29.0,M,5.0
T03169,2025-04-21 13:38,M02,P011,2,0,Espèces,43.0,M,3.0
T03170,2025-04-21 13:47,M04,P002,8,0,Mobile Money,37.0,M,2.0
T03171,2025-04-21 14:04,M01,P001,1,0,Mobile Money,38.0,F,2.0
T03172,2025-04-21 14:20,M03,P010,5,0,Espèces,32.0,M,5.0
T03173,2025-04-21 15:32,M06,P014,3,5,Espèces,48.0,F,4.0
T03174,2025-04-21 16:09,M03,P013,6,0,Espèces,34.0,M,3.0
T03175,2025-04-21 16:11,M06,P008,2,0,Espèces,24.0,F,4.0
T03176,2025-04-21 16:16,M06,P005,1,10,Mobile Money,28.0,F,3.0
T03177,2025-04-21 16:20,M04,P002,2,0,Espèces,26.0,M,2.0
T03178,2025-04-21 16:49,M03,P015,2,0,Espèces,31.0,F,5.0
T03179,2025-04-21 16:56,M05,P001,3,0,Espèces,23.0,F,4.0
T03180,2025-04-21 17:16,M04,P017,1,0,Espèces,27.0,M,4.0
T03181,2025-04-21 17:18,M06,P014,1,0,Espèces,31.0,M,4.0
T03182,2025-04-21 17:49,M04,P009,3,0,Carte,44.0,M,3.0
T03183,2025-04-21 18:23,M01,P010,2,0,Carte,26.0,F,3.0
T03184,2025-04-21 18:38,M01,P010,6,0,Carte,37.0,F,2.0
T03185,2025-04-21 18:45,M05,P008,6,0,Espèces,37.0,M,2.0
T03186,2025-04-21 19:07,M01,P009,4,0,Mobile Money,28.0,M,2.0
T03187,2025-04-21 19:27,M01,P017,4,0,Espèces,41.0,F,2.0
T03188,2025-04-21 20:10,M01,P003,1,0,Mobile Money,29.0,F,5.0
T03189,2025-04-21 20:13,M01,P027,1,0,Espèces,37.0,F,4.0
T03190,2025-04-21 21:16,M01,P012,3,0,Espèces,38.0,M,4.0
T03191,2025-04-21 21:53,M02,P001,3,0,Espèces,30.0,M,2.0
T03192,2025-04-22 10:41,M03,P014,2,0,Mobile Money,34.0,M,3.0
T03193,2025-04-22 10:51,M02,P016,2,0,Espèces,43.0,F,4.0
T03194,2025-04-22 11:48,M03,P011,1,0,Espèces,17.0,M,5.0
T03195,2025-04-22 12:13,M02,P001,6,0,Espèces,35.0,M,3.0
T03196,2025-04-22 12:47,M02,P003,6,0,Mobile Money,29.0,F,3.0
T03197,2025-04-22 12:52,M03,P014,3,0,Espèces,36.0,F,5.0
T03198,2025-04-22 13:04,M01,P007,1,0,Espèces,23.0,M,4.0
T03199,2025-04-22 13:11,M02,P019,1,0,Mobile Money,26.0,F,2.0
T03200,2025-04-22 13:12,M06,P018,1,5,Mobile Money,25.0,M,4.0
T03201,2025-04-22 14:40,M05,P024,1,0,Espèces,33.0,F,3.0
T03202,2025-04-22 15:07,M03,P022,1,15,Espèces,,F,4.0
T03203,2025-04-22 15:26,M05,P004,2,0,Espèces,16.0,F,4.0
T03204,2025-04-22 15:48,M01,P022,1,0,Mobile Money,37.0,F,5.0
T03205,2025-04-22 15:58,M03,P012,4,0,espèces,40.0,F,4.0
T03206,2025-04-22 16:02,M04,P002,2,0,Espèces,26.0,F,3.0
T03207,2025-04-22 16:07,M03,P011,5,0,Carte,27.0,F,5.0
T03208,2025-04-22 16:24,M05,P003,3,0,Espèces,32.0,M,4.0
T03209,2025-04-22 17:21,M02,P001,4,0,Carte,34.0,M,3.0
T03210,2025-04-22 17:33,M02,P003,3,10,Espèces,36.0,F,2.0
T03211,2025-04-22 17:52,M01,P012,5,0,Espèces,38.0,M,3.0
T03212,2025-04-22 17:56,M04,P012,4,0,Espèces,48.0,M,3.0
T03213,2025-04-22 18:32,M03,P003,3,0,Espèces,37.0,M,2.0
T03214,2025-04-22 18:34,M01,P010,4,0,Carte,40.0,F,4.0
T03215,2025-04-22 18:52,M05,P008,2,0,Mobile Money,17.0,M,1.0
T03216,2025-04-22 19:04,M03,P013,3,0,Mobile Money,30.0,M,3.0
T03217,2025-04-22 19:49,M01,P002,1,0,Espèces,54.0,M,2.0
T03218,2025-04-22 20:03,M04,P001,3,0,Espèces,32.0,M,2.0
T03219,2025-04-22 20:04,M05,P027,1,0,Espèces,50.0,F,3.0
T03220,2025-04-22 20:54,M05,P004,1,0,Espèces,25.0,M,3.0
T03221,2025-04-22 21:20,M03,P009,1,0,Espèces,16.0,M,4.0
T03222,2025-04-22 21:30,M04,P011,4,15,Mobile Money,39.0,F,3.0
T03223,2025-04-23 11:15,M01,P007,2,0,Espèces,37.0,M,5.0
T03224,2025-04-23 12:09,M01,P008,2,0,Carte,37.0,F,5.0
T03225,2025-04-23 12:36,M01,P009,5,0,Espèces,31.0,M,5.0
T03226,2025-04-23 12:52,M06,P018,4,0,Mobile Money,25.0,F,5.0
T03227,2025-04-23 12:54,M01,P011,5,0,Espèces,24.0,F,3.0
T03228,2025-04-23 12:55,M05,P005,2,0,Espèces,33.0,F,4.0
T03229,2025-04-23 13:04,M04,P016,3,0,Espèces,51.0,F,2.0
T03230,2025-04-23 14:34,M06,P014,2,0,Espèces,29.0,M,3.0
T03231,2025-04-23 14:56,M01,P006,3,0,Espèces,19.0,F,4.0
T03232,2025-04-23 15:17,M01,P007,1,0,Espèces,16.0,F,5.0
T03233,2025-04-23 15:25,M06,P016,3,0,Mobile Money,37.0,M,4.0
T03234,2025-04-23 16:21,M02,P015,2,5,Espèces,17.0,F,3.0
T03235,2025-04-23 16:34,M04,P014,3,0,Mobile Money,33.0,F,2.0
T03236,2025-04-23 17:08,M01,P004,3,5,especes,32.0,F,4.0
T03237,2025-04-23 17:14,M03,P009,6,5,Espèces,23.0,F,5.0
T03238,2025-04-23 17:18,M05,P016,2,10,Espèces,,F,4.0
T03239,2025-04-23 17:35,M05,P009,1,0,Espèces,39.0,F,3.0
T03240,2025-04-23 17:37,M05,P027,1,0,Espèces,37.0,M,5.0
T03241,2025-04-23 17:43,M02,P010,4,15,Mobile Money,30.0,F,2.0
T03242,2025-04-23 18:13,M05,P003,2,0,Espèces,35.0,F,4.0
T03243,2025-04-23 18:27,M02,P001,3,0,Mobile Money,27.0,M,4.0
T03245,2025-04-23 18:54,M03,P002,3,0,Espèces,42.0,F,3.0
T03244,2025-04-23 18:54,M06,P006,4,0,Espèces,17.0,F,3.0
T03246,2025-04-23 19:18,M02,P012,2,0,Mobile Money,52.0,F,3.0
T03247,2025-04-23 19:28,M01,P001,2,10,Mobile Money,24.0,M,2.0
T03248,2025-04-23 19:34,M03,P004,5,0,Espèces,37.0,F,4.0
T03249,2025-04-23 21:06,M03,P007,3,10,Carte,22.0,M,4.0
T03250,2025-04-23 21:07,M02,P008,2,0,Mobile Money,25.0,F,3.0
T03251,2025-04-23 21:53,M03,P005,3,0,Espèces,40.0,M,3.0
T03252,2025-04-24 11:56,M02,P018,3,0,Espèces,30.0,F,3.0
T03253,2025-04-24 12:39,M03,P027,1,0,Espèces,25.0,F,3.0
T03254,2025-04-24 14:03,M03,P026,1,0,Espèces,30.0,M,5.0
T03255,2025-04-24 15:33,M03,P002,5,0,Espèces,37.0,M,3.0
T03256,2025-04-24 16:27,M05,P011,1,5,Espèces,40.0,M,5.0
T03257,2025-04-24 16:30,M01,P009,2,0,Espèces,43.0,F,4.0
T03258,2025-04-24 16:52,M05,P012,1,0,Mobile Money,49.0,F,4.0
T03259,2025-04-24 16:54,M04,P002,2,0,Espèces,34.0,F,2.0
T03260,2025-04-24 17:12,M01,P015,4,0,espèces,41.0,F,3.0
T03261,2025-04-24 17:13,M06,P010,4,0,Mobile Money,27.0,M,3.0
T03262,2025-04-24 17:22,M02,P010,4,0,Mobile Money,16.0,F,5.0
T03263,2025-04-24 17:36,M05,P011,1,0,Espèces,49.0,F,3.0
T03264,2025-04-24 17:37,M01,P008,3,5,Mobile Money,36.0,F,3.0
T03265,2025-04-24 18:02,M03,P015,2,15,Espèces,34.0,M,4.0
T03266,2025-04-24 18:08,M04,P019,1,0,MoMo,17.0,M,4.0
T03267,2025-04-24 18:25,M03,P014,1,0,Espèces,33.0,M,5.0
T03268,2025-04-24 18:45,M01,P013,2,0,Espèces,18.0,M,4.0
T03269,2025-04-24 19:25,M05,P011,5,0,Espèces,21.0,F,4.0
T03270,2025-04-24 20:16,M04,P012,1,0,Espèces,24.0,M,2.0
T03271,2025-04-24 20:24,M03,P009,2,5,Mobile Money,51.0,M,2.0
T03272,2025-04-25 09:26,M01,P003,2,0,Mobile Money,26.0,F,3.0
T03273,2025-04-25 10:29,M03,P018,5,0,Mobile Money,26.0,F,5.0
T03274,2025-04-25 11:56,M05,P003,1,0,Espèces,25.0,F,3.0
T03275,2025-04-25 12:14,M02,P020,1,0,Espèces,25.0,F,4.0
T03276,2025-04-25 12:23,M02,P022,1,5,Carte,30.0,M,2.0
T03277,2025-04-25 12:29,M04,P017,2,0,Mobile Money,16.0,F,4.0
T03278,2025-04-25 12:51,M05,P010,1,0,Mobile Money,41.0,F,3.0
T03279,2025-04-25 12:53,M02,P024,1,0,Mobile Money,21.0,F,2.0
T03280,2025-04-25 12:59,M03,P001,5,0,Mobile Money,39.0,M,3.0
T03281,2025-04-25 13:00,M05,P004,3,0,Carte,25.0,F,3.0
T03282,2025-04-25 13:21,M02,P004,2,0,Espèces,16.0,F,3.0
T03283,2025-04-25 13:48,M01,P005,4,0,Espèces,36.0,M,3.0
T03284,2025-04-25 14:28,M04,P018,2,0,Mobile Money,32.0,F,3.0
T03285,2025-04-25 15:24,M03,P006,1,0,Espèces,38.0,M,4.0
T03286,2025-04-25 15:44,M01,P012,3,15,Espèces,31.0,M,4.0
T03287,2025-04-25 15:52,M04,P006,2,15,Espèces,39.0,F,3.0
T03288,2025-04-25 16:19,M02,P010,2,0,Mobile Money,31.0,F,4.0
T03289,2025-04-25 16:24,M02,P023,1,0,Mobile Money,23.0,M,3.0
T03290,2025-04-25 16:32,M02,P001,4,5,Mobile Money,30.0,M,4.0
T03291,2025-04-25 16:34,M01,P017,2,0,Espèces,36.0,M,5.0
T03292,2025-04-25 16:53,M04,P011,2,0,Espèces,30.0,M,2.0
T03293,2025-04-25 17:45,M01,P005,2,0,Espèces,38.0,F,4.0
T03294,2025-04-25 17:54,M04,P018,5,5,Mobile Money,39.0,F,4.0
T03295,2025-04-25 18:05,M02,P005,1,0,Carte,22.0,M,4.0
T03296,2025-04-25 18:10,M02,P009,4,0,Mobile Money,,F,4.0
T03297,2025-04-25 18:29,M04,P022,1,0,Mobile Money,24.0,M,3.0
T03298,2025-04-25 18:55,M06,P002,3,0,Mobile Money,32.0,M,1.0
T03299,2025-04-25 18:59,M02,P004,2,0,Mobile Money,38.0,M,3.0
T03300,2025-04-25 19:03,M06,P026,1,0,Mobile Money,36.0,F,3.0
T03301,2025-04-25 19:25,M06,P004,1,0,Espèces,46.0,M,4.0
T03302,2025-04-25 19:33,M03,P009,2,0,Mobile Money,50.0,F,4.0
T03303,2025-04-25 19:45,M04,P010,5,0,Mobile Money,37.0,M,1.0
T03304,2025-04-25 20:13,M05,P009,4,0,Mobile Money,42.0,M,4.0
T03305,2025-04-25 21:40,M01,P009,3,5,Carte,41.0,F,3.0
T03306,2025-04-25 21:53,M03,P014,3,0,Mobile Money,22.0,M,3.0
T03307,2025-04-26 11:28,M02,P009,1,0,Mobile Money,42.0,M,4.0
T03308,2025-04-26 11:30,M04,P008,1,0,Espèces,22.0,F,3.0
T03309,2025-04-26 12:24,M03,P003,2,0,Espèces,32.0,F,5.0
T03310,2025-04-26 12:35,M01,P022,1,0,Mobile Money,26.0,M,4.0
T03311,2025-04-26 12:36,M05,P003,2,0,Mobile Money,44.0,M,4.0
T03312,2025-04-26 13:32,M02,P003,3,0,Carte,32.0,M,2.0
T03313,2025-04-26 13:52,M01,P011,3,0,Espèces,37.0,F,5.0
T03314,2025-04-26 14:53,M02,P007,5,0,Espèces,40.0,F,3.0
T03315,2025-04-26 15:39,M04,P014,5,0,Espèces,28.0,M,3.0
T03316,2025-04-26 15:47,M03,P011,5,0,Espèces,39.0,M,4.0
T03317,2025-04-26 15:57,M02,P009,2,10,Espèces,45.0,M,3.0
T03318,2025-04-26 16:07,M05,P004,3,5,Espèces,27.0,M,4.0
T03319,2025-04-26 17:04,M04,P003,2,0,Espèces,26.0,F,2.0
T03320,2025-04-26 17:14,M04,P007,2,0,Mobile Money,39.0,F,1.0
T03321,2025-04-26 17:15,M02,P003,2,15,Espèces,29.0,F,4.0
T03322,2025-04-26 17:20,M02,P020,1,0,Espèces,16.0,M,4.0
T03323,2025-04-26 17:31,M03,P010,2,0,Mobile Money,19.0,M,3.0
T03324,2025-04-26 17:43,M01,P014,1,0,Espèces,24.0,F,5.0
T03325,2025-04-26 18:08,M01,P012,2,0,Carte,,M,3.0
T03326,2025-04-26 18:13,M01,P009,2,0,Espèces,22.0,F,3.0
T03327,2025-04-26 18:25,M06,P013,3,10,Espèces,35.0,F,4.0
T03328,2025-04-26 18:40,M06,P010,2,0,Mobile Money,46.0,M,3.0
T03329,2025-04-26 18:58,M01,P018,1,0,Espèces,23.0,F,4.0
T03330,2025-04-26 19:04,M05,P001,3,0,Espèces,35.0,M,5.0
T03331,2025-04-26 19:19,M02,P001,2,0,Espèces,21.0,M,3.0
T03332,2025-04-26 19:29,M05,P003,2,0,Espèces,22.0,M,4.0
T03333,2025-04-26 19:39,M06,P016,3,10,Espèces,23.0,F,4.0
T03334,2025-04-26 19:48,M02,P001,4,5,Carte,44.0,F,4.0
T03335,2025-04-26 20:00,M06,P001,3,0,Espèces,,F,3.0
T03336,2025-04-26 20:03,M04,P009,1,5,Espèces,26.0,F,2.0
T03337,2025-04-26 20:05,M01,P001,3,10,Espèces,16.0,F,4.0
T03338,2025-04-26 20:06,M02,P015,2,0,Espèces,32.0,M,3.0
T03339,2025-04-26 20:09,M01,P004,2,5,Espèces,41.0,F,3.0
T03340,2025-04-26 20:20,M01,P014,2,15,Mobile Money,29.0,F,4.0
T03341,2025-04-26 20:21,M06,P009,1,0,Espèces,29.0,F,5.0
T03342,2025-04-26 20:58,M03,P004,2,5,Mobile Money,29.0,M,2.0
T03343,2025-04-26 21:53,M02,P020,1,0,Espèces,27.0,F,3.0
T03344,2025-04-27 09:58,M01,P004,1,0,Mobile Money,25.0,M,5.0
T03345,2025-04-27 11:06,M04,P014,4,0,Espèces,43.0,F,4.0
T03346,2025-04-27 11:58,M01,P013,4,0,Mobile Money,27.0,F,3.0
T03347,2025-04-27 11:59,M01,P006,4,0,Espèces,41.0,F,5.0
T03348,2025-04-27 12:05,M02,P009,3,0,Mobile Money,39.0,F,3.0
T03349,2025-04-27 12:27,M05,P005,3,0,Espèces,22.0,F,2.0
T03350,2025-04-27 12:42,M05,P001,3,0,Mobile Money,34.0,F,3.0
T03351,2025-04-27 12:43,M06,P009,5,5,carte,51.0,M,4.0
T03352,2025-04-27 14:09,M02,P003,3,0,Carte,48.0,F,4.0
T03353,2025-04-27 14:27,M06,P006,5,10,Espèces,,F,2.0
T03354,2025-04-27 15:57,M06,P003,2,0,Espèces,34.0,M,3.0
T03355,2025-04-27 16:09,M03,P006,3,0,Espèces,33.0,F,5.0
T03356,2025-04-27 17:00,M01,P010,3,0,Mobile Money,42.0,F,4.0
T03357,2025-04-27 17:00,M05,P010,1,0,mobile money,41.0,M,2.0
T03358,2025-04-27 17:07,M01,P009,3,0,Carte,34.0,M,5.0
T03359,2025-04-27 17:08,M06,P011,1,0,Espèces,34.0,M,2.0
T03360,2025-04-27 17:09,M01,P019,1,0,Espèces,31.0,M,4.0
T03361,2025-04-27 17:16,M01,P014,3,0,Mobile Money,28.0,M,4.0
T03362,2025-04-27 17:24,M04,P009,1,0,Espèces,34.0,M,4.0
T03363,2025-04-27 17:24,M02,P018,2,0,Espèces,29.0,F,3.0
T03364,2025-04-27 17:32,M06,P007,2,0,Espèces,47.0,M,4.0
T03365,2025-04-27 17:36,M01,P012,5,0,Espèces,40.0,F,4.0
T03366,2025-04-27 17:43,M06,P020,1,0,Espèces,23.0,F,2.0
T03367,2025-04-27 17:56,M04,P026,1,10,Espèces,37.0,F,4.0
T03368,2025-04-27 17:59,M01,P013,4,0,Mobile Money,41.0,F,4.0
T03369,2025-04-27 18:19,M05,P007,1,0,Mobile Money,35.0,M,4.0
T03370,2025-04-27 18:31,M04,P025,1,0,Mobile Money,28.0,F,2.0
T03371,2025-04-27 18:33,M01,P009,2,0,Espèces,47.0,F,3.0
T03372,2025-04-27 19:23,M06,P005,2,0,Espèces,54.0,M,3.0
T03373,2025-04-27 19:35,M05,P013,4,0,Mobile Money,31.0,M,5.0
T03374,2025-04-27 20:00,M05,P012,3,0,Espèces,38.0,F,5.0
T03375,2025-04-27 20:14,M04,P002,7,10,Mobile Money,26.0,F,3.0
T03376,2025-04-27 20:32,M05,P010,3,0,Mobile Money,43.0,F,4.0
T03377,2025-04-27 20:44,M06,P012,3,0,Carte,31.0,F,3.0
T03378,2025-04-27 20:45,M01,P014,4,0,Mobile Money,36.0,M,3.0
T03379,2025-04-27 21:01,M04,P005,2,0,Mobile Money,26.0,M,2.0
T03380,2025-04-27 21:06,M05,P012,1,5,Espèces,35.0,F,3.0
T03381,2025-04-28 11:19,M01,P005,1,10,Mobile Money,34.0,F,5.0
T03382,2025-04-28 11:40,M03,P014,2,0,Mobile Money,47.0,F,3.0
T03383,2025-04-28 12:22,M03,P006,2,0,Espèces,32.0,M,3.0
T03384,2025-04-28 12:53,M02,P014,-3,0,Mobile Money,46.0,F,4.0
T03385,2025-04-28 13:01,M03,P004,2,0,Espèces,38.0,M,4.0
T03386,2025-04-28 13:05,M06,P003,3,0,Espèces,26.0,F,3.0
T03387,2025-04-28 13:31,M03,P008,2,0,Espèces,16.0,M,4.0
T03388,2025-04-28 13:57,M03,P015,1,0,Espèces,37.0,M,3.0
T03389,2025-04-28 14:04,M03,P008,1,10,Mobile Money,48.0,M,4.0
T03390,2025-04-28 14:55,M01,P014,6,0,Espèces,35.0,M,5.0
T03391,2025-04-28 14:57,M06,P013,2,0,Espèces,30.0,F,4.0
T03392,2025-04-28 15:46,M04,P012,2,0,Mobile Money,25.0,M,4.0
T03393,2025-04-28 16:14,M03,P005,3,0,Mobile Money,37.0,F,5.0
T03394,2025-04-28 17:02,M04,P011,3,5,Espèces,41.0,M,3.0
T03395,2025-04-28 17:13,M04,P016,3,0,Mobile Money,31.0,F,2.0
T03396,2025-04-28 17:22,M01,P011,4,0,Espèces,41.0,F,4.0
T03397,2025-04-28 17:35,M01,P003,4,5,Carte,19.0,M,3.0
T03398,2025-04-28 17:42,M06,P003,2,0,Espèces,34.0,F,2.0
T03398,2025-04-28 17:42,M06,P003,2,0,Espèces,34.0,F,2.0
T03399,2025-04-28 17:44,M01,P024,1,0,Espèces,34.0,M,5.0
T03400,2025-04-28 17:50,M04,P007,2,0,Carte,,M,3.0
T03401,2025-04-28 17:52,M01,P007,4,15,Espèces,29.0,M,4.0
T03402,2025-04-28 18:05,M04,P011,1,0,Mobile Money,41.0,M,2.0
T03403,2025-04-28 18:16,M01,P019,1,5,Espèces,16.0,M,4.0
T03404,2025-04-28 18:18,M06,P015,2,0,Mobile Money,47.0,M,3.0
T03405,2025-04-28 18:40,M02,P003,4,0,Carte,25.0,F,3.0
T03406,2025-04-28 18:43,M06,P001,1,0,Mobile Money,35.0,M,3.0
T03407,2025-04-28 19:33,M05,P009,3,0,Espèces,41.0,M,4.0
T03408,2025-04-28 19:36,M06,P024,1,0,Carte,24.0,F,3.0
T03409,2025-04-29 11:03,M02,P008,3,0,Mobile Money,50.0,F,2.0
T03410,2025-04-29 11:06,M02,P012,1,0,Espèces,25.0,M,3.0
T03411,2025-04-29 11:10,M02,P014,3,0,Espèces,31.0,M,4.0
T03412,2025-04-29 11:18,M01,P022,1,0,Espèces,28.0,F,5.0
T03413,2025-04-29 12:07,M04,P014,2,0,Espèces,16.0,M,2.0
T03414,2025-04-29 12:21,M03,P003,3,0,Espèces,37.0,F,5.0
T03415,2025-04-29 12:55,M01,P015,2,0,Carte,43.0,F,4.0
T03416,2025-04-29 13:55,M04,P019,1,0,Espèces,24.0,M,3.0
T03417,2025-04-29 14:18,M06,P016,4,0,Espèces,31.0,M,5.0
T03418,2025-04-29 14:38,M05,P002,5,0,Carte,29.0,F,4.0
T03419,2025-04-29 14:48,M04,P017,3,0,Carte,43.0,F,1.0
T03420,2025-04-29 15:55,M06,P015,5,0,Carte,35.0,F,2.0
T03421,2025-04-29 16:29,M03,P007,2,0,Espèces,36.0,F,4.0
T03422,2025-04-29 17:07,M06,P003,1,0,Carte,46.0,M,5.0
T03423,2025-04-29 17:20,M06,P001,4,0,Espèces,54.0,F,4.0
T03424,2025-04-29 17:22,M02,P018,1,0,Carte,16.0,M,3.0
T03425,2025-04-29 17:28,M03,P005,1,0,Espèces,41.0,F,5.0
T03427,2025-04-29 18:11,M03,P008,3,5,Espèces,40.0,M,5.0
T03426,2025-04-29 18:11,M04,P006,2,0,Mobile Money,48.0,M,2.0
T03428,2025-04-29 18:17,M06,P023,1,0,Espèces,36.0,M,5.0
T03429,2025-04-29 18:54,M01,P009,5,0,Espèces,33.0,F,4.0
T03430,2025-04-29 19:33,M01,P026,1,0,Mobile Money,22.0,F,3.0
T03431,2025-04-29 20:08,M03,P022,1,0,Espèces,31.0,F,4.0
T03432,2025-04-29 20:29,M05,P002,3,0,Espèces,25.0,M,4.0
T03433,2025-04-30 10:19,M03,P005,1,0,Espèces,22.0,M,2.0
T03434,2025-04-30 11:15,M01,P024,1,0,Espèces,53.0,M,4.0
T03435,2025-04-30 11:44,M02,P020,1,0,Espèces,21.0,M,4.0
T03436,2025-04-30 12:34,M06,P017,2,5,Espèces,34.0,F,3.0
T03437,2025-04-30 12:35,M03,P005,2,0,Espèces,48.0,F,3.0
T03438,2025-04-30 12:53,M01,P009,3,0,Espèces,42.0,F,3.0
T03439,2025-04-30 13:09,M01,P009,5,10,Espèces,29.0,M,5.0
T03440,2025-04-30 15:57,M02,P001,4,0,Espèces,42.0,M,3.0
T03441,2025-04-30 16:41,M02,P008,2,0,Mobile Money,31.0,M,4.0
T03442,2025-04-30 16:44,M03,P006,4,0,Espèces,30.0,M,3.0
T03443,2025-04-30 16:47,M05,P027,1,0,Espèces,45.0,F,3.0
T03444,2025-04-30 17:10,M02,P004,2,0,Espèces,47.0,M,5.0
T03445,2025-04-30 17:11,M05,P009,1,0,Mobile Money,27.0,F,3.0
T03446,2025-04-30 17:11,M01,P003,3,0,Espèces,25.0,M,4.0
T03448,2025-04-30 17:28,M04,P001,2,0,Espèces,30.0,F,1.0
T03447,2025-04-30 17:28,M05,P013,2,0,Espèces,40.0,F,4.0
T03449,2025-04-30 17:39,M04,P015,3,0,Mobile Money,48.0,M,2.0
T03450,2025-04-30 17:57,M06,P012,2,0,espèces,43.0,F,3.0
T03451,2025-04-30 18:00,M03,P022,1,0,Carte,38.0,M,4.0
T03452,2025-04-30 18:10,M02,P010,1,0,Carte,23.0,F,3.0
T03453,2025-04-30 18:29,M01,P003,1,0,Mobile Money,40.0,F,4.0
T03454,2025-04-30 18:46,M01,P010,3,0,Mobile Money,28.0,M,4.0
T03455,2025-04-30 18:55,M03,P002,4,0,Carte,46.0,F,4.0
T03456,2025-04-30 19:13,M03,P013,3,0,Espèces,40.0,F,3.0
T03457,2025-04-30 19:24,M05,P013,5,0,Mobile Money,26.0,F,3.0
T03458,2025-04-30 20:10,M02,P004,1,0,Espèces,30.0,F,4.0
T03459,2025-05-01 11:05,M01,P004,3,0,Mobile Money,41.0,F,3.0
T03460,2025-05-01 12:07,M02,P008,3,0,Carte,45.0,M,3.0
T03461,2025-05-01 12:15,M04,P008,1,0,Espèces,16.0,M,2.0
T03462,2025-05-01 12:20,M01,P013,3,0,Espèces,42.0,F,4.0
T03463,2025-05-01 12:40,M01,P019,1,0,Mobile Money,36.0,M,3.0
T03464,2025-05-01 12:58,M05,P009,3,5,Mobile Money,40.0,F,3.0
T03465,2025-05-01 14:04,M01,P005,1,0,Mobile Money,26.0,F,4.0
T03466,2025-05-01 16:14,M06,P022,1,0,Espèces,16.0,F,3.0
T03467,2025-05-01 16:28,M05,P027,1,0,Espèces,34.0,F,5.0
T03468,2025-05-01 16:41,M01,P004,5,10,Espèces,25.0,M,3.0
T03469,2025-05-01 17:06,M05,P003,3,0,Mobile Money,32.0,F,4.0
T03470,2025-05-01 17:19,M02,P011,1,0,Mobile Money,51.0,F,2.0
T03471,2025-05-01 17:21,M04,P007,2,0,Espèces,39.0,M,2.0
T03472,2025-05-01 17:45,M01,P007,3,0,Espèces,24.0,F,3.0
T03473,2025-05-01 17:58,M01,P004,6,5,Espèces,37.0,M,4.0
T03474,2025-05-01 18:10,M06,P002,2,0,Mobile Money,39.0,M,2.0
T03475,2025-05-01 18:21,M01,P015,1,0,Espèces,36.0,M,3.0
T03476,2025-05-01 18:40,M01,P009,2,0,Espèces,26.0,F,5.0
T03477,2025-05-01 19:00,M01,P015,2,0,Espèces,33.0,M,1.0
T03478,2025-05-01 19:15,M06,P003,3,0,Espèces,47.0,M,4.0
T03479,2025-05-01 19:24,M04,P012,1,0,Espèces,28.0,M,1.0
T03480,2025-05-01 19:54,M03,P024,1,0,Mobile Money,43.0,F,5.0
T03481,2025-05-01 20:25,M02,P019,1,0,Espèces,27.0,F,3.0
T03482,2025-05-02 09:26,M01,P002,5,0,Mobile Money,51.0,F,3.0
T03483,2025-05-02 10:18,M06,P016,5,5,Espèces,23.0,M,2.0
T03484,2025-05-02 10:58,M01,P023,1,0,Espèces,19.0,F,4.0
T03485,2025-05-02 11:23,M04,P006,3,0,Espèces,29.0,M,3.0
T03486,2025-05-02 11:23,M05,P010,3,10,Espèces,42.0,F,4.0
T03487,2025-05-02 11:41,M02,P020,1,0,Mobile Money,16.0,M,4.0
T03488,2025-05-02 12:53,M02,P017,4,0,Mobile Money,25.0,M,4.0
T03489,2025-05-02 12:58,M04,P002,1,0,Espèces,41.0,F,3.0
T03490,2025-05-02 13:18,M06,P020,1,0,Espèces,21.0,F,3.0
T03491,2025-05-02 14:20,M02,P014,4,0,Mobile Money,29.0,F,3.0
T03492,2025-05-02 14:38,M05,P013,2,0,Espèces,40.0,F,4.0
T03493,2025-05-02 15:25,M02,P005,1,0,Espèces,34.0,M,3.0
T03494,2025-05-02 15:44,M04,P012,2,0,Espèces,44.0,M,3.0
T03495,2025-05-02 16:17,M03,P012,2,5,Espèces,33.0,M,4.0
T03496,2025-05-02 16:29,M06,P002,4,0,Mobile Money,31.0,M,3.0
T03497,2025-05-02 16:51,M03,P011,3,10,Mobile Money,28.0,M,4.0
T03498,2025-05-02 17:12,M01,P025,1,0,Espèces,16.0,M,4.0
T03499,2025-05-02 17:15,M01,P001,1,0,Espèces,34.0,F,4.0
T03500,2025-05-02 17:31,M01,P009,2,0,Espèces,28.0,M,5.0
T03501,2025-05-02 17:53,M06,P020,1,0,Mobile Money,28.0,F,2.0
T03502,2025-05-02 17:56,M01,P006,2,0,espèces,17.0,M,5.0
T03503,2025-05-02 17:57,M03,P013,3,0,Espèces,16.0,F,3.0
T03504,2025-05-02 18:33,M01,P016,5,5,Espèces,23.0,F,2.0
T03505,2025-05-02 18:38,M01,P010,3,10,Mobile Money,28.0,F,3.0
T03506,2025-05-02 18:54,M02,P016,2,0,Espèces,46.0,F,4.0
T03506,2025-05-02 18:54,M02,P016,2,0,Espèces,46.0,F,4.0
T03507,2025-05-02 18:59,M05,P007,2,0,Espèces,31.0,M,4.0
T03508,2025-05-02 19:17,M05,P001,3,10,Espèces,50.0,F,4.0
T03509,2025-05-02 19:30,M03,P016,3,0,Espèces,18.0,M,4.0
T03510,2025-05-02 19:35,M01,P003,3,0,Espèces,42.0,F,3.0
T03511,2025-05-02 19:56,M02,P004,3,10,Carte,27.0,F,3.0
T03512,2025-05-02 20:40,M02,P024,1,0,Carte,22.0,M,4.0
T03513,2025-05-02 20:42,M01,P008,5,0,Espèces,32.0,M,3.0
T03514,2025-05-03 10:47,M02,P015,4,0,Espèces,34.0,F,5.0
T03515,2025-05-03 11:14,M03,P010,1,0,Espèces,51.0,M,3.0
T03516,2025-05-03 11:22,M01,P024,1,0,Espèces,24.0,F,4.0
T03517,2025-05-03 11:34,M01,P017,4,10,Espèces,27.0,M,4.0
T03518,2025-05-03 11:59,M01,P002,3,5,Espèces,27.0,F,1.0
T03519,2025-05-03 12:00,M01,P011,2,0,Mobile Money,31.0,F,5.0
T03520,2025-05-03 12:06,M01,P004,3,0,Espèces,44.0,M,5.0
T03521,2025-05-03 12:28,M05,P009,4,0,Carte,40.0,F,3.0
T03522,2025-05-03 12:30,M04,P001,1,0,Espèces,44.0,F,4.0
T03523,2025-05-03 12:39,M06,P011,3,0,Mobile Money,16.0,F,4.0
T03524,2025-05-03 12:50,M03,P004,2,5,Espèces,39.0,M,1.0
T03525,2025-05-03 12:57,M03,P011,1,0,Espèces,41.0,M,4.0
T03526,2025-05-03 13:08,M04,P014,4,0,Mobile Money,,M,2.0
T03527,2025-05-03 13:16,M03,P004,4,0,Mobile Money,17.0,M,3.0
T03528,2025-05-03 13:31,M04,P018,3,0,Carte,51.0,M,3.0
T03529,2025-05-03 14:19,M02,P005,3,0,Mobile Money,16.0,F,3.0
T03530,2025-05-03 14:21,M05,P008,2,0,Mobile Money,38.0,F,5.0
T03531,2025-05-03 14:43,M03,P004,1,0,Mobile Money,34.0,F,5.0
T03532,2025-05-03 15:25,M01,P014,2,0,Espèces,28.0,F,3.0
T03533,2025-05-03 15:31,M04,P010,2,0,Espèces,43.0,M,2.0
T03534,2025-05-03 15:32,M01,P009,4,0,Espèces,,M,5.0
T03535,2025-05-03 15:40,M02,P013,2,0,Mobile Money,34.0,M,3.0
T03537,2025-05-03 16:08,M01,P016,2,5,Espèces,42.0,M,5.0
T03536,2025-05-03 16:08,M03,P019,1,0,Mobile Money,19.0,F,4.0
T03538,2025-05-03 16:28,M04,P006,2,0,Espèces,58.0,F,2.0
T03539,2025-05-03 16:32,M04,P022,1,0,Mobile Money,21.0,M,3.0
T03540,2025-05-03 16:46,M05,P002,1,0,Mobile Money,20.0,F,3.0
T03541,2025-05-03 16:53,M04,P006,5,0,Mobile Money,28.0,F,2.0
T03542,2025-05-03 16:58,M02,P004,3,5,Mobile Money,56.0,M,3.0
T03543,2025-05-03 17:01,M04,P015,4,0,Espèces,36.0,M,2.0
T03544,2025-05-03 17:03,M01,P017,3,0,Mobile Money,33.0,F,4.0
T03545,2025-05-03 17:13,M03,P002,2,0,Mobile Money,37.0,M,3.0
T03546,2025-05-03 17:23,M01,P002,4,0,Espèces,27.0,M,3.0
T03547,2025-05-03 17:42,M05,P014,4,0,Mobile Money,40.0,M,3.0
T03548,2025-05-03 17:58,M01,P002,4,0,Espèces,50.0,M,3.0
T03549,2025-05-03 18:08,M04,P013,1,0,Espèces,43.0,F,4.0
T03550,2025-05-03 18:11,M02,P009,3,0,Espèces,25.0,F,4.0
T03551,2025-05-03 18:14,M01,P009,2,0,Mobile Money,33.0,F,5.0
T03552,2025-05-03 18:22,M03,P004,3,0,Espèces,29.0,M,3.0
T03554,2025-05-03 18:30,M05,P024,1,0,Mobile Money,48.0,F,4.0
T03553,2025-05-03 18:30,M03,P025,1,0,Carte,21.0,F,4.0
T03555,2025-05-03 18:40,M04,P009,3,0,Espèces,48.0,F,2.0
T03556,2025-05-03 18:50,M01,P023,1,0,Espèces,27.0,M,5.0
T03557,2025-05-03 19:22,M05,P018,2,0,Espèces,34.0,F,5.0
T03558,2025-05-03 19:32,M02,P005,2,0,Carte,47.0,F,3.0
T03559,2025-05-03 19:35,M01,P018,3,5,Espèces,33.0,M,3.0
T03560,2025-05-03 19:41,M05,P016,1,0,Espèces,44.0,M,3.0
T03561,2025-05-03 19:49,M04,P001,1,0,Mobile Money,31.0,M,3.0
T03562,2025-05-03 20:20,M05,P009,1,0,Espèces,45.0,F,3.0
T03563,2025-05-03 21:25,M03,P024,1,0,Espèces,18.0,M,4.0
T03564,2025-05-04 10:16,M01,P004,2,5,Mobile Money,42.0,F,3.0
T03565,2025-05-04 11:07,M02,P003,1,0,Mobile Money,48.0,F,5.0
T03566,2025-05-04 11:10,M02,P012,1,0,Espèces,39.0,F,5.0
T03567,2025-05-04 11:45,M02,P002,2,0,Mobile Money,36.0,M,5.0
T03568,2025-05-04 12:15,M04,P014,4,0,Espèces,45.0,M,3.0
T03569,2025-05-04 12:28,M04,P016,3,0,Espèces,34.0,F,3.0
T03570,2025-05-04 12:36,M03,P004,1,0,Espèces,36.0,F,2.0
T03571,2025-05-04 12:37,M05,P002,2,0,Espèces,18.0,M,2.0
T03572,2025-05-04 12:43,M03,P006,2,0,Espèces,30.0,F,3.0
T03573,2025-05-04 12:49,M01,P024,1,0,Espèces,16.0,F,5.0
T03574,2025-05-04 13:21,M02,P023,-1,0,Espèces,34.0,F,3.0
T03575,2025-05-04 14:04,M03,P014,4,0,Espèces,31.0,M,5.0
T03576,2025-05-04 14:15,M01,P009,1,0,Espèces,36.0,F,4.0
T03577,2025-05-04 14:19,M01,P009,1,0,Mobile Money,28.0,F,5.0
T03578,2025-05-04 14:27,M02,P009,1,0,Mobile Money,16.0,F,4.0
T03579,2025-05-04 14:34,M03,P016,3,0,Mobile Money,36.0,F,5.0
T03580,2025-05-04 14:40,M04,P007,3,0,Mobile Money,41.0,F,1.0
T03581,2025-05-04 15:16,M02,P007,4,0,Espèces,27.0,F,4.0
T03582,2025-05-04 15:36,M01,P011,3,0,Mobile Money,53.0,F,4.0
T03583,2025-05-04 16:08,M01,P008,3,0,Espèces,,F,4.0
T03584,2025-05-04 16:19,M04,P017,4,0,Espèces,36.0,F,3.0
T03585,2025-05-04 16:26,M06,P003,5,10,Mobile Money,31.0,F,4.0
T03586,2025-05-04 16:36,M04,P022,1,5,Mobile Money,,F,2.0
T03587,2025-05-04 16:37,M01,P011,1,0,Carte,27.0,F,5.0
T03588,2025-05-04 16:42,M01,P008,5,0,Mobile Money,35.0,M,2.0
T03589,2025-05-04 17:14,M05,P011,6,0,Espèces,47.0,F,4.0
T03590,2025-05-04 17:19,M02,P001,2,0,Espèces,25.0,M,4.0
T03591,2025-05-04 17:25,M02,P022,1,0,Espèces,28.0,M,4.0
T03592,2025-05-04 17:41,M03,P017,3,0,Espèces,34.0,M,4.0
T03593,2025-05-04 17:46,M01,P008,5,5,Espèces,45.0,F,5.0
T03594,2025-05-04 17:56,M05,P027,1,0,Espèces,26.0,M,2.0
T03595,2025-05-04 18:18,M01,P010,3,15,Carte,26.0,M,3.0
T03596,2025-05-04 18:24,M04,P012,5,0,Espèces,45.0,M,2.0
T03598,2025-05-04 18:40,M01,P002,2,0,Espèces,32.0,M,4.0
T03597,2025-05-04 18:40,M01,P025,1,0,Espèces,41.0,M,4.0
T03599,2025-05-04 19:06,M03,P010,1,0,Mobile Money,44.0,M,4.0
T03600,2025-05-04 19:10,M01,P005,4,0,Espèces,29.0,M,5.0
T03601,2025-05-04 19:26,M01,P016,3,5,Espèces,26.0,F,3.0
T03602,2025-05-04 19:56,M03,P005,2,0,Espèces,33.0,F,3.0
T03603,2025-05-04 20:07,M02,P023,3,15,Carte,25.0,F,3.0
T03604,2025-05-04 20:49,M01,P009,2,0,Espèces,47.0,M,3.0
T03605,2025-05-04 20:55,M03,P001,3,0,Mobile Money,,M,3.0
T03606,2025-05-05 11:00,M04,P005,7,0,Mobile Money,23.0,F,3.0
T03607,2025-05-05 11:22,M05,P017,3,0,Espèces,25.0,F,5.0
T03608,2025-05-05 12:18,M02,P024,1,0,Mobile Money,47.0,M,4.0
T03609,2025-05-05 12:39,M02,P006,3,0,Espèces,49.0,F,4.0
T03610,2025-05-05 13:02,M04,P008,3,0,Carte,40.0,M,1.0
T03611,2025-05-05 16:06,M02,P011,4,0,Espèces,37.0,M,4.0
T03612,2025-05-05 16:08,M01,P004,3,0,Espèces,25.0,M,3.0
T03613,2025-05-05 16:39,M06,P023,1,0,Carte,32.0,M,5.0
T03614,2025-05-05 16:40,M01,P002,4,0,Espèces,30.0,M,4.0
T03615,2025-05-05 16:46,M02,P019,1,0,Mobile Money,29.0,F,3.0
T03616,2025-05-05 17:16,M01,P009,1,0,Mobile Money,30.0,F,4.0
T03617,2025-05-05 17:19,M01,P011,4,0,Mobile Money,49.0,F,4.0
T03618,2025-05-05 17:30,M01,P010,2,5,Mobile Money,32.0,F,4.0
T03619,2025-05-05 17:35,M06,P010,3,5,Espèces,16.0,F,3.0
T03620,2025-05-05 17:38,M04,P016,3,0,Espèces,35.0,F,4.0
T03621,2025-05-05 17:40,M04,P005,1,0,Espèces,30.0,F,3.0
T03622,2025-05-05 17:57,M03,P001,4,0,Espèces,38.0,M,3.0
T03623,2025-05-05 18:09,M06,P005,3,0,Mobile Money,29.0,F,2.0
T03624,2025-05-05 18:13,M03,P014,1,0,Espèces,41.0,F,4.0
T03625,2025-05-05 18:39,M05,P012,1,0,Mobile Money,21.0,F,3.0
T03626,2025-05-05 18:49,M02,P012,1,0,Espèces,39.0,F,3.0
T03627,2025-05-05 19:16,M01,P025,1,5,Mobile Money,32.0,F,4.0
T03628,2025-05-05 20:10,M01,P004,3,0,Mobile Money,33.0,F,3.0
T03629,2025-05-06 10:45,M06,P006,3,0,Espèces,29.0,F,3.0
T03630,2025-05-06 11:38,M01,P001,3,0,Espèces,16.0,F,4.0
T03631,2025-05-06 12:33,M06,P005,2,0,Espèces,36.0,M,4.0
T03632,2025-05-06 12:59,M01,P001,3,15,Espèces,35.0,M,3.0
T03633,2025-05-06 12:59,M01,P020,1,0,Espèces,29.0,F,2.0
T03634,2025-05-06 13:09,M04,P004,3,10,Mobile Money,37.0,F,4.0
T03635,2025-05-06 13:21,M02,P009,2,0,Mobile Money,46.0,M,3.0
T03636,2025-05-06 13:35,M04,P003,4,0,Mobile Money,16.0,M,3.0
T03637,2025-05-06 16:17,M01,P010,7,0,Espèces,23.0,M,5.0
T03638,2025-05-06 16:17,M03,P007,3,0,Espèces,21.0,F,3.0
T03639,2025-05-06 16:49,M05,P004,1,0,Espèces,45.0,M,3.0
T03640,2025-05-06 17:14,M03,P007,4,0,Espèces,36.0,F,3.0
T03641,2025-05-06 17:34,M02,P001,2,10,Espèces,46.0,F,4.0
T03642,2025-05-06 17:38,M01,P006,3,0,Mobile Money,44.0,M,3.0
T03643,2025-05-06 18:00,M02,P016,1,5,Mobile Money,46.0,F,3.0
T03645,2025-05-06 18:03,M01,P012,3,0,Carte,38.0,M,4.0
T03644,2025-05-06 18:03,M02,P005,2,0,Mobile Money,30.0,F,4.0
T03646,2025-05-06 18:46,M02,P004,3,0,Espèces,31.0,F,4.0
T03647,2025-05-06 18:52,M03,P014,3,0,Espèces,16.0,F,3.0
T03648,2025-05-06 19:07,M03,P012,3,0,Espèces,25.0,F,4.0
T03649,2025-05-06 21:08,M02,P013,1,5,Espèces,35.0,F,2.0
T03650,2025-05-06 21:17,M06,P004,6,10,Espèces,31.0,F,1.0
T03651,2025-05-06 21:18,M02,P017,3,0,Mobile Money,28.0,M,3.0
T03652,2025-05-07 11:01,M01,P011,2,0,Mobile Money,18.0,M,2.0
T03653,2025-05-07 11:26,M04,P004,3,0,Espèces,27.0,M,5.0
T03654,2025-05-07 11:35,M01,P009,1,0,Espèces,21.0,M,3.0
T03655,2025-05-07 12:08,M04,P011,3,0,Espèces,25.0,F,2.0
T03656,2025-05-07 14:25,M03,P025,1,0,Espèces,50.0,F,3.0
T03657,2025-05-07 14:51,M06,P003,3,0,Espèces,16.0,F,3.0
T03658,2025-05-07 14:54,M03,P017,2,0,Espèces,29.0,M,3.0
T03659,2025-05-07 15:06,M05,P016,3,0,Espèces,33.0,F,4.0
T03660,2025-05-07 15:10,M05,P012,1,0,Mobile Money,39.0,M,5.0
T03661,2025-05-07 15:41,M06,P009,3,0,Mobile Money,37.0,M,3.0
T03662,2025-05-07 15:45,M03,P005,1,0,Carte,22.0,F,3.0
T03663,2025-05-07 16:47,M01,P009,2,0,Mobile Money,34.0,F,4.0
T03664,2025-05-07 16:52,M01,P006,2,0,Espèces,29.0,F,5.0
T03665,2025-05-07 17:11,M01,P003,2,0,Carte,44.0,M,3.0
T03666,2025-05-07 17:17,M02,P002,3,0,Espèces,33.0,M,5.0
T03667,2025-05-07 17:29,M02,P010,3,0,Carte,44.0,M,4.0
T03668,2025-05-07 17:34,M01,P007,3,0,Espèces,31.0,F,5.0
T03669,2025-05-07 17:34,M04,P001,4,10,Mobile Money,19.0,M,2.0
T03670,2025-05-07 17:44,M06,P018,3,5,Espèces,46.0,F,4.0
T03671,2025-05-07 17:49,M06,P024,1,0,Espèces,46.0,F,4.0
T03672,2025-05-07 18:04,M02,P010,3,0,Carte,34.0,F,4.0
T03673,2025-05-07 18:20,M01,P020,1,0,Mobile Money,25.0,F,3.0
T03674,2025-05-07 18:28,M01,P015,2,0,Carte,25.0,M,4.0
T03675,2025-05-07 18:32,M02,P006,3,0,Mobile Money,32.0,M,2.0
T03676,2025-05-07 18:44,M01,P016,1,0,Espèces,32.0,F,4.0
T03677,2025-05-07 18:46,M01,P006,2,0,Mobile Money,35.0,F,4.0
T03678,2025-05-07 18:57,M01,P019,1,0,Espèces,25.0,M,3.0
T03679,2025-05-07 19:12,M03,P013,1,0,Mobile Money,37.0,M,1.0
T03680,2025-05-07 19:18,M04,P014,2,0,Espèces,34.0,M,3.0
T03682,2025-05-07 19:46,M05,P002,1,0,Espèces,36.0,F,3.0
T03681,2025-05-07 19:46,M01,P007,3,0,Espèces,34.0,M,4.0
T03683,2025-05-07 20:35,M06,P009,3,0,Carte,38.0,F,4.0
T03684,2025-05-07 21:26,M03,P014,5,0,Mobile Money,44.0,F,3.0
T03685,2025-05-08 11:17,M02,P009,2,0,Espèces,27.0,M,5.0
T03686,2025-05-08 11:38,M02,P004,2,0,Espèces,,F,4.0
T03687,2025-05-08 11:49,M04,P025,2,10,Espèces,28.0,F,3.0
T03688,2025-05-08 11:57,M01,P007,3,0,Mobile Money,23.0,F,4.0
T03689,2025-05-08 12:47,M02,P011,2,0,Mobile Money,40.0,F,3.0
T03690,2025-05-08 12:48,M05,P025,1,0,Mobile Money,20.0,F,4.0
T03691,2025-05-08 13:42,M03,P011,4,10,Espèces,30.0,M,1.0
T03692,2025-05-08 14:11,M04,P016,4,0,Espèces,19.0,M,3.0
T03693,2025-05-08 15:48,M02,P012,5,15,Espèces,61.0,F,3.0
T03694,2025-05-08 16:15,M01,P001,3,15,Espèces,34.0,M,4.0
T03695,2025-05-08 18:00,M03,P014,2,0,Espèces,37.0,F,3.0
T03696,2025-05-08 18:06,M06,P014,3,0,Mobile Money,32.0,M,5.0
T03697,2025-05-08 18:15,M05,P014,4,0,Espèces,45.0,F,5.0
T03698,2025-05-08 18:17,M04,P014,1,10,Espèces,22.0,F,3.0
T03699,2025-05-08 18:31,M05,P002,1,0,Espèces,35.0,M,2.0
T03700,2025-05-08 18:32,M02,P009,4,0,Espèces,33.0,F,4.0
T03701,2025-05-08 18:44,M05,P010,2,0,Mobile Money,28.0,F,4.0
T03702,2025-05-08 19:33,M04,P009,3,0,Espèces,33.0,M,3.0
T03703,2025-05-08 19:59,M06,P004,3,10,Mobile Money,34.0,F,3.0
T03704,2025-05-08 21:46,M02,P011,1,0,Espèces,33.0,M,5.0
T03705,2025-05-09 10:46,M05,P007,5,10,Mobile Money,26.0,F,2.0
T03706,2025-05-09 11:08,M06,P027,1,5,Espèces,42.0,M,3.0
T03707,2025-05-09 12:09,M01,P001,3,0,Mobile Money,22.0,M,5.0
T03708,2025-05-09 12:21,M01,P004,2,10,Espèces,23.0,M,4.0
T03709,2025-05-09 12:22,M01,P016,1,5,Carte,35.0,M,4.0
T03710,2025-05-09 12:37,M02,P001,2,0,Mobile Money,23.0,F,4.0
T03711,2025-05-09 12:46,M01,P017,3,5,Espèces,39.0,F,4.0
T03712,2025-05-09 12:53,M01,P002,2,0,Mobile Money,16.0,F,4.0
T03713,2025-05-09 13:00,M05,P007,5,0,Mobile Money,34.0,F,4.0
T03714,2025-05-09 13:14,M03,P014,3,15,Espèces,38.0,M,5.0
T03715,2025-05-09 13:45,M02,P010,4,0,Mobile Money,37.0,F,5.0
T03716,2025-05-09 14:11,M04,P021,1,0,Espèces,32.0,F,3.0
T03717,2025-05-09 14:24,M03,P023,1,0,Espèces,37.0,M,3.0
T03718,2025-05-09 15:43,M03,P004,2,0,Mobile Money,22.0,M,5.0
T03719,2025-05-09 16:33,M02,P022,1,0,Espèces,31.0,F,5.0
T03720,2025-05-09 16:35,M06,P025,1,0,Espèces,25.0,M,3.0
T03721,2025-05-09 17:19,M02,P004,2,0,Espèces,26.0,F,5.0
T03722,2025-05-09 17:30,M03,P016,3,0,Espèces,34.0,F,5.0
T03723,2025-05-09 17:53,M04,P020,1,0,Espèces,19.0,M,4.0
T03724,2025-05-09 17:59,M01,P002,3,0,Carte,20.0,M,2.0
T03725,2025-05-09 18:04,M02,P019,1,0,Espèces,23.0,M,3.0
T03726,2025-05-09 18:16,M03,P007,3,0,Mobile Money,27.0,M,4.0
T03727,2025-05-09 18:40,M04,P002,3,0,Mobile Money,29.0,M,3.0
T03728,2025-05-09 18:42,M05,P003,2,0,Espèces,,M,5.0
T03729,2025-05-09 19:00,M01,P010,2,0,MoMo,31.0,F,5.0
T03730,2025-05-09 19:14,M05,P004,4,0,Mobile Money,40.0,F,2.0
T03731,2025-05-09 19:55,M04,P009,4,0,Espèces,35.0,M,3.0
T03732,2025-05-09 20:08,M06,P002,2,0,Espèces,16.0,F,5.0
T03733,2025-05-09 20:27,M02,P008,2,0,Espèces,37.0,M,4.0
T03734,2025-05-09 21:05,M03,P004,4,5,Mobile Money,40.0,M,2.0
T03735,2025-05-09 21:09,M03,P014,3,0,Espèces,28.0,F,2.0
T03736,2025-05-09 21:24,M05,P007,3,0,Espèces,38.0,F,4.0
T03737,2025-05-10 10:13,M01,P004,3,5,mobile money,32.0,M,4.0
T03738,2025-05-10 10:16,M05,P004,2,0,Mobile Money,28.0,M,4.0
T03739,2025-05-10 10:34,M03,P027,1,0,Mobile Money,48.0,F,2.0
T03740,2025-05-10 10:35,M06,P010,3,0,Espèces,,F,2.0
T03741,2025-05-10 10:44,M05,P009,1,0,Espèces,40.0,F,3.0
T03742,2025-05-10 10:59,M02,P005,2,5,Mobile Money,29.0,F,3.0
T03743,2025-05-10 11:18,M01,P001,2,0,Mobile Money,53.0,M,2.0
T03744,2025-05-10 11:30,M01,P002,4,0,Mobile Money,35.0,F,4.0
T03745,2025-05-10 11:44,M01,P011,1,0,Espèces,29.0,F,2.0
T03746,2025-05-10 12:00,M02,P012,2,15,Espèces,,M,4.0
T03747,2025-05-10 12:08,M02,P017,5,15,Espèces,37.0,M,3.0
T03748,2025-05-10 12:17,M01,P009,4,10,Carte,42.0,M,4.0
T03749,2025-05-10 12:22,M05,P024,1,0,Espèces,29.0,M,4.0
T03750,2025-05-10 12:47,M05,P006,5,0,Espèces,52.0,M,2.0
T03751,2025-05-10 13:17,M01,P008,5,0,Espèces,50.0,M,2.0
T03752,2025-05-10 13:31,M05,P001,2,0,Carte,63.0,F,5.0
T03753,2025-05-10 13:52,M05,P004,1,0,Espèces,28.0,M,3.0
T03754,2025-05-10 13:53,M02,P012,1,0,Espèces,29.0,F,5.0
T03755,2025-05-10 14:26,M01,P007,3,0,Carte,25.0,M,4.0
T03756,2025-05-10 15:21,M03,P018,2,0,Espèces,39.0,F,3.0
T03757,2025-05-10 15:34,M03,P011,3,0,Mobile Money,21.0,M,3.0
T03758,2025-05-10 15:40,M03,P009,3,0,Espèces,47.0,F,4.0
T03759,2025-05-10 15:57,M04,P017,4,0,Espèces,24.0,M,3.0
T03760,2025-05-10 16:14,M03,P002,3,0,Espèces,35.0,F,4.0
T03761,2025-05-10 16:38,M01,P009,1,0,Espèces,32.0,F,3.0
T03762,2025-05-10 17:06,M03,P001,3,0,Espèces,26.0,F,5.0
T03763,2025-05-10 17:27,M05,P016,2,0,Espèces,44.0,M,3.0
T03764,2025-05-10 17:29,M02,P014,4,10,Mobile Money,49.0,M,4.0
T03765,2025-05-10 17:51,M03,P015,4,0,Mobile Money,35.0,F,5.0
T03766,2025-05-10 18:19,M02,P020,1,5,Espèces,20.0,M,4.0
T03767,2025-05-10 18:24,M04,P002,4,10,Mobile Money,36.0,F,3.0
T03768,2025-05-10 18:26,M02,P009,1,0,Carte,27.0,M,4.0
T03769,2025-05-10 18:45,M01,P001,1,0,Mobile Money,41.0,M,4.0
T03770,2025-05-10 19:19,M02,P007,2,5,Espèces,27.0,M,3.0
T03771,2025-05-10 19:59,M05,P019,1,0,Mobile Money,26.0,F,4.0
T03772,2025-05-10 21:13,M03,P013,3,5,Espèces,43.0,F,3.0
T03773,2025-05-11 10:14,M02,P002,3,0,Carte,24.0,F,3.0
T03774,2025-05-11 10:37,M02,P004,1,0,Espèces,26.0,F,4.0
T03775,2025-05-11 11:17,M02,P015,3,0,Espèces,33.0,M,3.0
T03776,2025-05-11 11:18,M03,P017,4,0,Mobile Money,26.0,F,4.0
T03777,2025-05-11 11:51,M06,P001,3,0,Mobile Money,35.0,F,3.0
T03778,2025-05-11 12:30,M01,P007,2,0,Espèces,16.0,F,5.0
T03779,2025-05-11 12:41,M01,P016,3,0,Espèces,39.0,M,3.0
T03780,2025-05-11 13:07,M05,P006,4,10,Espèces,29.0,M,4.0
T03781,2025-05-11 13:37,M01,P007,1,0,Espèces,29.0,M,4.0
T03782,2025-05-11 13:52,M03,P005,1,0,Mobile Money,26.0,F,3.0
T03783,2025-05-11 13:58,M02,P007,3,0,Mobile Money,33.0,F,4.0
T03784,2025-05-11 14:01,M01,P001,3,0,Carte,40.0,M,4.0
T03785,2025-05-11 15:01,M03,P012,1,0,Espèces,26.0,M,4.0
T03786,2025-05-11 15:04,M02,P018,5,0,Mobile Money,,F,4.0
T03787,2025-05-11 15:24,M01,P017,4,15,Espèces,33.0,F,3.0
T03788,2025-05-11 15:26,M05,P003,4,0,Mobile Money,27.0,F,3.0
T03789,2025-05-11 15:32,M03,P003,4,0,Mobile Money,32.0,M,5.0
T03790,2025-05-11 15:42,M02,P003,2,5,Espèces,26.0,F,3.0
T03791,2025-05-11 15:50,M01,P007,3,0,Mobile Money,40.0,F,2.0
T03792,2025-05-11 15:54,M03,P005,1,0,Espèces,45.0,F,3.0
T03793,2025-05-11 17:04,M03,P002,1,0,Espèces,16.0,M,5.0
T03794,2025-05-11 17:24,M01,P016,5,0,Carte,25.0,F,4.0
T03795,2025-05-11 18:02,M01,P013,4,0,Espèces,33.0,F,3.0
T03796,2025-05-11 18:14,M02,P007,3,15,Espèces,22.0,F,4.0
T03797,2025-05-11 18:18,M02,P005,3,5,Mobile Money,25.0,F,3.0
T03798,2025-05-11 18:25,M04,P024,1,0,Mobile Money,28.0,F,2.0
T03799,2025-05-11 18:27,M01,P005,4,0,Espèces,27.0,F,4.0
T03800,2025-05-11 18:31,M01,P027,1,0,Mobile Money,33.0,M,4.0
T03801,2025-05-11 19:03,M05,P012,4,0,Mobile Money,16.0,M,4.0
T03802,2025-05-11 19:05,M03,P021,1,0,Carte,35.0,M,5.0
T03803,2025-05-11 19:35,M05,P007,3,0,Espèces,29.0,M,2.0
T03804,2025-05-11 19:51,M01,P014,1,0,Espèces,42.0,M,4.0
T03805,2025-05-11 19:56,M05,P016,1,0,Mobile Money,24.0,F,4.0
T03806,2025-05-11 21:25,M04,P002,6,0,Espèces,37.0,F,3.0
T03807,2025-05-12 12:22,M05,P018,2,0,Espèces,,F,3.0
T03808,2025-05-12 12:46,M05,P019,3,10,Espèces,23.0,M,4.0
T03809,2025-05-12 12:47,M05,P003,2,0,Mobile Money,33.0,M,4.0
T03810,2025-05-12 13:08,M05,P010,2,0,Espèces,27.0,M,4.0
T03811,2025-05-12 13:09,M02,P009,3,0,Espèces,42.0,M,4.0
T03812,2025-05-12 13:11,M05,P012,5,0,Espèces,33.0,F,5.0
T03813,2025-05-12 13:14,M03,P017,1,5,Espèces,16.0,M,3.0
T03814,2025-05-12 13:24,M02,P014,1,0,Espèces,19.0,M,3.0
T03815,2025-05-12 13:26,M01,P002,2,0,Mobile Money,34.0,M,3.0
T03816,2025-05-12 13:35,M04,P004,4,0,espèces,43.0,F,2.0
T03817,2025-05-12 14:28,M01,P009,3,0,Espèces,41.0,M,5.0
T03818,2025-05-12 14:46,M04,P019,1,0,Mobile Money,18.0,F,2.0
T03819,2025-05-12 15:22,M02,P004,4,0,Carte,27.0,M,5.0
T03820,2025-05-12 15:28,M04,P002,4,0,Espèces,33.0,M,4.0
T03821,2025-05-12 15:40,M01,P003,3,0,Espèces,20.0,F,5.0
T03822,2025-05-12 15:47,M01,P003,4,0,Espèces,33.0,M,5.0
T03823,2025-05-12 16:15,M01,P004,1,0,Espèces,31.0,M,2.0
T03824,2025-05-12 16:21,M03,P001,3,0,Espèces,34.0,F,4.0
T03825,2025-05-12 16:23,M02,P012,2,0,Espèces,32.0,F,3.0
T03826,2025-05-12 16:32,M01,P001,3,0,Espèces,19.0,F,3.0
T03827,2025-05-12 16:34,M04,P004,2,0,Espèces,16.0,M,1.0
T03828,2025-05-12 16:47,M01,P012,3,0,Espèces,46.0,M,5.0
T03829,2025-05-12 16:52,M01,P024,1,0,Espèces,35.0,F,3.0
T03830,2025-05-12 16:59,M05,P002,2,0,Espèces,43.0,F,3.0
T03831,2025-05-12 17:21,M01,P002,2,10,Espèces,28.0,M,4.0
T03833,2025-05-12 17:43,M03,P016,4,0,Espèces,32.0,F,4.0
T03832,2025-05-12 17:43,M04,P015,2,0,Mobile Money,36.0,F,2.0
T03834,2025-05-12 18:06,M02,P016,2,0,Espèces,23.0,M,3.0
T03835,2025-05-12 18:11,M06,P014,5,5,Espèces,35.0,M,4.0
T03836,2025-05-12 18:31,M02,P007,1,0,Carte,32.0,F,3.0
T03837,2025-05-12 18:55,M06,P005,4,10,Espèces,51.0,M,4.0
T03838,2025-05-12 19:35,M02,P019,1,0,Espèces,23.0,M,4.0
T03840,2025-05-12 19:36,M05,P004,1,0,Carte,41.0,M,3.0
T03839,2025-05-12 19:36,M02,P015,1,0,Carte,35.0,F,3.0
T03841,2025-05-12 19:39,M06,P009,1,0,Espèces,38.0,F,5.0
T03842,2025-05-12 19:51,M02,P004,3,10,Carte,37.0,F,3.0
T03843,2025-05-12 20:33,M03,P009,5,10,Espèces,24.0,M,2.0
T03844,2025-05-12 21:27,M04,P025,1,0,Espèces,19.0,F,1.0
T03845,2025-05-13 09:27,M04,P004,2,0,Mobile Money,25.0,F,3.0
T03846,2025-05-13 10:33,M05,P014,4,0,Mobile Money,25.0,M,4.0
T03847,2025-05-13 11:11,M01,P013,2,0,Mobile Money,37.0,M,3.0
T03848,2025-05-13 11:30,M01,P002,2,0,Espèces,17.0,M,4.0
T03849,2025-05-13 11:32,M03,P007,4,10,Espèces,39.0,M,4.0
T03850,2025-05-13 11:34,M03,P018,2,0,Mobile Money,20.0,M,3.0
T03851,2025-05-13 11:55,M02,P017,2,0,Espèces,34.0,F,3.0
T03852,2025-05-13 12:06,M02,P002,3,0,Espèces,39.0,F,4.0
T03853,2025-05-13 12:36,M02,P018,4,0,Espèces,32.0,M,5.0
T03854,2025-05-13 12:43,M01,P001,1,0,Mobile Money,34.0,F,3.0
T03855,2025-05-13 13:27,M02,P009,3,10,Espèces,26.0,M,3.0
T03856,2025-05-13 15:59,M01,P010,2,0,Espèces,25.0,M,4.0
T03857,2025-05-13 16:46,M03,P014,2,0,Espèces,20.0,F,4.0
T03858,2025-05-13 16:55,M05,P019,1,0,Espèces,28.0,F,5.0
T03859,2025-05-13 17:15,M05,P017,3,0,Espèces,20.0,M,5.0
T03860,2025-05-13 17:32,M03,P017,3,0,Mobile Money,47.0,F,5.0
T03861,2025-05-13 18:15,M06,P008,3,10,Mobile Money,42.0,M,4.0
T03862,2025-05-13 18:15,M06,P002,2,0,Espèces,44.0,F,3.0
T03863,2025-05-13 18:59,M04,P005,5,0,Mobile Money,36.0,M,3.0
T03864,2025-05-13 19:54,M03,P018,4,0,Mobile Money,34.0,F,4.0
T03865,2025-05-13 19:54,M06,P007,5,15,Mobile Money,16.0,F,5.0
T03866,2025-05-14 10:45,M01,P022,1,0,Mobile Money,30.0,M,4.0
T03867,2025-05-14 10:57,M05,P006,2,10,Mobile Money,33.0,M,5.0
T03868,2025-05-14 11:08,M01,P022,1,0,Mobile Money,27.0,M,5.0
T03869,2025-05-14 12:02,M05,P007,3,0,Espèces,31.0,F,4.0
T03870,2025-05-14 12:15,M04,P006,4,0,Mobile Money,27.0,F,3.0
T03871,2025-05-14 12:26,M05,P010,1,0,Mobile Money,27.0,M,2.0
T03872,2025-05-14 12:37,M01,P001,2,0,Mobile Money,36.0,M,4.0
T03873,2025-05-14 12:46,M01,P002,3,0,Mobile Money,27.0,M,4.0
T03874,2025-05-14 12:58,M03,P017,4,0,Mobile Money,39.0,F,3.0
T03875,2025-05-14 13:14,M03,P007,2,5,Espèces,43.0,F,4.0
T03876,2025-05-14 13:43,M05,P003,3,0,Mobile Money,19.0,F,5.0
T03877,2025-05-14 13:49,M02,P022,1,0,Mobile Money,16.0,M,2.0
T03878,2025-05-14 15:45,M05,P010,2,0,Mobile Money,26.0,M,3.0
T03879,2025-05-14 15:46,M03,P003,2,0,Espèces,,M,4.0
T03880,2025-05-14 16:44,M04,P003,1,0,Espèces,51.0,M,3.0
T03881,2025-05-14 16:47,M06,P004,2,0,Mobile Money,38.0,F,4.0
T03882,2025-05-14 17:34,M01,P012,3,0,Espèces,18.0,M,4.0
T03883,2025-05-14 17:39,M05,P018,1,0,Espèces,29.0,F,3.0
T03884,2025-05-14 18:02,M01,P016,7,15,Carte,40.0,F,3.0
T03885,2025-05-14 18:35,M05,P007,6,0,Espèces,47.0,F,3.0
T03886,2025-05-14 18:42,M04,P017,3,5,Espèces,33.0,F,4.0
T03887,2025-05-14 19:28,M02,P002,3,0,Mobile Money,39.0,M,4.0
T03888,2025-05-14 20:17,M04,P014,1,0,Mobile Money,29.0,M,2.0
T03889,2025-05-15 10:51,M05,P025,1,0,Espèces,28.0,F,4.0
T03890,2025-05-15 11:32,M05,P016,1,0,Espèces,34.0,F,2.0
T03891,2025-05-15 11:35,M03,P013,1,0,Espèces,47.0,M,2.0
T03892,2025-05-15 11:53,M06,P016,2,0,Mobile Money,43.0,F,4.0
T03893,2025-05-15 12:03,M03,P012,2,0,Espèces,47.0,M,2.0
T03894,2025-05-15 12:15,M01,P011,3,0,Espèces,16.0,M,4.0
T03895,2025-05-15 12:28,M01,P004,4,0,Mobile Money,16.0,F,5.0
T03896,2025-05-15 12:40,M01,P008,4,5,Espèces,38.0,F,3.0
T03897,2025-05-15 13:24,M01,P012,3,0,Espèces,51.0,F,3.0
T03898,2025-05-15 13:37,M02,P015,2,0,Espèces,24.0,M,5.0
T03899,2025-05-15 13:43,M03,P007,2,0,Espèces,31.0,M,5.0
T03900,2025-05-15 14:22,M05,P001,4,0,Espèces,43.0,M,5.0
T03901,2025-05-15 15:51,M04,P016,1,0,Espèces,,M,3.0
T03902,2025-05-15 15:55,M02,P008,2,0,Carte,31.0,M,5.0
T03903,2025-05-15 16:13,M06,P015,2,0,Espèces,25.0,M,5.0
T03904,2025-05-15 16:19,M03,P004,3,0,Mobile Money,28.0,M,3.0
T03905,2025-05-15 16:21,M03,P005,2,0,Espèces,33.0,M,3.0
T03906,2025-05-15 16:27,M05,P001,3,0,Mobile Money,51.0,F,3.0
T03907,2025-05-15 17:46,M01,P007,3,0,espèces,24.0,M,3.0
T03908,2025-05-15 18:08,M06,P019,1,0,Espèces,27.0,F,5.0
T03909,2025-05-15 18:11,M03,P024,1,0,Espèces,31.0,F,3.0
T03910,2025-05-15 18:16,M02,P001,3,0,Espèces,37.0,F,4.0
T03911,2025-05-15 18:20,M05,P012,2,5,Espèces,32.0,M,3.0
T03912,2025-05-15 18:25,M05,P014,6,0,Mobile Money,32.0,M,5.0
T03913,2025-05-15 18:41,M04,P009,4,0,Espèces,37.0,M,2.0
T03914,2025-05-15 18:59,M03,P005,3,0,Mobile Money,23.0,M,3.0
T03915,2025-05-15 19:46,M03,P004,1,0,Mobile Money,41.0,F,3.0
T03916,2025-05-15 20:04,M01,P008,3,0,Mobile Money,17.0,F,4.0
T03917,2025-05-15 21:19,M04,P001,2,0,Mobile Money,34.0,M,2.0
T03918,2025-05-15 21:20,M06,P012,2,0,Mobile Money,31.0,M,3.0
T03919,2025-05-15 21:23,M05,P024,1,0,Espèces,17.0,M,4.0
T03920,2025-05-16 11:15,M06,P026,1,0,Carte,36.0,F,4.0
T03921,2025-05-16 11:27,M01,P005,2,0,Mobile Money,32.0,F,4.0
T03922,2025-05-16 11:47,M05,P002,4,15,Espèces,43.0,M,4.0
T03923,2025-05-16 11:47,M01,P012,1,0,Carte,24.0,F,5.0
T03924,2025-05-16 12:19,M05,P010,2,0,Espèces,34.0,M,3.0
T03925,2025-05-16 12:25,M03,P004,2,5,Espèces,34.0,F,4.0
T03926,2025-05-16 12:40,M03,P010,3,5,Espèces,32.0,M,3.0
T03927,2025-05-16 12:58,M01,P002,5,5,Espèces,25.0,F,4.0
T03928,2025-05-16 13:58,M01,P001,5,0,Espèces,41.0,M,4.0
T03929,2025-05-16 14:04,M01,P021,1,0,Mobile Money,28.0,M,4.0
T03930,2025-05-16 14:31,M01,P007,4,5,Mobile Money,19.0,F,4.0
T03931,2025-05-16 14:33,M02,P024,1,0,Espèces,,M,4.0
T03932,2025-05-16 14:34,M03,P005,2,0,Espèces,39.0,M,3.0
T03933,2025-05-16 14:45,M03,P019,1,0,Espèces,22.0,F,4.0
T03934,2025-05-16 15:27,M01,P009,1,5,Espèces,27.0,F,4.0
T03935,2025-05-16 15:46,M03,P012,2,10,Espèces,27.0,M,4.0
T03936,2025-05-16 16:11,M02,P004,2,0,Espèces,58.0,F,3.0
T03937,2025-05-16 16:24,M02,P002,3,0,Espèces,39.0,F,4.0
T03938,2025-05-16 16:45,M06,P018,2,0,Mobile Money,41.0,F,3.0
T03939,2025-05-16 17:21,M03,P014,2,0,Mobile Money,30.0,M,5.0
T03940,2025-05-16 17:23,M01,P019,1,0,Mobile Money,28.0,M,3.0
T03941,2025-05-16 18:06,M03,P001,2,0,Mobile Money,30.0,M,4.0
T03942,2025-05-16 18:19,M04,P005,2,0,Espèces,28.0,F,2.0
T03943,2025-05-16 18:36,M02,P007,1,10,Mobile Money,47.0,M,3.0
T03944,2025-05-16 18:40,M03,P008,4,0,Mobile Money,33.0,F,3.0
T03945,2025-05-16 19:00,M04,P001,2,15,Mobile Money,,M,2.0
T03946,2025-05-16 19:08,M03,P014,2,0,Mobile Money,30.0,F,1.0
T03947,2025-05-16 19:28,M01,P011,2,0,Espèces,,F,5.0
T03948,2025-05-16 19:42,M03,P008,3,0,Carte,29.0,F,3.0
T03949,2025-05-16 20:12,M02,P010,4,0,Mobile Money,36.0,F,4.0
T03950,2025-05-16 20:56,M02,P011,3,5,Carte,67.0,M,3.0
T03951,2025-05-16 21:44,M01,P020,1,0,Espèces,27.0,F,2.0
T03952,2025-05-17 10:18,M03,P012,3,0,Espèces,26.0,M,5.0
T03953,2025-05-17 10:31,M06,P010,2,5,Espèces,35.0,F,3.0
T03954,2025-05-17 11:28,M05,P013,2,10,Mobile Money,27.0,M,3.0
T03955,2025-05-17 11:39,M05,P015,5,10,Espèces,33.0,M,3.0
T03956,2025-05-17 11:43,M01,P009,4,0,Carte,43.0,M,4.0
T03957,2025-05-17 12:19,M01,P016,2,0,Espèces,50.0,M,3.0
T03958,2025-05-17 12:29,M05,P026,1,10,Espèces,31.0,M,4.0
T03959,2025-05-17 12:32,M04,P011,3,0,Mobile Money,37.0,M,3.0
T03960,2025-05-17 12:56,M01,P002,4,10,Carte,52.0,M,3.0
T03961,2025-05-17 12:56,M05,P014,1,0,Mobile Money,24.0,F,3.0
T03962,2025-05-17 12:57,M05,P008,3,0,Espèces,39.0,F,5.0
T03963,2025-05-17 13:09,M02,P007,2,15,Carte,25.0,F,4.0
T03964,2025-05-17 13:30,M04,P001,4,0,Espèces,37.0,M,4.0
T03965,2025-05-17 13:56,M04,P007,1,0,Espèces,49.0,M,4.0
T03966,2025-05-17 14:47,M02,P001,2,0,Mobile Money,20.0,F,3.0
T03967,2025-05-17 14:55,M06,P003,3,0,Espèces,41.0,F,4.0
T03968,2025-05-17 16:00,M02,P009,4,0,Mobile Money,26.0,M,2.0
T03969,2025-05-17 16:02,M01,P012,3,0,Espèces,36.0,M,4.0
T03970,2025-05-17 16:39,M04,P007,3,0,Mobile Money,45.0,M,4.0
T03971,2025-05-17 16:40,M05,P010,3,0,Mobile Money,33.0,F,3.0
T03972,2025-05-17 16:57,M05,P002,4,0,Espèces,51.0,F,5.0
T03973,2025-05-17 16:59,M06,P003,4,0,Espèces,49.0,M,5.0
T03974,2025-05-17 17:01,M03,P018,2,0,Espèces,42.0,F,5.0
T03975,2025-05-17 17:03,M02,P010,3,0,Mobile Money,43.0,F,4.0
T03978,2025-05-17 17:07,M04,P011,1,5,Espèces,27.0,F,3.0
T03977,2025-05-17 17:07,M03,P001,2,0,Espèces,43.0,M,4.0
T03976,2025-05-17 17:07,M04,P010,1,0,Espèces,36.0,M,3.0
T03979,2025-05-17 17:30,M04,P012,3,0,Mobile Money,28.0,M,1.0
T03980,2025-05-17 17:34,M01,P014,3,0,Espèces,47.0,M,3.0
T03981,2025-05-17 17:50,M06,P014,1,0,Mobile Money,39.0,M,3.0
T03982,2025-05-17 18:06,M01,P007,2,0,Mobile Money,16.0,F,4.0
T03983,2025-05-17 18:25,M01,P016,2,0,Espèces,,F,4.0
T03984,2025-05-17 18:42,M03,P015,3,0,Espèces,31.0,F,1.0
T03985,2025-05-17 18:48,M04,P016,2,0,Espèces,27.0,M,2.0
T03986,2025-05-17 18:57,M05,P010,2,10,Mobile Money,32.0,F,5.0
T03987,2025-05-17 19:15,M06,P027,1,0,Espèces,48.0,F,3.0
T03988,2025-05-17 19:41,M05,P001,4,5,Espèces,25.0,M,4.0
T03989,2025-05-17 19:56,M03,P018,5,10,Mobile Money,35.0,M,2.0
T03990,2025-05-17 20:14,M02,P004,1,0,Mobile Money,46.0,M,3.0
T03991,2025-05-17 20:15,M06,P012,3,0,Carte,45.0,M,5.0
T03992,2025-05-17 20:17,M05,P010,1,0,Mobile Money,43.0,M,4.0
T03993,2025-05-17 21:18,M01,P002,2,0,Mobile Money,25.0,M,3.0
T03994,2025-05-18 08:37,M01,P007,4,0,Espèces,35.0,M,5.0
T03995,2025-05-18 10:22,M01,P016,1,0,Espèces,45.0,M,4.0
T03996,2025-05-18 10:26,M04,P017,4,0,Mobile Money,35.0,F,2.0
T03997,2025-05-18 10:59,M05,P009,2,0,Mobile Money,35.0,F,5.0
T03998,2025-05-18 11:24,M01,P007,2,5,Espèces,33.0,M,4.0
T03999,2025-05-18 11:30,M03,P004,1,0,Espèces,28.0,F,4.0
T04000,2025-05-18 11:42,M05,P003,2,5,Espèces,33.0,F,5.0
T04001,2025-05-18 11:46,M01,P001,3,0,Mobile Money,31.0,F,5.0
T04002,2025-05-18 11:50,M01,P025,1,0,Espèces,33.0,F,3.0
T04003,2025-05-18 12:45,M01,P017,1,0,Espèces,39.0,M,5.0
T04004,2025-05-18 12:55,M04,P005,2,0,Espèces,25.0,M,1.0
T04005,2025-05-18 13:07,M02,P007,5,0,Espèces,32.0,F,4.0
T04006,2025-05-18 13:36,M02,P001,4,0,Espèces,24.0,F,3.0
T04007,2025-05-18 13:45,M01,P017,5,10,Mobile Money,28.0,F,4.0
T04008,2025-05-18 13:46,M01,P015,2,0,Mobile Money,36.0,F,5.0
T04009,2025-05-18 13:53,M03,P013,4,0,Espèces,34.0,F,4.0
T04010,2025-05-18 15:14,M03,P002,6,10,Espèces,36.0,F,3.0
T04011,2025-05-18 15:40,M05,P007,3,0,Mobile Money,35.0,M,4.0
T04012,2025-05-18 15:43,M05,P002,2,0,Espèces,31.0,F,5.0
T04013,2025-05-18 15:55,M04,P002,3,0,Mobile Money,33.0,M,5.0
T04014,2025-05-18 16:21,M04,P027,1,0,Espèces,25.0,M,1.0
T04015,2025-05-18 16:42,M01,P005,1,0,Espèces,40.0,M,3.0
T04017,2025-05-18 16:54,M01,P023,1,0,Mobile Money,36.0,M,4.0
T04016,2025-05-18 16:54,M05,P012,4,0,Espèces,16.0,M,5.0
T04018,2025-05-18 17:03,M01,P004,4,0,Mobile Money,18.0,F,2.0
T04019,2025-05-18 17:07,M03,P013,1,0,Espèces,22.0,F,4.0
T04020,2025-05-18 17:08,M05,P001,1,0,Mobile Money,37.0,F,4.0
T04021,2025-05-18 17:28,M02,P002,4,0,Carte,28.0,M,5.0
T04022,2025-05-18 17:40,M03,P005,3,0,Carte,16.0,M,4.0
T04023,2025-05-18 18:07,M03,P009,1,0,Espèces,30.0,M,3.0
T04024,2025-05-18 18:20,M06,P010,2,0,Mobile Money,18.0,F,3.0
T04025,2025-05-18 18:26,M03,P001,2,0,Espèces,36.0,M,4.0
T04026,2025-05-18 18:41,M02,P004,2,0,Mobile Money,41.0,F,4.0
T04027,2025-05-18 18:46,M01,P010,2,0,Mobile Money,28.0,F,4.0
T04028,2025-05-18 18:58,M03,P019,1,0,Mobile Money,30.0,M,3.0
T04029,2025-05-18 19:15,M05,P008,3,0,Mobile Money,49.0,M,3.0
T04030,2025-05-18 19:16,M02,P014,1,0,Mobile Money,53.0,M,4.0
T04031,2025-05-18 19:30,M03,P026,1,0,Espèces,,F,2.0
T04032,2025-05-18 19:45,M03,P011,1,0,Espèces,41.0,M,3.0
T04033,2025-05-18 19:47,M01,P010,3,5,Espèces,20.0,F,3.0
T04034,2025-05-18 20:42,M05,P006,2,0,Espèces,27.0,M,2.0
T04035,2025-05-19 10:49,M04,P005,4,0,Espèces,30.0,F,3.0
T04036,2025-05-19 11:44,M02,P015,1,0,Mobile Money,35.0,M,3.0
T04037,2025-05-19 11:51,M01,P015,1,5,Carte,42.0,M,4.0
T04038,2025-05-19 11:53,M01,P003,3,5,Carte,41.0,F,3.0
T04039,2025-05-19 12:06,M03,P005,1,0,Mobile Money,42.0,F,4.0
T04040,2025-05-19 13:20,M03,P003,3,0,Espèces,30.0,M,4.0
T04041,2025-05-19 13:31,M02,P005,2,0,Espèces,48.0,F,4.0
T04043,2025-05-19 13:50,M01,P023,2,10,Carte,32.0,M,2.0
T04042,2025-05-19 13:50,M02,P013,2,0,Espèces,16.0,M,5.0
T04044,2025-05-19 15:02,M02,P010,1,15,Mobile Money,33.0,M,4.0
T04045,2025-05-19 15:27,M06,P002,1,0,Espèces,39.0,M,2.0
T04046,2025-05-19 15:32,M04,P014,4,0,Espèces,29.0,F,3.0
T04047,2025-05-19 15:57,M04,P010,3,5,Espèces,17.0,F,4.0
T04048,2025-05-19 16:27,M03,P014,3,0,Espèces,25.0,F,3.0
T04049,2025-05-19 16:35,M05,P002,3,0,Espèces,37.0,F,5.0
T04050,2025-05-19 16:47,M01,P003,4,0,Mobile Money,34.0,M,4.0
T04051,2025-05-19 16:55,M01,P019,1,10,Mobile Money,23.0,M,5.0
T04052,2025-05-19 16:58,M01,P013,2,0,Mobile Money,41.0,M,3.0
T04053,2025-05-19 17:20,M02,P017,3,0,Mobile Money,33.0,F,3.0
T04054,2025-05-19 17:21,M05,P012,3,0,Mobile Money,,F,4.0
T04055,2025-05-19 17:28,M02,P003,1,0,Espèces,38.0,F,3.0
T04056,2025-05-19 17:30,M06,P019,1,0,Espèces,34.0,F,5.0
T04057,2025-05-19 17:34,M06,P001,2,0,Espèces,27.0,F,4.0
T04058,2025-05-19 17:55,M01,P012,2,0,Mobile Money,27.0,F,5.0
T04059,2025-05-19 20:35,M02,P003,2,0,Espèces,31.0,F,3.0
T04060,2025-05-19 20:42,M02,P012,3,0,Espèces,18.0,F,5.0
T04061,2025-05-19 20:59,M03,P004,2,5,Mobile Money,31.0,M,5.0
T04062,2025-05-20 11:16,M04,P027,1,5,Mobile Money,20.0,M,5.0
T04063,2025-05-20 11:19,M02,P010,1,0,Espèces,43.0,F,4.0
T04064,2025-05-20 11:22,M01,P004,2,0,Mobile Money,33.0,M,3.0
T04065,2025-05-20 11:59,M01,P007,1,0,Mobile Money,36.0,F,4.0
T04066,2025-05-20 12:00,M01,P014,3,0,Espèces,37.0,F,5.0
T04067,2025-05-20 12:38,M04,P002,4,0,Espèces,35.0,M,3.0
T04068,2025-05-20 13:44,M02,P013,1,0,Mobile Money,16.0,M,5.0
T04069,2025-05-20 14:05,M01,P009,5,5,Espèces,45.0,F,3.0
T04070,2025-05-20 14:13,M02,P009,1,0,Espèces,47.0,M,3.0
T04071,2025-05-20 14:40,M02,P005,3,0,Mobile Money,38.0,F,5.0
T04072,2025-05-20 14:41,M01,P012,2,10,Espèces,57.0,F,5.0
T04073,2025-05-20 15:22,M04,P024,1,0,Espèces,37.0,F,2.0
T04074,2025-05-20 15:40,M06,P004,1,0,Mobile Money,22.0,F,4.0
T04075,2025-05-20 16:10,M03,P025,1,0,Espèces,25.0,F,5.0
T04076,2025-05-20 17:20,M02,P002,2,0,Mobile Money,62.0,F,5.0
T04077,2025-05-20 17:53,M06,P015,2,5,Espèces,38.0,M,3.0
T04078,2025-05-20 18:04,M03,P009,3,0,Espèces,51.0,F,3.0
T04079,2025-05-20 18:09,M03,P005,5,0,Espèces,44.0,F,4.0
T04080,2025-05-20 18:22,M03,P007,3,0,Espèces,39.0,F,3.0
T04081,2025-05-20 18:48,M04,P015,2,0,Espèces,35.0,F,3.0
T04082,2025-05-20 19:00,M02,P012,4,10,Espèces,24.0,M,2.0
T04083,2025-05-20 19:48,M06,P009,2,0,Mobile Money,48.0,F,2.0
T04084,2025-05-20 20:15,M01,P009,4,0,Espèces,28.0,M,4.0
T04085,2025-05-20 20:20,M03,P005,2,0,Espèces,28.0,F,4.0
T04086,2025-05-20 20:31,M04,P017,4,0,Espèces,21.0,M,3.0
T04087,2025-05-20 20:31,M02,P010,2,0,Espèces,22.0,M,4.0
T04088,2025-05-20 20:40,M02,P006,2,0,Espèces,37.0,M,3.0
T04089,2025-05-20 20:56,M04,P009,2,0,Espèces,29.0,M,3.0
T04090,2025-05-20 21:00,M05,P003,1,0,Mobile Money,35.0,F,3.0
T04091,2025-05-21 10:42,M02,P017,1,0,Mobile Money,24.0,M,5.0
T04092,2025-05-21 10:52,M05,P014,3,10,Espèces,24.0,M,5.0
T04093,2025-05-21 11:56,M01,P009,1,5,Espèces,35.0,F,3.0
T04094,2025-05-21 11:56,M01,P014,2,5,Carte,33.0,F,4.0
T04095,2025-05-21 12:00,M05,P015,2,0,Espèces,44.0,F,4.0
T04096,2025-05-21 12:11,M03,P010,2,5,Mobile Money,26.0,F,4.0
T04097,2025-05-21 12:12,M05,P007,1,0,Espèces,30.0,M,4.0
T04098,2025-05-21 12:20,M01,P002,2,0,Carte,25.0,F,4.0
T04099,2025-05-21 12:24,M01,P010,2,0,Mobile Money,37.0,M,2.0
T04100,2025-05-21 13:28,M01,P012,2,5,Espèces,34.0,M,3.0
T04101,2025-05-21 15:07,M02,P022,1,0,Espèces,41.0,F,4.0
T04102,2025-05-21 16:02,M02,P025,1,0,Espèces,30.0,M,4.0
T04103,2025-05-21 16:15,M01,P010,2,0,Mobile Money,30.0,M,4.0
T04104,2025-05-21 16:16,M03,P007,2,0,Espèces,16.0,F,3.0
T04105,2025-05-21 16:30,M03,P002,1,0,Espèces,28.0,F,4.0
T04106,2025-05-21 16:36,M03,P005,1,0,Mobile Money,44.0,F,3.0
T04107,2025-05-21 16:39,M02,P014,3,0,Espèces,41.0,M,4.0
T04108,2025-05-21 17:32,M02,P004,3,10,Espèces,26.0,F,3.0
T04109,2025-05-21 17:49,M03,P015,5,0,Mobile Money,27.0,F,4.0
T04110,2025-05-21 18:05,M03,P007,1,0,Espèces,27.0,F,3.0
T04111,2025-05-21 18:06,M02,P007,4,0,Mobile Money,41.0,M,4.0
T04112,2025-05-21 18:17,M04,P012,2,0,Mobile Money,53.0,M,4.0
T04113,2025-05-21 18:31,M01,P003,2,0,Espèces,30.0,M,3.0
T04114,2025-05-21 19:55,M04,P013,4,10,Mobile Money,28.0,F,2.0
T04115,2025-05-21 20:32,M05,P027,1,0,Espèces,25.0,F,5.0
T04116,2025-05-22 10:19,M01,P012,3,0,Espèces,37.0,M,4.0
T04117,2025-05-22 11:02,M02,P025,1,0,Espèces,36.0,F,3.0
T04118,2025-05-22 11:20,M03,P012,5,0,Espèces,,M,3.0
T04119,2025-05-22 12:05,M01,P017,3,0,Mobile Money,30.0,F,5.0
T04120,2025-05-22 12:23,M02,P016,5,0,Carte,36.0,M,3.0
T04121,2025-05-22 12:28,M06,P006,5,0,Espèces,22.0,M,3.0
T04122,2025-05-22 12:39,M03,P005,3,0,Mobile Money,37.0,M,4.0
T04123,2025-05-22 12:42,M02,P014,2,0,Espèces,42.0,F,3.0
T04124,2025-05-22 12:44,M03,P007,1,15,Mobile Money,35.0,F,4.0
T04125,2025-05-22 12:56,M05,P012,2,0,Espèces,37.0,F,3.0
T04126,2025-05-22 13:30,M03,P010,2,0,Espèces,26.0,F,4.0
T04127,2025-05-22 13:46,M03,P005,2,0,Espèces,34.0,F,4.0
T04128,2025-05-22 14:07,M02,P007,3,5,Espèces,37.0,M,3.0
T04129,2025-05-22 14:27,M06,P012,3,0,Mobile Money,29.0,F,4.0
T04130,2025-05-22 14:44,M02,P024,1,0,Espèces,31.0,F,3.0
T04131,2025-05-22 15:01,M04,P016,3,0,Espèces,41.0,M,3.0
T04132,2025-05-22 15:10,M04,P002,4,15,Espèces,53.0,M,3.0
T04133,2025-05-22 15:40,M01,P001,3,0,mobile money,37.0,M,2.0
T04134,2025-05-22 15:41,M01,P010,4,0,Espèces,46.0,F,3.0
T04135,2025-05-22 16:17,M06,P004,1,0,Mobile Money,41.0,F,3.0
T04136,2025-05-22 16:35,M04,P016,2,0,especes,30.0,M,3.0
T04137,2025-05-22 16:45,M04,P010,3,0,Espèces,36.0,M,3.0
T04138,2025-05-22 17:11,M03,P009,2,0,Espèces,28.0,F,2.0
T04139,2025-05-22 17:15,M01,P016,4,0,Espèces,31.0,M,3.0
T04140,2025-05-22 17:42,M06,P001,2,0,Espèces,34.0,F,3.0
T04141,2025-05-22 17:43,M01,P002,1,0,Espèces,31.0,F,4.0
T04142,2025-05-22 17:57,M06,P007,1,0,Espèces,57.0,M,3.0
T04143,2025-05-22 17:58,M02,P013,1,0,Mobile Money,31.0,F,3.0
T04144,2025-05-22 18:07,M04,P005,4,0,Espèces,35.0,M,3.0
T04145,2025-05-22 18:15,M01,P013,1,0,Espèces,28.0,F,5.0
T04146,2025-05-22 18:27,M05,P009,2,5,Espèces,30.0,M,4.0
T04147,2025-05-22 18:29,M01,P014,2,0,Mobile Money,45.0,F,4.0
T04148,2025-05-22 18:32,M05,P020,1,0,Carte,22.0,F,4.0
T04149,2025-05-22 18:33,M03,P001,3,0,Espèces,35.0,F,3.0
T04150,2025-05-22 19:05,M04,P009,5,0,Mobile Money,37.0,M,2.0
T04151,2025-05-22 19:50,M05,P001,3,15,Espèces,32.0,F,4.0
T04152,2025-05-22 20:06,M01,P010,3,0,Espèces,18.0,M,5.0
T04153,2025-05-23 10:59,M01,P009,4,0,Mobile Money,36.0,F,5.0
T04154,2025-05-23 12:06,M04,P009,2,0,Mobile Money,25.0,F,5.0
T04155,2025-05-23 12:08,M01,P001,4,0,Mobile Money,16.0,M,4.0
T04156,2025-05-23 12:57,M01,P022,1,0,Carte,25.0,F,3.0
T04157,2025-05-23 13:07,M05,P027,1,0,Espèces,38.0,F,3.0
T04158,2025-05-23 13:14,M01,P001,2,0,Espèces,36.0,F,4.0
T04159,2025-05-23 13:36,M01,P002,1,0,Espèces,31.0,F,4.0
T04160,2025-05-23 13:58,M02,P001,2,5,Espèces,29.0,F,4.0
T04161,2025-05-23 14:06,M05,P015,4,0,Mobile Money,43.0,M,3.0
T04162,2025-05-23 14:47,M04,P004,2,0,Espèces,46.0,M,4.0
T04163,2025-05-23 15:38,M06,P005,1,0,Espèces,46.0,M,3.0
T04164,2025-05-23 16:16,M06,P005,4,0,Carte,36.0,M,4.0
T04165,2025-05-23 17:15,M01,P025,1,0,Mobile Money,25.0,F,5.0
T04166,2025-05-23 17:24,M05,P010,3,0,Mobile Money,30.0,F,4.0
T04167,2025-05-23 17:27,M04,P014,6,15,Mobile Money,32.0,M,4.0
T04168,2025-05-23 18:01,M03,P009,2,0,Espèces,34.0,M,5.0
T04169,2025-05-23 18:15,M01,P003,6,10,Espèces,34.0,F,4.0
T04170,2025-05-23 18:37,M03,P022,1,0,Mobile Money,31.0,F,5.0
T04171,2025-05-23 18:51,M03,P004,2,0,Espèces,37.0,F,3.0
T04172,2025-05-23 18:52,M06,P019,1,0,Espèces,20.0,F,3.0
T04173,2025-05-23 19:07,M02,P012,7,10,Espèces,31.0,M,4.0
T04174,2025-05-24 10:24,M03,P012,1,0,Espèces,,F,5.0
T04175,2025-05-24 10:46,M02,P013,1,0,Espèces,29.0,F,4.0
T04176,2025-05-24 11:28,M01,P027,3,10,Carte,34.0,F,3.0
T04177,2025-05-24 11:30,M06,P001,2,0,Carte,38.0,M,3.0
T04178,2025-05-24 11:45,M03,P004,1,5,Espèces,24.0,F,5.0
T04179,2025-05-24 12:08,M01,P007,1,0,Mobile Money,29.0,M,4.0
T04180,2025-05-24 12:20,M06,P025,1,0,Espèces,29.0,F,3.0
T04181,2025-05-24 12:22,M05,P010,3,0,Espèces,32.0,F,3.0
T04182,2025-05-24 13:02,M04,P001,3,10,Mobile Money,39.0,M,2.0
T04183,2025-05-24 13:15,M02,P013,2,0,Espèces,16.0,M,3.0
T04184,2025-05-24 14:24,M05,P010,4,0,Mobile Money,33.0,M,4.0
T04185,2025-05-24 14:30,M04,P012,1,0,Espèces,38.0,F,4.0
T04186,2025-05-24 16:13,M06,P020,1,0,Mobile Money,24.0,F,4.0
T04187,2025-05-24 16:18,M04,P020,1,0,Mobile Money,16.0,F,2.0
T04188,2025-05-24 16:56,M01,P001,4,0,Carte,,M,4.0
T04189,2025-05-24 17:09,M01,P010,3,0,Mobile Money,39.0,M,4.0
T04190,2025-05-24 17:14,M01,P005,5,0,Mobile Money,38.0,F,5.0
T04191,2025-05-24 17:15,M01,P004,3,0,Espèces,42.0,M,4.0
T04192,2025-05-24 17:19,M05,P007,3,0,Espèces,36.0,M,3.0
T04194,2025-05-24 17:53,M01,P009,1,0,Espèces,38.0,F,4.0
T04193,2025-05-24 17:53,M04,P018,3,0,Espèces,27.0,F,3.0
T04195,2025-05-24 17:54,M01,P020,1,0,Espèces,22.0,M,4.0
T04196,2025-05-24 18:25,M05,P002,2,0,Mobile Money,41.0,M,4.0
T04197,2025-05-24 18:32,M01,P007,3,0,Espèces,43.0,F,2.0
T04198,2025-05-24 18:38,M03,P011,4,0,Mobile Money,30.0,M,4.0
T04199,2025-05-24 18:55,M05,P016,2,0,Espèces,21.0,M,3.0
T04200,2025-05-24 19:08,M05,P025,1,0,Espèces,27.0,M,4.0
T04203,2025-05-24 19:08,M05,P010,3,15,Espèces,60.0,F,3.0
T04202,2025-05-24 19:08,M01,P017,4,0,Espèces,29.0,M,4.0
T04201,2025-05-24 19:08,M03,P002,3,0,Espèces,41.0,F,2.0
T04204,2025-05-24 19:24,M04,P015,3,0,Mobile Money,41.0,M,3.0
T04205,2025-05-24 19:26,M02,P019,1,0,Mobile Money,28.0,F,3.0
T04206,2025-05-24 19:29,M05,P004,3,0,Mobile Money,54.0,M,4.0
T04208,2025-05-24 19:38,M04,P009,2,0,Carte,51.0,F,4.0
T04207,2025-05-24 19:38,M04,P002,3,5,especes,27.0,M,4.0
T04209,2025-05-24 20:55,M03,P019,3,15,Espèces,27.0,M,4.0
T04210,2025-05-25 11:00,M03,P001,3,0,Espèces,29.0,M,5.0
T04211,2025-05-25 11:23,M06,P011,2,0,Carte,33.0,M,5.0
T04212,2025-05-25 11:31,M06,P007,1,0,Mobile Money,37.0,F,4.0
T04213,2025-05-25 11:56,M02,P007,5,10,Mobile Money,30.0,M,4.0
T04214,2025-05-25 12:07,M06,P019,1,5,Mobile Money,35.0,F,4.0
T04215,2025-05-25 12:08,M01,P011,4,0,Espèces,38.0,F,3.0
T04216,2025-05-25 12:14,M02,P001,3,0,Espèces,32.0,M,4.0
T04218,2025-05-25 12:21,M05,P024,1,0,Mobile Money,59.0,M,3.0
T04217,2025-05-25 12:21,M05,P019,1,0,Espèces,26.0,M,4.0
T04219,2025-05-25 12:22,M06,P001,2,0,Espèces,29.0,M,4.0
T04220,2025-05-25 13:10,M03,P009,3,0,Mobile Money,32.0,F,5.0
T04221,2025-05-25 13:41,M02,P013,3,0,Mobile Money,33.0,M,3.0
T04222,2025-05-25 14:00,M05,P022,1,0,Espèces,31.0,F,5.0
T04223,2025-05-25 14:12,M06,P016,1,0,Mobile Money,35.0,F,3.0
T04224,2025-05-25 14:22,M04,P017,2,0,Espèces,39.0,F,3.0
T04225,2025-05-25 15:34,M01,P027,1,0,Espèces,42.0,F,4.0
T04226,2025-05-25 16:15,M02,P004,2,0,Espèces,33.0,M,4.0
T04227,2025-05-25 16:29,M06,P010,3,0,Espèces,43.0,M,3.0
T04228,2025-05-25 16:29,M01,P013,6,0,Carte,29.0,F,5.0
T04229,2025-05-25 16:30,M03,P009,4,0,Espèces,30.0,M,4.0
T04230,2025-05-25 16:34,M01,P015,2,0,Mobile Money,20.0,F,4.0
T04231,2025-05-25 16:48,M01,P001,4,0,Mobile Money,44.0,F,3.0
T04232,2025-05-25 17:04,M05,P004,2,0,Mobile Money,49.0,F,4.0
T04233,2025-05-25 17:17,M02,P012,2,0,Espèces,23.0,F,1.0
T04234,2025-05-25 17:36,M02,P008,1,0,Mobile Money,32.0,M,5.0
T04235,2025-05-25 18:42,M04,P010,1,0,Mobile Money,35.0,M,2.0
T04236,2025-05-25 19:02,M06,P003,3,0,Espèces,26.0,F,4.0
T04237,2025-05-25 19:03,M01,P006,2,0,Mobile Money,47.0,F,4.0
T04238,2025-05-25 19:19,M06,P009,3,10,espèces,40.0,F,4.0
T04239,2025-05-25 19:45,M01,P021,1,15,Carte,31.0,M,4.0
T04240,2025-05-25 19:57,M01,P009,2,0,Espèces,34.0,F,3.0
T04241,2025-05-25 20:17,M03,P014,1,0,Espèces,29.0,M,3.0
T04242,2025-05-25 20:21,M05,P002,3,0,Espèces,32.0,M,3.0
T04243,2025-05-25 20:35,M05,P016,3,0,Espèces,37.0,F,5.0
T04244,2025-05-25 21:06,M03,P009,1,0,Espèces,33.0,F,4.0
T04245,2025-05-25 21:50,M06,P015,2,0,Espèces,56.0,M,4.0
T04246,2025-05-25 21:53,M02,P026,1,0,Mobile Money,16.0,F,3.0
T04247,2025-05-26 08:30,M05,P017,1,0,Espèces,36.0,M,4.0
T04248,2025-05-26 11:22,M03,P005,3,0,Espèces,33.0,F,3.0
T04249,2025-05-26 11:29,M02,P015,1,0,Espèces,33.0,M,3.0
T04250,2025-05-26 11:29,M01,P002,3,0,Espèces,46.0,M,2.0
T04251,2025-05-26 12:02,M01,P014,3,0,Espèces,,F,5.0
T04252,2025-05-26 13:05,M05,P001,4,10,Espèces,31.0,M,4.0
T04253,2025-05-26 13:10,M06,P013,2,0,Mobile Money,27.0,F,3.0
T04254,2025-05-26 13:23,M05,P016,2,0,Espèces,,F,3.0
T04255,2025-05-26 13:25,M06,P018,1,0,Mobile Money,42.0,M,4.0
T04256,2025-05-26 15:24,M02,P014,3,0,Espèces,42.0,F,
T04257,2025-05-26 16:45,M01,P009,3,0,Espèces,41.0,F,4.0
T04258,2025-05-26 16:52,M04,P009,3,0,Espèces,41.0,M,2.0
T04259,2025-05-26 17:10,M02,P011,3,0,Espèces,35.0,F,3.0
T04260,2025-05-26 17:18,M05,P009,2,0,Mobile Money,43.0,M,3.0
T04261,2025-05-26 17:20,M05,P001,2,0,Espèces,,M,3.0
T04262,2025-05-26 17:33,M01,P007,1,0,Mobile Money,37.0,F,2.0
T04263,2025-05-26 17:35,M03,P022,1,0,Espèces,34.0,F,3.0
T04264,2025-05-26 17:55,M03,P011,4,0,CB,26.0,F,4.0
T04265,2025-05-26 18:06,M04,P007,4,0,Espèces,32.0,M,2.0
T04266,2025-05-26 18:10,M04,P019,1,0,Espèces,29.0,F,3.0
T04267,2025-05-26 18:11,M02,P001,3,0,Espèces,33.0,F,3.0
T04268,2025-05-26 18:15,M02,P016,3,0,Mobile Money,,M,5.0
T04269,2025-05-26 18:19,M02,P005,1,0,Espèces,27.0,M,4.0
T04270,2025-05-26 18:29,M02,P002,6,10,Carte,17.0,F,3.0
T04271,2025-05-26 18:48,M06,P012,2,0,Mobile Money,37.0,F,4.0
T04272,2025-05-26 19:14,M06,P007,2,0,Espèces,27.0,F,3.0
T04273,2025-05-26 19:24,M02,P012,2,0,Mobile Money,30.0,F,3.0
T04274,2025-05-26 19:45,M02,P010,4,0,Carte,42.0,F,3.0
T04274,2025-05-26 19:45,M02,P010,4,0,Carte,42.0,F,3.0
T04275,2025-05-27 10:17,M02,P021,1,0,Mobile Money,17.0,M,4.0
T04276,2025-05-27 11:00,M02,P010,3,10,Espèces,40.0,F,3.0
T04277,2025-05-27 11:12,M06,P011,6,0,Mobile Money,39.0,M,4.0
T04278,2025-05-27 11:16,M04,P004,1,0,Espèces,43.0,M,5.0
T04279,2025-05-27 12:00,M02,P016,3,0,Espèces,44.0,M,5.0
T04280,2025-05-27 12:16,M02,P008,1,0,Espèces,29.0,F,4.0
T04281,2025-05-27 12:18,M05,P012,2,0,Mobile Money,36.0,F,4.0
T04282,2025-05-27 12:33,M05,P009,1,0,Mobile Money,16.0,F,2.0
T04283,2025-05-27 12:44,M04,P025,1,0,Espèces,33.0,F,1.0
T04284,2025-05-27 15:33,M05,P004,2,0,Mobile Money,29.0,M,4.0
T04285,2025-05-27 16:08,M05,P006,2,0,Mobile Money,35.0,M,2.0
T04286,2025-05-27 16:17,M06,P016,3,0,Espèces,28.0,M,4.0
T04287,2025-05-27 16:51,M03,P004,4,0,Espèces,58.0,F,4.0
T04288,2025-05-27 16:54,M04,P020,1,0,Espèces,32.0,M,5.0
T04289,2025-05-27 17:09,M04,P001,3,0,Mobile Money,45.0,F,2.0
T04290,2025-05-27 17:39,M02,P007,2,0,Carte,32.0,F,3.0
T04291,2025-05-27 17:43,M02,P004,2,0,Espèces,51.0,F,3.0
T04292,2025-05-27 17:44,M06,P024,1,0,Mobile Money,23.0,M,3.0
T04293,2025-05-27 18:19,M03,P015,3,0,Carte,42.0,M,3.0
T04294,2025-05-27 18:26,M02,P001,3,0,Espèces,29.0,F,3.0
T04295,2025-05-27 18:28,M04,P004,4,0,Mobile Money,21.0,M,4.0
T04297,2025-05-27 18:34,M05,P008,3,5,Carte,22.0,M,3.0
T04296,2025-05-27 18:34,M02,P014,3,5,Mobile Money,29.0,F,1.0
T04298,2025-05-27 18:45,M04,P019,1,0,Espèces,31.0,M,4.0
T04299,2025-05-27 18:56,M01,P002,1,15,Espèces,26.0,F,5.0
T04300,2025-05-27 19:05,M01,P010,3,0,Espèces,44.0,M,3.0
T04301,2025-05-27 19:21,M03,P014,1,0,Espèces,36.0,F,4.0
T04302,2025-05-27 19:22,M02,P001,2,0,Espèces,29.0,F,3.0
T04303,2025-05-27 19:36,M05,P002,1,0,Espèces,26.0,F,4.0
T04304,2025-05-27 19:40,M01,P010,1,0,MoMo,18.0,F,2.0
T04305,2025-05-27 19:55,M03,P017,2,0,Espèces,33.0,F,5.0
T04306,2025-05-28 10:51,M01,P004,2,0,Carte,30.0,F,2.0
T04307,2025-05-28 11:31,M06,P009,1,0,Mobile Money,16.0,M,4.0
T04308,2025-05-28 11:32,M01,P011,3,0,Espèces,28.0,F,4.0
T04309,2025-05-28 12:32,M02,P005,3,0,Espèces,34.0,F,4.0
T04310,2025-05-28 13:04,M02,P022,1,5,Carte,33.0,F,4.0
T04311,2025-05-28 13:17,M05,P005,6,10,Espèces,45.0,F,4.0
T04312,2025-05-28 13:23,M05,P012,3,0,Mobile Money,39.0,F,5.0
T04313,2025-05-28 13:50,M06,P008,3,0,Mobile Money,46.0,F,3.0
T04314,2025-05-28 14:27,M02,P015,2,0,Espèces,38.0,M,5.0
T04315,2025-05-28 16:39,M05,P019,1,0,Mobile Money,28.0,F,1.0
T04316,2025-05-28 16:44,M01,P001,3,0,Mobile Money,25.0,M,4.0
T04317,2025-05-28 16:46,M01,P012,1,0,Mobile Money,24.0,F,4.0
T04318,2025-05-28 16:55,M01,P006,1,0,Mobile Money,41.0,F,5.0
T04319,2025-05-28 16:58,M02,P018,3,15,Espèces,46.0,F,4.0
T04320,2025-05-28 17:14,M04,P002,2,0,Espèces,32.0,F,4.0
T04321,2025-05-28 17:24,M04,P001,3,0,Espèces,27.0,M,3.0
T04322,2025-05-28 17:37,M05,P002,3,0,Mobile Money,27.0,F,4.0
T04323,2025-05-28 17:44,M04,P017,3,0,Espèces,30.0,M,1.0
T04324,2025-05-28 17:52,M03,P015,4,0,Espèces,24.0,M,5.0
T04325,2025-05-28 18:06,M04,P016,2,0,Espèces,22.0,F,2.0
T04326,2025-05-28 18:07,M01,P009,1,0,Espèces,16.0,M,4.0
T04327,2025-05-28 18:21,M01,P019,1,0,Espèces,18.0,F,5.0
T04328,2025-05-28 18:39,M01,P012,2,0,Mobile Money,32.0,F,2.0
T04329,2025-05-28 18:40,M06,P018,2,0,Mobile Money,43.0,M,2.0
T04330,2025-05-28 18:52,M03,P004,5,10,Mobile Money,53.0,F,4.0
T04331,2025-05-28 18:56,M06,P005,2,0,Espèces,31.0,M,3.0
T04332,2025-05-28 19:53,M05,P014,4,15,Espèces,56.0,M,4.0
T04333,2025-05-28 20:05,M02,P027,1,0,Espèces,38.0,M,2.0
T04334,2025-05-28 21:03,M01,P004,3,0,Carte,36.0,F,3.0
T04335,2025-05-29 11:26,M04,P005,4,10,Mobile Money,30.0,F,2.0
T04336,2025-05-29 12:30,M02,P007,3,0,Espèces,16.0,M,4.0
T04337,2025-05-29 12:36,M03,P010,3,0,Mobile Money,23.0,F,4.0
T04338,2025-05-29 13:42,M05,P002,3,0,Carte,28.0,M,3.0
T04339,2025-05-29 14:06,M03,P022,1,0,Espèces,23.0,F,2.0
T04340,2025-05-29 15:02,M04,P027,1,0,Espèces,45.0,F,3.0
T04341,2025-05-29 15:33,M02,P019,1,0,Mobile Money,17.0,F,3.0
T04342,2025-05-29 15:48,M02,P001,4,0,Espèces,37.0,F,3.0
T04343,2025-05-29 16:09,M06,P004,4,0,Espèces,16.0,M,4.0
T04344,2025-05-29 16:11,M05,P012,2,0,Espèces,21.0,M,3.0
T04345,2025-05-29 16:22,M05,P024,1,0,Espèces,16.0,F,3.0
T04346,2025-05-29 17:28,M06,P018,1,0,Espèces,54.0,F,4.0
T04347,2025-05-29 17:41,M01,P008,2,0,Mobile Money,16.0,M,3.0
T04348,2025-05-29 17:53,M03,P005,2,0,Mobile Money,44.0,F,4.0
T04349,2025-05-29 18:00,M01,P017,4,0,Mobile Money,38.0,M,4.0
T04350,2025-05-29 18:20,M02,P002,1,0,Carte,33.0,F,2.0
T04351,2025-05-29 18:32,M02,P004,1,0,Carte,34.0,F,3.0
T04352,2025-05-29 18:47,M01,P019,1,0,Espèces,26.0,F,3.0
T04353,2025-05-29 18:51,M04,P012,1,0,Mobile Money,28.0,M,2.0
T04354,2025-05-29 19:02,M05,P025,1,0,Espèces,57.0,M,2.0
T04355,2025-05-29 19:10,M05,P021,1,0,Espèces,20.0,F,4.0
T04356,2025-05-29 19:47,M03,P002,3,5,Espèces,29.0,M,3.0
T04357,2025-05-29 19:56,M01,P016,2,0,Mobile Money,34.0,M,4.0
T04358,2025-05-29 20:58,M03,P017,1,0,Espèces,45.0,M,4.0
T04359,2025-05-30 10:26,M06,P004,3,15,Espèces,29.0,F,4.0
T04360,2025-05-30 10:51,M01,P005,5,15,especes,20.0,F,3.0
T04361,2025-05-30 12:06,M06,P012,2,0,Carte,19.0,M,4.0
T04363,2025-05-30 12:07,M02,P002,2,0,Espèces,33.0,F,4.0
T04362,2025-05-30 12:07,M01,P010,4,0,Mobile Money,16.0,F,4.0
T04364,2025-05-30 12:20,M04,P012,2,0,Mobile Money,,M,1.0
T04365,2025-05-30 12:22,M02,P025,1,0,Espèces,36.0,F,4.0
T04366,2025-05-30 12:26,M03,P001,1,0,Espèces,23.0,F,4.0
T04367,2025-05-30 12:37,M02,P007,1,0,Espèces,46.0,F,1.0
T04368,2025-05-30 14:39,M04,P015,4,0,Espèces,37.0,F,1.0
T04369,2025-05-30 14:44,M06,P007,3,0,Espèces,26.0,F,2.0
T04370,2025-05-30 14:45,M02,P002,2,0,Espèces,18.0,F,5.0
T04371,2025-05-30 14:46,M04,P007,1,0,Mobile Money,29.0,F,1.0
T04372,2025-05-30 15:28,M05,P001,2,0,Mobile Money,41.0,M,4.0
T04373,2025-05-30 15:30,M02,P014,1,0,Carte,46.0,M,2.0
T04374,2025-05-30 16:17,M01,P026,1,0,Espèces,20.0,F,3.0
T04375,2025-05-30 16:33,M01,P004,3,10,Mobile Money,41.0,M,4.0
T04376,2025-05-30 16:45,M03,P002,1,0,Mobile Money,27.0,M,4.0
T04377,2025-05-30 17:07,M01,P003,2,0,Espèces,32.0,F,3.0
T04378,2025-05-30 17:13,M02,P013,2,0,Mobile Money,30.0,F,3.0
T04379,2025-05-30 17:25,M05,P011,1,0,Espèces,53.0,F,4.0
T04380,2025-05-30 17:36,M05,P006,3,15,Espèces,16.0,F,4.0
T04381,2025-05-30 18:30,M04,P005,4,5,Espèces,41.0,F,3.0
T04382,2025-05-30 18:32,M02,P025,1,0,Espèces,37.0,F,2.0
T04383,2025-05-30 18:48,M01,P001,3,0,Carte,37.0,F,2.0
T04384,2025-05-30 19:06,M05,P013,1,0,Espèces,62.0,M,2.0
T04385,2025-05-30 19:29,M04,P014,4,10,Espèces,32.0,F,
T04386,2025-05-30 19:54,M02,P009,5,0,Espèces,48.0,F,4.0
T04387,2025-05-30 20:15,M03,P002,3,0,Espèces,29.0,F,4.0
T04388,2025-05-31 10:43,M01,P008,1,0,Espèces,33.0,M,4.0
T04389,2025-05-31 11:17,M01,P003,3,0,Mobile Money,35.0,F,4.0
T04390,2025-05-31 11:29,M03,P016,4,0,Mobile Money,49.0,F,3.0
T04391,2025-05-31 11:59,M03,P002,2,0,Espèces,43.0,M,4.0
T04392,2025-05-31 12:03,M03,P003,1,0,Espèces,26.0,F,3.0
T04393,2025-05-31 12:06,M01,P007,5,0,Mobile Money,25.0,M,5.0
T04394,2025-05-31 12:13,M05,P023,1,0,Espèces,28.0,F,3.0
T04395,2025-05-31 12:23,M01,P004,3,0,Mobile Money,24.0,M,4.0
T04396,2025-05-31 12:35,M01,P001,2,0,Mobile Money,35.0,F,3.0
T04397,2025-05-31 13:00,M02,P002,1,0,Mobile Money,20.0,F,5.0
T04398,2025-05-31 13:09,M01,P009,5,0,Mobile Money,29.0,M,5.0
T04399,2025-05-31 13:18,M04,P007,4,0,Espèces,33.0,M,3.0
T04400,2025-05-31 13:23,M04,P012,2,0,Espèces,39.0,M,2.0
T04401,2025-05-31 14:14,M03,P002,1,0,Mobile Money,38.0,M,2.0
T04402,2025-05-31 15:12,M05,P010,2,0,Mobile Money,26.0,F,3.0
T04403,2025-05-31 15:22,M04,P010,1,5,Espèces,19.0,F,4.0
T04404,2025-05-31 16:07,M04,P003,1,0,Espèces,27.0,F,1.0
T04405,2025-05-31 16:26,M03,P002,2,5,Mobile Money,37.0,F,4.0
T04406,2025-05-31 16:27,M03,P002,1,0,Espèces,31.0,M,4.0
T04407,2025-05-31 16:57,M04,P014,3,5,Espèces,39.0,M,1.0
T04408,2025-05-31 17:07,M04,P011,1,0,Espèces,23.0,F,1.0
T04409,2025-05-31 17:10,M05,P021,1,0,Espèces,33.0,M,5.0
T04410,2025-05-31 17:44,M05,P015,3,0,Espèces,30.0,M,5.0
T04411,2025-05-31 17:49,M04,P015,3,15,Mobile Money,21.0,M,2.0
T04412,2025-05-31 17:51,M01,P010,1,0,Espèces,40.0,M,3.0
T04413,2025-05-31 17:58,M01,P003,4,0,Mobile Money,37.0,F,5.0
T04414,2025-05-31 18:06,M04,P008,2,0,Espèces,20.0,F,3.0
T04415,2025-05-31 18:45,M01,P001,1,0,Espèces,27.0,F,2.0
T04416,2025-05-31 19:01,M04,P014,5,10,Mobile Money,24.0,M,2.0
T04417,2025-05-31 19:13,M02,P007,2,0,Espèces,34.0,F,4.0
T04418,2025-05-31 19:38,M01,P011,3,0,Espèces,16.0,F,3.0
T04419,2025-05-31 20:15,M03,P006,2,0,Espèces,28.0,F,3.0
T04420,2025-05-31 20:33,M03,P005,6,5,Mobile Money,52.0,F,4.0
T04421,2025-05-31 20:54,M03,P026,1,0,Espèces,41.0,F,4.0
T04422,2025-05-31 21:01,M06,P016,1,0,Espèces,25.0,M,3.0
T04423,2025-06-01 10:49,M04,P022,1,0,Mobile Money,31.0,M,1.0
T04424,2025-06-01 10:50,M01,P002,1,0,Mobile Money,39.0,F,3.0
T04425,2025-06-01 11:39,M02,P006,2,5,Mobile Money,38.0,M,4.0
T04426,2025-06-01 11:54,M06,P021,1,0,Espèces,18.0,M,5.0
T04427,2025-06-01 12:08,M05,P005,3,0,Espèces,18.0,F,4.0
T04428,2025-06-01 12:21,M04,P005,3,5,Espèces,,F,2.0
T04429,2025-06-01 12:48,M04,P012,3,10,Espèces,22.0,F,3.0
T04430,2025-06-01 13:36,M01,P016,4,0,Mobile Money,25.0,M,4.0
T04431,2025-06-01 14:10,M03,P020,1,0,Espèces,31.0,M,3.0
T04432,2025-06-01 14:28,M01,P001,2,5,Espèces,17.0,F,5.0
T04433,2025-06-01 14:52,M02,P007,3,10,Mobile Money,30.0,F,4.0
T04434,2025-06-01 14:54,M03,P001,2,0,Espèces,40.0,M,3.0
T04435,2025-06-01 15:30,M01,P009,2,0,Mobile Money,29.0,M,2.0
T04436,2025-06-01 16:44,M03,P009,5,0,Espèces,30.0,F,4.0
T04437,2025-06-01 16:45,M04,P010,5,15,Espèces,43.0,M,4.0
T04438,2025-06-01 16:54,M06,P007,1,0,Mobile Money,33.0,M,4.0
T04439,2025-06-01 17:01,M01,P003,7,0,Espèces,41.0,F,5.0
T04440,2025-06-01 17:16,M05,P008,4,0,Mobile Money,17.0,M,5.0
T04441,2025-06-01 17:18,M01,P002,3,0,Espèces,44.0,F,1.0
T04442,2025-06-01 17:36,M02,P024,1,0,Carte,38.0,F,3.0
T04443,2025-06-01 17:36,M01,P016,2,0,Mobile Money,54.0,M,4.0
T04444,2025-06-01 17:47,M05,P007,3,0,Espèces,44.0,M,
T04445,2025-06-01 17:48,M02,P012,3,0,Mobile Money,48.0,M,4.0
T04446,2025-06-01 18:01,M03,P003,1,0,Mobile Money,17.0,F,4.0
T04447,2025-06-01 18:14,M01,P007,1,0,Carte,26.0,F,3.0
T04448,2025-06-01 18:26,M04,P003,3,0,Mobile Money,28.0,F,3.0
T04449,2025-06-01 18:49,M06,P014,3,0,Mobile Money,24.0,M,3.0
T04450,2025-06-01 18:55,M04,P014,4,0,Espèces,37.0,F,3.0
T04451,2025-06-01 18:57,M02,P010,3,10,Mobile Money,30.0,F,5.0
T04452,2025-06-01 19:13,M01,P007,1,0,Mobile Money,16.0,M,4.0
T04453,2025-06-01 19:19,M03,P011,3,0,Espèces,26.0,F,4.0
T04454,2025-06-01 19:32,M01,P005,3,0,Espèces,30.0,F,2.0
T04455,2025-06-01 19:42,M05,P009,4,10,Mobile Money,30.0,M,4.0
T04456,2025-06-01 20:11,M05,P008,2,0,Mobile Money,28.0,M,5.0
T04457,2025-06-01 20:24,M02,P011,3,10,Mobile Money,26.0,M,2.0
T04458,2025-06-02 11:46,M03,P013,2,0,Espèces,24.0,M,5.0
T04459,2025-06-02 11:48,M01,P018,3,10,Espèces,39.0,M,5.0
T04460,2025-06-02 11:50,M01,P011,2,0,Mobile Money,16.0,M,5.0
T04461,2025-06-02 11:52,M03,P013,2,0,Espèces,34.0,M,3.0
T04463,2025-06-02 12:34,M01,P013,3,0,Espèces,48.0,F,3.0
T04462,2025-06-02 12:34,M01,P007,3,0,Espèces,44.0,M,4.0
T04464,2025-06-02 12:53,M04,P016,5,0,Carte,28.0,M,2.0
T04465,2025-06-02 13:52,M06,P003,1,0,Mobile Money,31.0,F,4.0
T04466,2025-06-02 14:03,M01,P012,3,5,Mobile Money,39.0,M,4.0
T04467,2025-06-02 15:34,M03,P009,2,0,Espèces,24.0,F,2.0
T04468,2025-06-02 16:00,M02,P005,5,10,Carte,36.0,F,5.0
T04469,2025-06-02 16:40,M01,P005,4,0,Mobile Money,44.0,F,5.0
T04470,2025-06-02 17:00,M01,P009,5,0,Espèces,44.0,F,4.0
T04471,2025-06-02 17:02,M01,P005,4,0,Mobile Money,43.0,M,4.0
T04472,2025-06-02 17:35,M02,P019,1,0,Mobile Money,16.0,F,4.0
T04473,2025-06-02 17:43,M03,P011,3,0,Espèces,39.0,M,2.0
T04474,2025-06-02 17:45,M03,P002,1,0,Mobile Money,27.0,F,4.0
T04475,2025-06-02 18:17,M01,P009,4,0,Espèces,25.0,M,5.0
T04476,2025-06-02 19:11,M06,P020,1,0,Mobile Money,29.0,F,2.0
T04477,2025-06-02 19:26,M04,P005,3,0,Mobile Money,41.0,F,2.0
T04478,2025-06-02 19:43,M05,P016,2,0,Espèces,35.0,F,4.0
T04479,2025-06-02 20:06,M05,P004,4,0,Mobile Money,37.0,M,2.0
T04480,2025-06-03 12:02,M02,P001,2,0,Espèces,22.0,F,3.0
T04481,2025-06-03 12:40,M05,P007,1,0,Mobile Money,42.0,F,5.0
T04482,2025-06-03 14:43,M01,P024,1,0,Carte,29.0,M,3.0
T04483,2025-06-03 14:44,M06,P010,4,5,Espèces,38.0,F,4.0
T04484,2025-06-03 14:53,M01,P017,3,0,Carte,27.0,F,2.0
T04485,2025-06-03 15:25,M02,P014,3,10,Mobile Money,45.0,F,5.0
T04486,2025-06-03 17:17,M05,P017,2,0,Mobile Money,32.0,M,3.0
T04487,2025-06-03 17:40,M05,P014,3,0,Espèces,30.0,M,5.0
T04488,2025-06-03 18:02,M04,P007,2,0,Espèces,30.0,M,1.0
T04489,2025-06-03 19:07,M04,P023,1,0,Espèces,32.0,M,2.0
T04490,2025-06-03 19:20,M03,P005,3,0,Espèces,40.0,F,4.0
T04491,2025-06-03 19:30,M05,P017,4,0,Espèces,47.0,F,3.0
T04492,2025-06-03 20:05,M03,P018,3,0,Mobile Money,38.0,F,3.0
T04493,2025-06-03 20:17,M03,P012,4,0,Espèces,43.0,M,3.0
T04494,2025-06-03 20:30,M03,P005,1,0,Espèces,26.0,F,3.0
T04495,2025-06-04 10:08,M03,P004,2,10,Espèces,28.0,F,3.0
T04496,2025-06-04 11:01,M03,P002,3,0,Espèces,23.0,F,4.0
T04497,2025-06-04 11:40,M03,P022,1,0,Espèces,24.0,F,3.0
T04498,2025-06-04 11:41,M05,P018,4,0,Mobile Money,41.0,F,5.0
T04499,2025-06-04 12:12,M06,P012,2,0,Espèces,20.0,M,2.0
T04500,2025-06-04 12:16,M05,P001,3,0,Carte,43.0,F,4.0
T04501,2025-06-04 12:35,M04,P002,3,0,Espèces,40.0,M,2.0
T04502,2025-06-04 12:56,M03,P017,4,0,Mobile Money,44.0,M,4.0
T04503,2025-06-04 13:07,M02,P004,1,0,Espèces,31.0,F,4.0
T04504,2025-06-04 14:43,M01,P005,3,0,Espèces,47.0,M,3.0
T04505,2025-06-04 14:59,M06,P006,2,0,Mobile Money,42.0,M,4.0
T04506,2025-06-04 15:20,M06,P007,2,0,Mobile Money,40.0,F,4.0
T04507,2025-06-04 15:31,M02,P023,1,0,Mobile Money,,M,5.0
T04508,2025-06-04 16:58,M01,P020,1,0,Mobile Money,17.0,F,4.0
T04509,2025-06-04 17:09,M01,P006,2,0,Espèces,36.0,M,4.0
T04510,2025-06-04 17:19,M03,P006,3,0,Espèces,38.0,F,5.0
T04511,2025-06-04 17:24,M02,P010,2,0,Espèces,23.0,F,4.0
T04512,2025-06-04 18:04,M02,P010,2,0,Mobile Money,26.0,M,4.0
T04513,2025-06-04 18:09,M01,P010,2,0,Mobile Money,57.0,F,4.0
T04514,2025-06-04 18:23,M01,P006,1,0,Espèces,56.0,F,4.0
T04515,2025-06-04 18:24,M04,P013,2,0,Espèces,34.0,F,4.0
T04516,2025-06-04 18:30,M01,P009,6,0,Carte,45.0,M,4.0
T04517,2025-06-04 19:41,M01,P011,5,0,Mobile Money,21.0,M,3.0
T04518,2025-06-04 20:52,M04,P005,4,0,Mobile Money,28.0,M,3.0
T04519,2025-06-05 10:29,M02,P012,2,0,Espèces,16.0,F,3.0
T04520,2025-06-05 11:15,M01,P015,1,0,Carte,40.0,M,4.0
T04521,2025-06-05 11:31,M05,P010,2,0,Espèces,43.0,F,4.0
T04522,2025-06-05 12:18,M06,P010,2,0,Espèces,33.0,F,4.0
T04523,2025-06-05 12:25,M06,P010,1,0,Mobile Money,24.0,M,3.0
T04524,2025-06-05 12:42,M04,P013,1,0,Mobile Money,54.0,F,3.0
T04525,2025-06-05 12:59,M05,P003,1,0,Mobile Money,32.0,F,5.0
T04526,2025-06-05 13:18,M06,P009,2,0,Espèces,29.0,M,3.0
T04527,2025-06-05 13:27,M01,P003,1,0,Espèces,41.0,F,2.0
T04528,2025-06-05 14:36,M06,P008,2,0,Espèces,16.0,F,3.0
T04529,2025-06-05 15:37,M02,P006,3,10,Mobile Money,44.0,M,3.0
T04530,2025-06-05 15:45,M05,P007,2,0,Espèces,23.0,F,3.0
T04531,2025-06-05 16:18,M03,P010,2,0,Mobile Money,37.0,F,5.0
T04532,2025-06-05 16:26,M01,P006,3,0,Mobile Money,39.0,F,2.0
T04533,2025-06-05 16:39,M03,P001,3,0,Espèces,42.0,F,3.0
T04534,2025-06-05 17:01,M04,P005,3,5,Espèces,29.0,M,2.0
T04535,2025-06-05 17:04,M02,P004,3,0,Espèces,28.0,F,3.0
T04536,2025-06-05 17:08,M05,P027,1,0,Espèces,21.0,M,4.0
T04538,2025-06-05 17:17,M03,P013,6,10,Espèces,61.0,F,3.0
T04537,2025-06-05 17:17,M01,P025,1,0,Espèces,40.0,F,4.0
T04539,2025-06-05 17:31,M05,P014,2,5,Espèces,23.0,M,4.0
T04540,2025-06-05 17:43,M04,P012,1,0,Espèces,39.0,F,3.0
T04541,2025-06-05 17:49,M01,P025,1,0,Espèces,36.0,M,4.0
T04542,2025-06-05 17:57,M05,P006,3,0,Mobile Money,22.0,M,5.0
T04543,2025-06-05 18:10,M01,P006,2,0,Carte,39.0,M,3.0
T04544,2025-06-05 18:15,M03,P003,3,0,Mobile Money,21.0,F,4.0
T04546,2025-06-05 18:20,M01,P005,1,0,Carte,26.0,F,4.0
T04545,2025-06-05 18:20,M01,P020,1,0,Espèces,31.0,F,5.0
T04547,2025-06-05 18:44,M01,P009,1,5,Espèces,48.0,F,4.0
T04548,2025-06-05 18:47,M01,P008,2,0,Mobile Money,32.0,M,3.0
T04549,2025-06-05 19:06,M05,P011,4,0,Espèces,36.0,F,4.0
T04550,2025-06-05 20:30,M03,P015,1,0,Mobile Money,41.0,F,4.0
T04551,2025-06-05 20:58,M01,P003,4,5,Espèces,21.0,F,4.0
T04552,2025-06-05 21:10,M01,P027,1,0,Mobile Money,17.0,F,3.0
T04553,2025-06-06 08:57,M04,P007,2,0,Mobile Money,29.0,F,5.0
T04554,2025-06-06 10:58,M03,P010,4,0,Espèces,38.0,F,3.0
T04555,2025-06-06 11:14,M03,P014,3,0,Espèces,45.0,F,3.0
T04556,2025-06-06 11:21,M03,P003,4,0,Mobile Money,19.0,F,4.0
T04557,2025-06-06 11:23,M04,P009,3,0,Carte,29.0,F,3.0
T04558,2025-06-06 11:36,M02,P017,2,0,Mobile Money,44.0,F,3.0
T04559,2025-06-06 12:15,M02,P003,2,0,Espèces,39.0,M,3.0
T04560,2025-06-06 12:26,M01,P022,1,0,Espèces,18.0,F,3.0
T04561,2025-06-06 12:28,M01,P003,5,0,Mobile Money,33.0,M,4.0
T04562,2025-06-06 12:30,M01,P005,3,5,Espèces,41.0,M,3.0
T04563,2025-06-06 14:11,M03,P020,1,0,Espèces,23.0,F,4.0
T04564,2025-06-06 14:40,M04,P027,1,0,Espèces,38.0,M,1.0
T04565,2025-06-06 14:47,M01,P004,2,0,Mobile Money,26.0,M,4.0
T04566,2025-06-06 16:05,M05,P014,3,0,Mobile Money,30.0,F,4.0
T04567,2025-06-06 16:33,M01,P012,6,0,Espèces,43.0,F,5.0
T04568,2025-06-06 16:56,M03,P002,3,0,Mobile Money,32.0,F,5.0
T04569,2025-06-06 16:58,M02,P009,3,10,Carte,32.0,F,4.0
T04570,2025-06-06 17:06,M03,P025,1,0,Mobile Money,18.0,F,4.0
T04571,2025-06-06 17:16,M05,P009,3,0,Espèces,26.0,M,3.0
T04572,2025-06-06 17:21,M01,P008,5,0,Mobile Money,49.0,F,3.0
T04573,2025-06-06 18:11,M02,P002,2,0,Mobile Money,19.0,F,3.0
T04574,2025-06-06 18:20,M06,P013,4,0,Mobile Money,31.0,M,4.0
T04575,2025-06-06 18:59,M04,P015,1,0,Espèces,23.0,F,2.0
T04576,2025-06-06 19:11,M01,P014,6,0,espèces,44.0,F,3.0
T04577,2025-06-06 19:50,M05,P004,3,0,Espèces,16.0,F,3.0
T04578,2025-06-06 20:33,M01,P009,2,0,Espèces,21.0,F,3.0
T04579,2025-06-06 21:16,M01,P011,2,0,Mobile Money,27.0,F,3.0
T04580,2025-06-07 09:50,M06,P004,4,0,Espèces,32.0,M,5.0
T04581,2025-06-07 10:04,M02,P005,2,0,Mobile Money,38.0,F,4.0
T04582,2025-06-07 11:04,M02,P003,4,0,Espèces,16.0,M,3.0
T04583,2025-06-07 11:28,M05,P003,1,5,Mobile Money,26.0,F,3.0
T04584,2025-06-07 11:40,M01,P012,2,0,Mobile Money,31.0,M,4.0
T04585,2025-06-07 11:51,M01,P018,2,0,Espèces,19.0,M,5.0
T04586,2025-06-07 11:53,M04,P025,1,5,Espèces,27.0,F,3.0
T04587,2025-06-07 12:21,M03,P009,2,0,Espèces,23.0,M,4.0
T04588,2025-06-07 12:33,M02,P009,4,0,Mobile Money,57.0,M,3.0
T04589,2025-06-07 12:39,M01,P003,7,0,Espèces,29.0,F,5.0
T04591,2025-06-07 13:05,M04,P016,3,0,Carte,47.0,M,4.0
T04590,2025-06-07 13:05,M04,P017,4,0,Mobile Money,38.0,M,4.0
T04592,2025-06-07 13:13,M04,P006,2,0,Mobile Money,38.0,F,2.0
T04594,2025-06-07 13:22,M06,P002,3,0,Espèces,33.0,M,2.0
T04593,2025-06-07 13:22,M05,P012,2,5,Espèces,39.0,M,4.0
T04595,2025-06-07 13:24,M02,P002,8,15,Mobile Money,35.0,F,4.0
T04595,2025-06-07 13:24,M02,P002,8,15,Mobile Money,35.0,F,4.0
T04596,2025-06-07 13:41,M04,P014,6,0,Espèces,36.0,F,3.0
T04597,2025-06-07 13:45,M04,P017,2,0,Espèces,38.0,M,4.0
T04598,2025-06-07 14:50,M01,P024,1,0,Espèces,26.0,M,4.0
T04599,2025-06-07 15:28,M03,P009,1,0,Espèces,40.0,M,4.0
T04600,2025-06-07 15:43,M06,P003,2,0,Espèces,43.0,M,3.0
T04601,2025-06-07 15:59,M03,P015,4,0,Espèces,46.0,F,4.0
T04602,2025-06-07 16:25,M01,P012,4,0,Espèces,25.0,M,2.0
T04603,2025-06-07 16:43,M02,P010,2,5,Mobile Money,46.0,F,3.0
T04604,2025-06-07 17:10,M02,P010,2,0,Mobile Money,28.0,M,4.0
T04605,2025-06-07 17:11,M01,P007,2,0,Mobile Money,23.0,F,4.0
T04606,2025-06-07 17:12,M01,P012,4,0,Espèces,42.0,F,3.0
T04607,2025-06-07 17:28,M05,P001,2,0,Espèces,35.0,M,3.0
T04608,2025-06-07 17:33,M04,P005,4,0,Espèces,27.0,F,4.0
T04609,2025-06-07 17:46,M05,P009,4,0,Espèces,28.0,M,4.0
T04610,2025-06-07 18:05,M02,P017,4,0,Mobile Money,31.0,M,2.0
T04611,2025-06-07 18:07,M05,P024,1,0,Espèces,31.0,M,5.0
T04612,2025-06-07 18:10,M03,P002,1,0,Espèces,34.0,F,5.0
T04613,2025-06-07 18:10,M03,P012,3,0,Espèces,34.0,F,2.0
T04614,2025-06-07 18:27,M03,P009,1,0,Espèces,48.0,M,4.0
T04615,2025-06-07 18:39,M03,P009,3,0,Espèces,40.0,F,4.0
T04616,2025-06-07 18:40,M02,P005,3,0,Mobile Money,24.0,M,3.0
T04617,2025-06-07 18:44,M01,P005,4,0,Espèces,21.0,M,5.0
T04618,2025-06-07 18:58,M03,P008,5,5,Espèces,31.0,M,4.0
T04619,2025-06-07 19:01,M01,P007,4,0,Mobile Money,36.0,M,3.0
T04620,2025-06-07 19:21,M04,P003,1,0,Espèces,40.0,M,4.0
T04621,2025-06-07 19:32,M01,P003,2,0,Mobile Money,32.0,F,3.0
T04622,2025-06-07 19:45,M01,P013,1,0,Mobile Money,45.0,M,3.0
T04623,2025-06-07 20:15,M02,P012,1,0,Espèces,18.0,F,4.0
T04624,2025-06-07 20:42,M01,P015,1,10,Mobile Money,36.0,F,3.0
T04625,2025-06-07 20:58,M01,P008,1,0,Espèces,43.0,M,4.0
T04626,2025-06-07 21:49,M03,P015,2,0,Espèces,38.0,M,5.0
T04627,2025-06-08 10:26,M05,P017,7,0,Mobile Money,38.0,F,2.0
T04628,2025-06-08 10:36,M01,P018,1,0,Mobile Money,39.0,M,4.0
T04629,2025-06-08 11:07,M06,P007,3,0,Espèces,37.0,F,4.0
T04630,2025-06-08 11:11,M02,P001,3,0,Carte,38.0,F,3.0
T04631,2025-06-08 11:24,M04,P016,4,0,Mobile Money,33.0,F,3.0
T04632,2025-06-08 11:37,M02,P017,1,0,Espèces,22.0,F,3.0
T04633,2025-06-08 11:39,M03,P004,2,0,Espèces,43.0,M,4.0
T04635,2025-06-08 12:02,M02,P001,4,0,Espèces,25.0,F,4.0
T04634,2025-06-08 12:02,M02,P006,1,0,Mobile Money,36.0,M,3.0
T04636,2025-06-08 12:37,M05,P021,1,0,Espèces,16.0,M,5.0
T04637,2025-06-08 12:38,M03,P016,2,0,Espèces,52.0,M,4.0
T04637,2025-06-08 12:38,M03,P016,2,0,Espèces,52.0,M,4.0
T04638,2025-06-08 12:58,M01,P005,1,0,Carte,23.0,F,4.0
T04639,2025-06-08 13:02,M04,P014,2,0,Espèces,37.0,M,2.0
T04640,2025-06-08 13:43,M03,P024,1,0,Espèces,38.0,M,3.0
T04641,2025-06-08 14:13,M01,P004,2,0,Espèces,27.0,F,4.0
T04641,2025-06-08 14:13,M01,P004,2,0,Espèces,27.0,F,4.0
T04642,2025-06-08 14:20,M03,P009,3,0,Espèces,32.0,M,3.0
T04643,2025-06-08 14:39,M01,P015,3,5,Espèces,29.0,F,4.0
T04644,2025-06-08 14:45,M01,P001,1,0,Mobile Money,30.0,F,3.0
T04645,2025-06-08 15:02,M02,P004,5,10,Carte,32.0,F,4.0
T04646,2025-06-08 16:07,M03,P007,3,5,Espèces,23.0,F,3.0
T04647,2025-06-08 16:08,M01,P001,3,0,Mobile Money,35.0,F,5.0
T04648,2025-06-08 16:31,M03,P006,2,0,Espèces,20.0,F,3.0
T04649,2025-06-08 16:32,M04,P007,3,0,Mobile Money,31.0,F,2.0
T04650,2025-06-08 16:37,M01,P005,1,0,Espèces,21.0,F,5.0
T04651,2025-06-08 16:37,M02,P026,1,0,Mobile Money,46.0,M,4.0
T04652,2025-06-08 17:21,M04,P020,1,0,Espèces,40.0,F,4.0
T04653,2025-06-08 17:33,M05,P003,4,15,Espèces,40.0,F,5.0
T04654,2025-06-08 17:34,M02,P006,4,0,Carte,27.0,M,4.0
T04655,2025-06-08 17:46,M01,P010,2,0,Mobile Money,41.0,F,3.0
T04656,2025-06-08 18:06,M02,P013,2,0,Espèces,16.0,F,4.0
T04657,2025-06-08 18:17,M01,P016,3,0,Espèces,33.0,M,5.0
T04658,2025-06-08 18:23,M01,P016,3,0,Mobile Money,40.0,F,5.0
T04659,2025-06-08 18:27,M06,P003,3,10,Espèces,31.0,F,5.0
T04660,2025-06-08 18:38,M01,P022,1,10,Carte,28.0,M,4.0
T04661,2025-06-08 18:41,M06,P002,2,0,Mobile Money,35.0,F,4.0
T04662,2025-06-08 18:42,M06,P004,5,15,Espèces,42.0,F,3.0
T04663,2025-06-08 19:10,M02,P027,1,0,Espèces,58.0,M,4.0
T04664,2025-06-08 19:13,M05,P015,1,10,Mobile Money,28.0,F,3.0
T04665,2025-06-08 19:17,M03,P009,2,0,Mobile Money,16.0,F,3.0
T04666,2025-06-08 19:21,M03,P009,3,5,Espèces,39.0,M,4.0
T04667,2025-06-08 19:48,M01,P020,3,10,Espèces,25.0,F,4.0
T04668,2025-06-08 19:54,M02,P004,2,0,Espèces,28.0,M,4.0
T04669,2025-06-08 20:13,M01,P006,3,0,Espèces,38.0,F,1.0
T04670,2025-06-08 21:21,M01,P009,1,0,Espèces,32.0,F,3.0
T04671,2025-06-09 10:38,M01,P022,1,0,espèces,29.0,M,3.0
T04672,2025-06-09 10:54,M02,P014,2,5,Espèces,48.0,F,4.0
T04673,2025-06-09 11:04,M03,P011,2,0,Espèces,25.0,F,3.0
T04674,2025-06-09 11:49,M06,P001,4,0,Espèces,37.0,F,3.0
T04675,2025-06-09 11:53,M02,P020,1,5,Espèces,36.0,F,2.0
T04676,2025-06-09 12:18,M05,P012,2,0,Mobile Money,45.0,F,3.0
T04677,2025-06-09 12:31,M03,P015,2,5,Mobile Money,53.0,M,5.0
T04678,2025-06-09 12:36,M04,P014,2,10,Carte,41.0,F,3.0
T04679,2025-06-09 12:47,M01,P017,2,0,Espèces,38.0,F,4.0
T04680,2025-06-09 13:06,M02,P003,2,0,Carte,38.0,F,4.0
T04681,2025-06-09 13:42,M01,P012,3,10,Espèces,49.0,F,4.0
T04682,2025-06-09 13:45,M05,P018,3,0,Espèces,39.0,M,3.0
T04683,2025-06-09 15:06,M02,P001,2,0,Espèces,32.0,M,3.0
T04684,2025-06-09 15:20,M06,P009,6,0,Espèces,23.0,F,1.0
T04685,2025-06-09 16:30,M05,P016,3,0,Espèces,29.0,M,5.0
T04686,2025-06-09 16:48,M01,P004,5,15,Mobile Money,42.0,F,4.0
T04687,2025-06-09 16:50,M02,P009,3,0,Espèces,24.0,M,4.0
T04688,2025-06-09 16:57,M02,P009,3,0,Carte,21.0,F,3.0
T04689,2025-06-09 17:09,M05,P023,1,0,Espèces,33.0,F,4.0
T04690,2025-06-09 17:14,M01,P010,3,0,Espèces,30.0,M,5.0
T04691,2025-06-09 17:47,M02,P003,1,0,Carte,34.0,F,5.0
T04692,2025-06-09 17:59,M04,P003,3,0,Espèces,19.0,F,3.0
T04693,2025-06-09 18:34,M02,P001,2,10,Mobile Money,35.0,F,3.0
T04694,2025-06-09 18:38,M02,P012,7,10,Carte,36.0,F,2.0
T04695,2025-06-09 18:39,M01,P012,4,0,Mobile Money,30.0,F,5.0
T04696,2025-06-09 19:12,M05,P002,1,0,Mobile Money,59.0,F,3.0
T04697,2025-06-09 19:24,M03,P001,2,0,Espèces,28.0,F,5.0
T04698,2025-06-09 20:14,M04,P002,2,0,Mobile Money,31.0,M,3.0
T04699,2025-06-09 20:33,M02,P002,2,0,Espèces,38.0,F,5.0
T04700,2025-06-09 20:46,M01,P012,1,0,Mobile Money,16.0,F,3.0
T04701,2025-06-10 10:34,M02,P008,2,0,Mobile Money,16.0,F,4.0
T04702,2025-06-10 10:58,M02,P013,2,0,Mobile Money,30.0,F,3.0
T04703,2025-06-10 11:57,M04,P014,1,0,Espèces,36.0,M,3.0
T04704,2025-06-10 12:36,M01,P017,2,0,Mobile Money,47.0,F,3.0
T04705,2025-06-10 13:20,M01,P007,3,0,Espèces,38.0,M,3.0
T04706,2025-06-10 14:10,M05,P008,1,0,Espèces,24.0,F,5.0
T04707,2025-06-10 16:03,M03,P009,2,5,Espèces,29.0,M,3.0
T04708,2025-06-10 16:36,M02,P002,3,15,Mobile Money,16.0,M,4.0
T04709,2025-06-10 17:05,M06,P001,4,0,Espèces,67.0,F,2.0
T04710,2025-06-10 17:11,M01,P009,2,0,Carte,38.0,F,3.0
T04711,2025-06-10 17:19,M02,P005,2,5,Espèces,33.0,M,3.0
T04712,2025-06-10 17:27,M01,P005,2,0,Mobile Money,30.0,F,3.0
T04713,2025-06-10 17:31,M02,P003,1,0,carte,27.0,M,4.0
T04714,2025-06-10 17:55,M02,P011,4,0,Espèces,33.0,F,3.0
T04715,2025-06-10 18:03,M06,P016,2,0,Mobile Money,35.0,F,4.0
T04716,2025-06-10 18:06,M01,P006,3,10,Espèces,21.0,M,3.0
T04717,2025-06-10 18:25,M01,P010,1,0,Espèces,32.0,F,4.0
T04718,2025-06-10 18:59,M02,P018,1,0,Mobile Money,25.0,M,2.0
T04719,2025-06-10 19:11,M02,P005,4,0,Mobile Money,35.0,M,3.0
T04720,2025-06-11 10:09,M06,P003,3,0,Mobile Money,33.0,F,4.0
T04721,2025-06-11 10:10,M03,P008,1,0,Mobile Money,22.0,F,5.0
T04722,2025-06-11 10:47,M06,P017,3,0,Espèces,40.0,F,3.0
T04723,2025-06-11 10:50,M05,P009,3,5,Mobile Money,29.0,F,4.0
T04724,2025-06-11 11:22,M01,P012,3,0,Espèces,44.0,F,3.0
T04725,2025-06-11 11:28,M04,P013,6,0,Espèces,38.0,M,3.0
T04726,2025-06-11 11:49,M01,P007,2,0,Mobile Money,34.0,F,4.0
T04727,2025-06-11 12:02,M02,P005,1,0,mobile money,24.0,F,5.0
T04728,2025-06-11 12:10,M05,P009,4,10,Mobile Money,46.0,F,4.0
T04729,2025-06-11 13:05,M05,P009,1,0,Espèces,32.0,F,3.0
T04730,2025-06-11 13:19,M01,P003,6,5,Mobile Money,32.0,M,3.0
T04731,2025-06-11 13:50,M02,P001,2,0,Espèces,19.0,M,4.0
T04732,2025-06-11 14:10,M01,P012,4,0,Carte,22.0,F,2.0
T04733,2025-06-11 14:20,M03,P012,3,0,Espèces,33.0,M,3.0
T04734,2025-06-11 14:47,M02,P003,2,0,Espèces,30.0,F,4.0
T04735,2025-06-11 15:31,M02,P004,1,0,Carte,42.0,M,3.0
T04736,2025-06-11 16:45,M04,P014,1,0,Mobile Money,32.0,M,3.0
T04737,2025-06-11 17:03,M03,P014,5,0,Espèces,36.0,F,4.0
T04738,2025-06-11 17:19,M02,P023,1,0,Mobile Money,16.0,M,5.0
T04739,2025-06-11 17:20,M02,P010,2,0,Mobile Money,43.0,F,4.0
T04740,2025-06-11 17:28,M06,P003,3,0,Mobile Money,46.0,F,4.0
T04741,2025-06-11 17:29,M05,P010,3,0,Espèces,44.0,F,4.0
T04742,2025-06-11 18:08,M01,P022,1,0,Carte,24.0,F,5.0
T04743,2025-06-11 18:28,M04,P016,1,5,Espèces,41.0,M,1.0
T04744,2025-06-11 18:35,M01,P005,3,0,Mobile Money,37.0,F,3.0
T04745,2025-06-11 19:14,M06,P009,4,10,Mobile Money,33.0,F,2.0
T04746,2025-06-11 19:27,M01,P005,2,0,Espèces,29.0,M,5.0
T04747,2025-06-11 20:01,M01,P016,2,0,Mobile Money,17.0,F,3.0
T04748,2025-06-12 10:08,M01,P025,1,0,Mobile Money,40.0,F,5.0
T04749,2025-06-12 10:19,M05,P001,4,10,Espèces,50.0,M,4.0
T04750,2025-06-12 11:02,M01,P009,3,0,Espèces,38.0,M,4.0
T04751,2025-06-12 11:20,M03,P005,3,0,Espèces,,M,4.0
T04752,2025-06-12 11:28,M03,P008,5,5,Espèces,43.0,F,4.0
T04753,2025-06-12 11:30,M06,P016,3,10,Espèces,38.0,F,4.0
T04754,2025-06-12 11:54,M02,P001,1,0,Espèces,16.0,M,3.0
T04755,2025-06-12 12:02,M01,P003,4,0,Mobile Money,36.0,F,3.0
T04756,2025-06-12 12:43,M02,P009,6,0,Espèces,40.0,M,5.0
T04757,2025-06-12 12:44,M01,P001,5,5,Espèces,33.0,F,4.0
T04758,2025-06-12 12:49,M06,P002,5,0,Espèces,20.0,M,5.0
T04759,2025-06-12 12:50,M04,P012,5,0,Espèces,40.0,M,3.0
T04760,2025-06-12 13:16,M01,P016,1,0,Mobile Money,20.0,M,3.0
T04761,2025-06-12 13:40,M04,P005,2,5,Espèces,39.0,F,2.0
T04762,2025-06-12 13:45,M04,P007,1,0,Espèces,37.0,F,2.0
T04763,2025-06-12 13:57,M04,P016,3,0,Mobile Money,51.0,M,2.0
T04764,2025-06-12 13:59,M04,P017,3,0,Mobile Money,26.0,M,2.0
T04765,2025-06-12 14:55,M05,P002,2,0,Espèces,34.0,M,4.0
T04766,2025-06-12 15:24,M01,P010,3,0,Espèces,41.0,M,4.0
T04767,2025-06-12 15:39,M06,P013,1,0,Mobile Money,37.0,F,4.0
T04768,2025-06-12 16:16,M03,P002,4,0,Espèces,28.0,F,5.0
T04769,2025-06-12 16:18,M03,P013,2,0,Mobile Money,35.0,M,2.0
T04770,2025-06-12 16:19,M05,P017,3,0,Espèces,23.0,F,1.0
T04771,2025-06-12 16:34,M03,P004,2,0,Espèces,24.0,M,3.0
T04772,2025-06-12 16:37,M03,P004,3,0,Mobile Money,37.0,F,3.0
T04773,2025-06-12 16:41,M05,P007,3,0,Espèces,34.0,M,3.0
T04774,2025-06-12 17:11,M01,P006,1,0,Espèces,39.0,F,4.0
T04775,2025-06-12 17:31,M01,P001,3,0,Espèces,51.0,F,2.0
T04776,2025-06-12 17:36,M02,P010,5,10,Espèces,46.0,F,3.0
T04777,2025-06-12 17:37,M01,P003,1,0,Mobile Money,37.0,F,3.0
T04778,2025-06-12 17:56,M04,P011,3,5,Mobile Money,29.0,F,3.0
T04779,2025-06-12 18:00,M02,P009,1,0,Mobile Money,22.0,M,3.0
T04780,2025-06-12 18:10,M01,P023,1,15,Espèces,34.0,M,3.0
T04781,2025-06-12 18:27,M03,P007,2,0,Mobile Money,20.0,F,4.0
T04782,2025-06-12 18:34,M03,P010,2,0,Espèces,32.0,F,3.0
T04783,2025-06-12 19:37,M02,P008,3,5,Carte,34.0,M,3.0
T04784,2025-06-12 19:47,M01,P017,2,5,Espèces,44.0,M,2.0
T04785,2025-06-12 20:09,M04,P005,2,0,Mobile Money,35.0,M,2.0
T04786,2025-06-12 20:13,M02,P012,2,0,Carte,38.0,M,3.0
T04787,2025-06-12 21:53,M02,P014,1,0,Carte,20.0,M,3.0
T04788,2025-06-13 08:26,M05,P013,4,5,Espèces,38.0,M,2.0
T04789,2025-06-13 10:15,M01,P007,2,5,Mobile Money,24.0,F,3.0
T04790,2025-06-13 10:37,M04,P003,3,0,Mobile Money,41.0,F,5.0
T04791,2025-06-13 11:16,M06,P009,3,0,Mobile Money,30.0,M,4.0
T04792,2025-06-13 12:06,M01,P015,1,0,Carte,31.0,M,4.0
T04793,2025-06-13 12:22,M01,P025,1,0,Espèces,43.0,F,5.0
T04794,2025-06-13 12:24,M03,P007,1,0,Mobile Money,27.0,M,3.0
T04795,2025-06-13 12:28,M01,P003,3,5,Espèces,17.0,F,5.0
T04796,2025-06-13 12:37,M04,P014,2,0,Mobile Money,21.0,M,3.0
T04797,2025-06-13 13:31,M01,P016,2,0,especes,48.0,F,3.0
T04798,2025-06-13 13:35,M04,P009,4,15,Espèces,36.0,F,3.0
T04799,2025-06-13 14:00,M02,P015,2,0,Espèces,21.0,F,5.0
T04800,2025-06-13 14:29,M01,P007,2,0,Espèces,38.0,M,5.0
T04801,2025-06-13 15:46,M03,P010,3,10,Espèces,31.0,F,4.0
T04802,2025-06-13 16:27,M03,P004,4,0,Espèces,34.0,F,4.0
T04803,2025-06-13 16:45,M05,P015,2,0,Espèces,39.0,M,3.0
T04804,2025-06-13 17:05,M02,P007,2,0,Espèces,36.0,F,4.0
T04804,2025-06-13 17:05,M02,P007,2,0,Espèces,36.0,F,4.0
T04805,2025-06-13 17:08,M01,P005,1,0,Espèces,30.0,M,4.0
T04806,2025-06-13 17:13,M01,P012,3,15,Espèces,43.0,F,5.0
T04807,2025-06-13 17:15,M03,P012,1,0,Espèces,32.0,F,5.0
T04808,2025-06-13 17:23,M01,P008,4,0,Mobile Money,42.0,M,4.0
T04809,2025-06-13 17:34,M02,P001,2,0,Mobile Money,50.0,M,3.0
T04810,2025-06-13 17:48,M03,P020,1,0,Mobile Money,21.0,F,3.0
T04811,2025-06-13 18:37,M02,P016,1,5,Mobile Money,26.0,M,3.0
T04812,2025-06-13 18:50,M03,P009,2,5,Mobile Money,33.0,M,4.0
T04813,2025-06-13 19:01,M02,P005,4,0,Mobile Money,30.0,F,4.0
T04814,2025-06-13 19:04,M04,P007,5,0,Espèces,66.0,F,2.0
T04815,2025-06-13 20:16,M04,P014,2,0,Espèces,35.0,F,2.0
T04816,2025-06-13 21:18,M01,P002,2,10,Espèces,46.0,F,5.0
T04817,2025-06-14 11:21,M06,P009,5,0,Mobile Money,24.0,M,5.0
T04818,2025-06-14 11:52,M01,P010,5,0,espèces,29.0,M,4.0
T04819,2025-06-14 12:03,M05,P010,2,0,Carte,35.0,F,3.0
T04820,2025-06-14 12:05,M03,P026,1,0,Espèces,42.0,M,4.0
T04821,2025-06-14 12:22,M03,P025,2,15,Mobile Money,16.0,F,3.0
T04822,2025-06-14 12:34,M04,P005,3,0,Mobile Money,26.0,F,3.0
T04823,2025-06-14 12:45,M05,P008,4,0,Espèces,42.0,M,5.0
T04824,2025-06-14 12:48,M05,P007,1,0,Mobile Money,32.0,M,4.0
T04825,2025-06-14 12:49,M06,P006,4,0,Espèces,29.0,F,3.0
T04827,2025-06-14 12:50,M05,P014,2,0,Espèces,16.0,F,2.0
T04826,2025-06-14 12:50,M03,P001,1,0,Mobile Money,16.0,F,4.0
T04828,2025-06-14 13:01,M01,P017,2,0,Mobile Money,27.0,F,4.0
T04829,2025-06-14 13:03,M01,P006,4,10,Espèces,49.0,F,5.0
T04830,2025-06-14 13:18,M01,P005,4,0,Espèces,39.0,M,5.0
T04831,2025-06-14 13:45,M03,P006,2,0,Carte,32.0,F,3.0
T04832,2025-06-14 15:15,M01,P022,1,0,Espèces,23.0,M,5.0
T04833,2025-06-14 15:34,M06,P016,3,0,Espèces,33.0,M,4.0
T04834,2025-06-14 15:37,M01,P013,1,0,Carte,35.0,M,4.0
T04835,2025-06-14 16:06,M05,P003,4,0,Mobile Money,39.0,M,2.0
T04836,2025-06-14 16:27,M04,P005,6,0,Mobile Money,30.0,M,3.0
T04837,2025-06-14 16:42,M01,P003,2,0,Espèces,31.0,F,4.0
T04838,2025-06-14 17:04,M02,P013,4,0,Mobile Money,16.0,M,4.0
T04839,2025-06-14 17:34,M02,P007,1,0,Espèces,31.0,M,3.0
T04840,2025-06-14 17:44,M03,P012,3,0,Espèces,32.0,M,5.0
T04841,2025-06-14 17:46,M03,P006,8,0,Espèces,27.0,F,3.0
T04842,2025-06-14 17:49,M01,P025,1,0,Espèces,28.0,F,4.0
T04843,2025-06-14 18:23,M04,P006,2,0,Espèces,34.0,M,2.0
T04844,2025-06-14 18:34,M01,P010,2,0,Espèces,42.0,F,4.0
T04845,2025-06-14 18:46,M06,P004,2,0,Mobile Money,31.0,F,4.0
T04846,2025-06-14 18:47,M05,P007,4,0,Espèces,27.0,M,3.0
T04847,2025-06-14 18:48,M01,P016,5,0,Espèces,31.0,F,4.0
T04848,2025-06-14 19:09,M01,P007,3,0,Espèces,20.0,F,2.0
T04849,2025-06-14 19:13,M01,P002,3,0,Carte,22.0,M,3.0
T04850,2025-06-14 19:14,M05,P017,2,0,Espèces,34.0,M,3.0
T04851,2025-06-14 19:22,M06,P009,3,0,Espèces,31.0,M,4.0
T04852,2025-06-14 19:33,M02,P019,2,10,Espèces,28.0,F,3.0
T04853,2025-06-14 19:48,M01,P003,2,0,Espèces,41.0,M,1.0
T04854,2025-06-14 20:08,M06,P015,2,0,Espèces,27.0,M,4.0
T04855,2025-06-15 10:04,M06,P009,3,0,Espèces,16.0,M,4.0
T04856,2025-06-15 10:55,M04,P006,1,0,Mobile Money,32.0,F,2.0
T04857,2025-06-15 11:15,M01,P015,3,0,Espèces,42.0,F,5.0
T04858,2025-06-15 11:53,M05,P015,3,5,Espèces,33.0,F,5.0
T04859,2025-06-15 12:12,M02,P005,4,0,Espèces,19.0,F,3.0
T04860,2025-06-15 12:29,M03,P002,2,0,Carte,16.0,M,4.0
T04861,2025-06-15 12:35,M03,P001,2,0,Mobile Money,28.0,F,3.0
T04862,2025-06-15 12:40,M02,P018,1,0,Carte,31.0,F,3.0
T04863,2025-06-15 12:42,M02,P015,2,0,mobile money,26.0,F,3.0
T04864,2025-06-15 12:58,M03,P010,3,0,Mobile Money,22.0,F,3.0
T04865,2025-06-15 13:10,M03,P007,5,0,Espèces,37.0,M,3.0
T04866,2025-06-15 13:53,M05,P009,2,0,Mobile Money,24.0,M,5.0
T04867,2025-06-15 14:26,M02,P018,3,10,Mobile Money,43.0,F,3.0
T04868,2025-06-15 16:07,M01,P017,2,0,Espèces,,F,3.0
T04869,2025-06-15 16:17,M02,P007,2,0,Espèces,31.0,F,2.0
T04870,2025-06-15 16:32,M06,P023,1,0,Mobile Money,30.0,F,4.0
T04871,2025-06-15 17:09,M03,P004,1,0,Mobile Money,43.0,M,2.0
T04872,2025-06-15 17:18,M03,P014,4,0,Espèces,41.0,F,4.0
T04873,2025-06-15 17:20,M05,P001,4,0,Mobile Money,38.0,F,2.0
T04874,2025-06-15 17:27,M01,P003,2,0,Mobile Money,32.0,M,2.0
T04875,2025-06-15 17:38,M01,P010,1,0,Espèces,31.0,M,3.0
T04876,2025-06-15 17:46,M01,P008,4,0,Mobile Money,43.0,M,2.0
T04877,2025-06-15 17:48,M01,P019,1,0,Espèces,32.0,M,3.0
T04878,2025-06-15 17:54,M03,P011,2,0,Espèces,36.0,F,4.0
T04879,2025-06-15 18:00,M02,P007,2,0,Mobile Money,39.0,M,3.0
T04880,2025-06-15 18:05,M03,P016,3,0,Mobile Money,16.0,M,2.0
T04881,2025-06-15 18:30,M01,P007,5,5,Espèces,21.0,F,4.0
T04882,2025-06-15 18:38,M01,P009,3,0,Espèces,44.0,M,4.0
T04883,2025-06-15 19:02,M04,P021,1,0,Espèces,21.0,F,2.0
T04884,2025-06-15 19:06,M03,P016,2,0,Espèces,16.0,F,3.0
T04885,2025-06-15 19:27,M03,P010,3,0,Espèces,32.0,F,4.0
T04886,2025-06-15 19:32,M01,P024,1,0,Carte,30.0,F,2.0
T04887,2025-06-15 21:18,M05,P002,3,0,Espèces,23.0,M,3.0
T04888,2025-06-16 11:00,M06,P022,1,0,Espèces,32.0,M,5.0
T04889,2025-06-16 11:18,M04,P008,1,0,Espèces,28.0,F,3.0
T04890,2025-06-16 11:38,M01,P010,2,0,Mobile Money,25.0,F,3.0
T04891,2025-06-16 12:02,M02,P009,3,0,Espèces,44.0,F,2.0
T04892,2025-06-16 12:04,M06,P004,4,15,Espèces,49.0,F,4.0
T04893,2025-06-16 13:22,M03,P001,2,0,Mobile Money,22.0,F,4.0
T04894,2025-06-16 13:28,M01,P001,4,10,Mobile Money,49.0,M,3.0
T04895,2025-06-16 13:41,M02,P004,1,0,Carte,33.0,M,4.0
T04896,2025-06-16 13:45,M02,P025,1,0,Espèces,30.0,F,2.0
T04897,2025-06-16 13:51,M02,P016,4,0,Mobile Money,18.0,M,3.0
T04898,2025-06-16 14:07,M04,P003,6,0,Espèces,40.0,M,4.0
T04899,2025-06-16 16:35,M03,P005,6,10,Espèces,40.0,M,4.0
T04900,2025-06-16 17:17,M01,P014,2,0,Mobile Money,28.0,M,5.0
T04901,2025-06-16 17:32,M03,P024,1,0,Espèces,20.0,F,3.0
T04902,2025-06-16 17:44,M06,P010,4,0,Espèces,33.0,F,2.0
T04903,2025-06-16 17:45,M05,P004,6,0,Espèces,17.0,F,4.0
T04904,2025-06-16 18:16,M03,P012,3,0,Mobile Money,50.0,F,3.0
T04905,2025-06-16 18:28,M02,P010,4,5,Espèces,26.0,F,3.0
T04906,2025-06-16 18:45,M01,P021,1,0,Espèces,24.0,F,2.0
T04907,2025-06-16 18:45,M02,P002,3,5,Espèces,53.0,F,4.0
T04908,2025-06-16 19:05,M01,P005,3,10,Mobile Money,30.0,M,5.0
T04909,2025-06-16 21:53,M02,P007,2,0,Espèces,,F,4.0
T04910,2025-06-17 10:43,M03,P009,2,0,Mobile Money,37.0,F,5.0
T04911,2025-06-17 12:12,M01,P025,1,5,Mobile Money,22.0,M,4.0
T04912,2025-06-17 12:56,M02,P024,1,10,Mobile Money,47.0,F,4.0
T04913,2025-06-17 13:03,M05,P004,2,0,Mobile Money,36.0,F,3.0
T04914,2025-06-17 13:17,M05,P009,2,0,Espèces,21.0,M,4.0
T04915,2025-06-17 13:19,M03,P011,1,0,Mobile Money,30.0,F,5.0
T04916,2025-06-17 13:23,M03,P006,2,5,Mobile Money,24.0,M,3.0
T04917,2025-06-17 13:28,M05,P001,3,0,Espèces,39.0,F,4.0
T04918,2025-06-17 13:39,M01,P008,2,0,Espèces,39.0,F,5.0
T04919,2025-06-17 15:50,M03,P001,4,10,Espèces,26.0,M,5.0
T04920,2025-06-17 16:36,M05,P003,2,5,Mobile Money,40.0,F,3.0
T04921,2025-06-17 16:41,M02,P017,3,5,Espèces,27.0,F,3.0
T04922,2025-06-17 16:57,M02,P013,2,0,Mobile Money,34.0,F,5.0
T04923,2025-06-17 17:11,M06,P015,1,5,Espèces,31.0,M,4.0
T04924,2025-06-17 17:26,M01,P020,1,0,Espèces,24.0,F,3.0
T04925,2025-06-17 17:43,M01,P017,1,0,Espèces,24.0,M,2.0
T04926,2025-06-17 18:04,M05,P017,1,0,Mobile Money,27.0,F,3.0
T04927,2025-06-17 18:14,M04,P010,4,5,Carte,40.0,F,4.0
T04928,2025-06-17 18:15,M05,P011,3,0,Espèces,40.0,F,3.0
T04929,2025-06-17 18:24,M01,P009,2,0,Espèces,17.0,M,5.0
T04930,2025-06-17 18:25,M02,P014,4,0,Mobile Money,35.0,M,2.0
T04931,2025-06-17 18:48,M05,P002,3,5,Espèces,30.0,M,3.0
T04932,2025-06-17 18:56,M05,P001,2,0,Espèces,28.0,M,3.0
T04933,2025-06-17 19:06,M02,P002,5,0,Espèces,16.0,F,4.0
T04934,2025-06-17 19:30,M03,P023,1,0,Mobile Money,31.0,M,4.0
T04935,2025-06-17 19:34,M03,P009,1,0,Espèces,46.0,F,4.0
T04936,2025-06-17 19:53,M02,P002,2,0,Mobile Money,43.0,F,3.0
T04937,2025-06-17 20:13,M03,P005,2,0,Mobile Money,38.0,F,5.0
T04938,2025-06-17 20:27,M02,P002,2,0,Carte,34.0,F,3.0
T04939,2025-06-18 09:36,M05,P003,5,0,Mobile Money,24.0,F,2.0
T04940,2025-06-18 11:27,M01,P012,4,0,Espèces,,F,4.0
T04941,2025-06-18 11:29,M02,P002,2,0,Carte,32.0,M,3.0
T04942,2025-06-18 12:11,M03,P010,4,0,Mobile Money,42.0,F,5.0
T04943,2025-06-18 12:32,M01,P003,4,0,MoMo,34.0,F,5.0
T04944,2025-06-18 12:36,M03,P005,1,0,Espèces,43.0,F,5.0
T04945,2025-06-18 12:58,M04,P014,4,10,Mobile Money,23.0,F,2.0
T04946,2025-06-18 12:59,M04,P022,1,0,Mobile Money,25.0,M,1.0
T04947,2025-06-18 13:30,M01,P011,2,0,Mobile Money,34.0,M,3.0
T04948,2025-06-18 13:43,M03,P009,2,5,Espèces,,F,3.0
T04949,2025-06-18 13:45,M05,P002,3,0,Espèces,16.0,F,2.0
T04950,2025-06-18 13:54,M05,P006,5,10,Mobile Money,24.0,F,3.0
T04951,2025-06-18 14:01,M02,P001,3,0,Mobile Money,36.0,F,5.0
T04952,2025-06-18 14:13,M05,P004,3,0,Mobile Money,29.0,F,3.0
T04953,2025-06-18 14:33,M03,P008,2,0,Espèces,34.0,F,4.0
T04954,2025-06-18 15:33,M01,P004,2,0,Mobile Money,27.0,F,4.0
T04955,2025-06-18 15:44,M03,P002,3,0,Mobile Money,42.0,M,3.0
T04956,2025-06-18 17:38,M03,P021,1,0,Espèces,23.0,F,5.0
T04957,2025-06-18 17:39,M01,P016,3,0,Mobile Money,,F,4.0
T04958,2025-06-18 17:45,M04,P001,3,5,Espèces,49.0,F,4.0
T04959,2025-06-18 17:49,M05,P009,3,5,Espèces,53.0,M,4.0
T04960,2025-06-18 18:06,M03,P025,1,0,Espèces,29.0,F,3.0
T04961,2025-06-18 18:09,M05,P024,1,0,Espèces,59.0,F,3.0
T04962,2025-06-18 18:15,M05,P011,1,0,Espèces,17.0,F,4.0
T04963,2025-06-18 18:31,M04,P002,2,0,Espèces,25.0,M,2.0
T04964,2025-06-18 18:37,M01,P004,2,0,Espèces,40.0,M,3.0
T04965,2025-06-18 18:45,M01,P005,1,0,Espèces,42.0,M,4.0
T04966,2025-06-18 18:52,M05,P002,3,0,Espèces,38.0,F,2.0
T04967,2025-06-18 18:55,M06,P009,2,0,Mobile Money,49.0,F,4.0
T04968,2025-06-18 19:02,M05,P004,3,0,Espèces,,F,4.0
T04969,2025-06-18 19:15,M04,P002,4,0,Espèces,28.0,F,4.0
T04970,2025-06-18 19:23,M03,P016,1,0,Mobile Money,49.0,F,4.0
T04971,2025-06-18 19:33,M04,P016,3,0,Mobile Money,31.0,F,2.0
T04972,2025-06-18 19:55,M03,P001,3,0,Espèces,46.0,M,4.0
T04973,2025-06-18 20:00,M05,P016,1,10,Carte,25.0,M,5.0
T04974,2025-06-18 20:16,M06,P003,3,0,Mobile Money,46.0,F,2.0
T04975,2025-06-18 20:25,M01,P027,1,5,Mobile Money,44.0,M,3.0
T04976,2025-06-18 21:24,M02,P004,2,0,Carte,47.0,F,4.0
T04977,2025-06-19 10:48,M01,P019,1,0,Carte,32.0,F,2.0
T04978,2025-06-19 12:03,M02,P019,1,0,Mobile Money,33.0,M,3.0
T04979,2025-06-19 12:07,M04,P004,2,5,Espèces,33.0,F,2.0
T04980,2025-06-19 12:36,M04,P004,3,5,Mobile Money,29.0,F,3.0
T04981,2025-06-19 12:38,M05,P022,1,0,Mobile Money,25.0,F,4.0
T04982,2025-06-19 12:44,M04,P009,3,0,Espèces,16.0,M,3.0
T04983,2025-06-19 15:46,M05,P018,3,0,Espèces,32.0,M,5.0
T04984,2025-06-19 17:18,M01,P007,2,0,Espèces,30.0,M,3.0
T04985,2025-06-19 17:37,M05,P010,3,0,Espèces,31.0,F,4.0
T04986,2025-06-19 17:42,M03,P017,1,0,Mobile Money,49.0,M,5.0
T04987,2025-06-19 17:45,M03,P001,1,0,Mobile Money,27.0,M,5.0
T04988,2025-06-19 17:56,M04,P019,1,0,Mobile Money,32.0,M,2.0
T04989,2025-06-19 18:19,M02,P001,3,15,Espèces,28.0,M,2.0
T04990,2025-06-19 18:20,M02,P016,3,0,Espèces,28.0,F,3.0
T04991,2025-06-19 18:20,M03,P023,1,0,Carte,31.0,F,3.0
T04992,2025-06-19 18:49,M02,P001,1,0,Carte,34.0,M,4.0
T04993,2025-06-19 18:49,M04,P016,3,0,Espèces,25.0,M,3.0
T04994,2025-06-19 18:57,M01,P024,1,0,Espèces,41.0,M,4.0
T04995,2025-06-20 10:07,M02,P010,4,0,Mobile Money,32.0,F,3.0
T04996,2025-06-20 10:37,M03,P002,3,0,Mobile Money,48.0,M,4.0
T04997,2025-06-20 10:40,M03,P013,2,0,Mobile Money,35.0,F,4.0
T04998,2025-06-20 11:18,M04,P003,2,0,Espèces,43.0,F,2.0
T04999,2025-06-20 11:50,M02,P021,1,0,Carte,,F,5.0
T05000,2025-06-20 11:50,M03,P025,1,0,Mobile Money,42.0,M,4.0
T05001,2025-06-20 12:06,M06,P003,1,0,Espèces,33.0,M,4.0
T05002,2025-06-20 12:47,M02,P010,2,0,Mobile Money,,M,5.0
T05003,2025-06-20 13:09,M04,P012,1,0,Espèces,50.0,M,4.0
T05004,2025-06-20 13:36,M06,P027,1,0,Mobile Money,34.0,F,4.0
T05005,2025-06-20 13:43,M01,P007,4,15,Espèces,25.0,M,2.0
T05006,2025-06-20 14:07,M06,P011,3,0,Mobile Money,37.0,M,4.0
T05007,2025-06-20 14:15,M03,P004,4,10,Espèces,49.0,F,3.0
T05008,2025-06-20 16:07,M01,P010,4,0,Espèces,21.0,F,4.0
T05009,2025-06-20 16:32,M04,P016,2,0,Espèces,44.0,M,3.0
T05010,2025-06-20 16:40,M05,P003,5,10,Mobile Money,27.0,M,4.0
T05011,2025-06-20 16:43,M02,P003,2,0,Espèces,22.0,M,5.0
T05012,2025-06-20 16:53,M06,P007,6,0,Espèces,25.0,F,2.0
T05013,2025-06-20 17:23,M06,P009,2,10,Espèces,30.0,M,3.0
T05014,2025-06-20 17:31,M01,P020,1,5,Carte,26.0,F,5.0
T05015,2025-06-20 17:55,M03,P026,1,0,Mobile Money,26.0,F,4.0
T05016,2025-06-20 17:56,M01,P003,3,0,Espèces,30.0,F,3.0
T05017,2025-06-20 17:57,M03,P003,2,0,Espèces,21.0,F,4.0
T05018,2025-06-20 18:22,M01,P008,1,0,Espèces,16.0,F,3.0
T05019,2025-06-20 18:43,M02,P010,4,0,Mobile Money,39.0,F,4.0
T05020,2025-06-20 18:45,M01,P017,5,0,Carte,43.0,M,3.0
T05021,2025-06-20 18:55,M06,P010,3,0,Espèces,26.0,F,3.0
T05022,2025-06-20 18:59,M01,P003,1,0,Mobile Money,35.0,F,2.0
T05023,2025-06-20 19:19,M03,P005,1,0,Espèces,16.0,F,3.0
T05024,2025-06-20 19:37,M02,P005,1,0,Espèces,35.0,F,4.0
T05025,2025-06-20 19:51,M02,P009,3,0,Mobile Money,27.0,M,4.0
T05026,2025-06-20 19:57,M02,P002,3,0,Espèces,45.0,M,4.0
T05027,2025-06-20 20:04,M01,P022,3,10,Mobile Money,18.0,F,4.0
T05028,2025-06-20 20:07,M01,P001,3,0,Espèces,26.0,M,4.0
T05029,2025-06-20 20:09,M03,P016,2,5,Espèces,40.0,F,3.0
T05030,2025-06-20 20:22,M04,P009,1,0,Mobile Money,49.0,F,1.0
T05031,2025-06-20 20:57,M04,P003,1,0,Espèces,52.0,F,3.0
T05032,2025-06-21 11:34,M01,P006,4,0,Espèces,45.0,F,3.0
T05033,2025-06-21 11:53,M01,P002,1,0,Mobile Money,21.0,M,3.0
T05034,2025-06-21 11:59,M01,P015,1,0,Espèces,31.0,F,4.0
T05035,2025-06-21 12:29,M01,P011,4,5,Carte,50.0,F,4.0
T05036,2025-06-21 12:30,M01,P015,2,0,Mobile Money,27.0,F,3.0
T05037,2025-06-21 12:35,M06,P007,4,0,Mobile Money,27.0,M,5.0
T05038,2025-06-21 12:37,M04,P017,3,0,Espèces,33.0,F,2.0
T05039,2025-06-21 12:48,M06,P019,1,0,Espèces,32.0,M,3.0
T05040,2025-06-21 12:54,M02,P004,5,0,Mobile Money,38.0,F,4.0
T05041,2025-06-21 13:12,M02,P009,3,0,Espèces,41.0,F,5.0
T05042,2025-06-21 13:33,M05,P003,2,0,Espèces,34.0,M,2.0
T05043,2025-06-21 13:46,M04,P016,2,0,Mobile Money,27.0,M,1.0
T05044,2025-06-21 13:51,M01,P027,1,0,Espèces,49.0,M,4.0
T05045,2025-06-21 13:55,M02,P006,1,5,Espèces,28.0,M,4.0
T05046,2025-06-21 14:01,M01,P011,3,0,Espèces,28.0,F,5.0
T05047,2025-06-21 15:04,M02,P002,6,5,Mobile Money,39.0,M,4.0
T05048,2025-06-21 15:06,M01,P010,2,0,Espèces,34.0,M,4.0
T05049,2025-06-21 15:14,M06,P007,3,0,Espèces,23.0,F,4.0
T05050,2025-06-21 15:22,M04,P022,1,0,Espèces,29.0,F,2.0
T05051,2025-06-21 15:25,M02,P022,1,0,Espèces,20.0,F,4.0
T05052,2025-06-21 15:55,M01,P009,2,0,Carte,29.0,F,3.0
T05053,2025-06-21 16:28,M01,P016,3,0,Mobile Money,36.0,F,5.0
T05054,2025-06-21 17:03,M05,P001,3,0,Espèces,34.0,M,4.0
T05055,2025-06-21 17:08,M02,P016,4,0,Espèces,44.0,M,1.0
T05056,2025-06-21 17:12,M04,P019,1,0,Mobile Money,33.0,M,4.0
T05057,2025-06-21 17:18,M04,P012,4,0,Mobile Money,21.0,M,2.0
T05058,2025-06-21 17:36,M04,P010,3,0,Espèces,31.0,F,1.0
T05059,2025-06-21 17:58,M06,P015,1,0,Mobile Money,25.0,M,2.0
T05060,2025-06-21 18:13,M01,P006,3,0,Carte,47.0,F,2.0
T05061,2025-06-21 18:18,M02,P014,4,0,Espèces,31.0,M,4.0
T05062,2025-06-21 18:26,M04,P013,3,10,Mobile Money,37.0,F,4.0
T05063,2025-06-21 18:31,M02,P005,2,0,Mobile Money,38.0,M,5.0
T05064,2025-06-21 18:32,M06,P009,4,0,Espèces,37.0,F,4.0
T05065,2025-06-21 18:53,M02,P022,1,5,Carte,28.0,M,3.0
T05066,2025-06-21 19:09,M01,P006,1,0,Espèces,49.0,F,3.0
T05067,2025-06-21 19:19,M03,P025,1,0,Mobile Money,40.0,F,3.0
T05068,2025-06-21 20:40,M02,P016,4,0,Carte,20.0,F,3.0
T05069,2025-06-21 20:48,M01,P004,3,0,Mobile Money,30.0,F,3.0
T05070,2025-06-21 21:46,M03,P009,3,0,Espèces,31.0,F,3.0
T05071,2025-06-22 10:56,M05,P012,1,0,Mobile Money,42.0,M,5.0
T05072,2025-06-22 11:01,M05,P002,1,5,Mobile Money,34.0,M,5.0
T05073,2025-06-22 11:13,M01,P013,4,0,Mobile Money,39.0,F,4.0
T05074,2025-06-22 11:30,M06,P005,2,0,Espèces,32.0,M,5.0
T05075,2025-06-22 11:37,M01,P024,1,0,Espèces,28.0,M,5.0
T05076,2025-06-22 11:51,M06,P014,3,0,Espèces,33.0,M,4.0
T05077,2025-06-22 12:22,M01,P013,3,10,Espèces,50.0,F,4.0
T05078,2025-06-22 12:23,M01,P011,4,0,Espèces,24.0,M,3.0
T05079,2025-06-22 12:46,M01,P012,1,0,Mobile Money,16.0,M,5.0
T05080,2025-06-22 12:56,M04,P005,1,0,Mobile Money,28.0,M,2.0
T05081,2025-06-22 13:58,M03,P009,5,0,Espèces,30.0,F,4.0
T05082,2025-06-22 14:39,M01,P014,5,0,Espèces,28.0,M,5.0
T05083,2025-06-22 15:15,M01,P013,8,0,Espèces,27.0,F,4.0
T05084,2025-06-22 15:28,M02,P009,2,0,Carte,51.0,F,3.0
T05085,2025-06-22 15:31,M06,P009,2,0,Mobile Money,24.0,F,3.0
T05086,2025-06-22 16:18,M04,P017,1,0,Espèces,29.0,M,5.0
T05087,2025-06-22 16:23,M04,P004,4,0,Espèces,47.0,F,2.0
T05088,2025-06-22 16:28,M06,P016,3,0,Espèces,16.0,F,5.0
T05089,2025-06-22 16:44,M03,P012,1,0,Mobile Money,54.0,M,3.0
T05090,2025-06-22 16:48,M01,P012,2,0,Carte,21.0,M,3.0
T05091,2025-06-22 17:00,M03,P014,3,10,Mobile Money,23.0,M,4.0
T05092,2025-06-22 17:14,M03,P004,1,0,Espèces,40.0,M,4.0
T05093,2025-06-22 18:11,M04,P009,2,0,Mobile Money,28.0,F,2.0
T05094,2025-06-22 18:40,M01,P021,1,5,Mobile Money,23.0,F,2.0
T05095,2025-06-22 18:42,M04,P014,1,0,Carte,44.0,F,2.0
T05096,2025-06-22 18:47,M04,P020,1,0,Espèces,25.0,M,3.0
T05097,2025-06-22 19:01,M04,P007,1,0,Espèces,,F,2.0
T05100,2025-06-22 19:19,M01,P006,1,0,Mobile Money,43.0,F,4.0
T05099,2025-06-22 19:19,M01,P001,1,0,Espèces,22.0,F,2.0
T05098,2025-06-22 19:19,M06,P009,2,0,Espèces,17.0,F,3.0
T05101,2025-06-22 20:33,M01,P011,2,0,Espèces,43.0,M,2.0
T05102,2025-06-22 20:53,M03,P008,3,5,Mobile Money,36.0,M,3.0
T05103,2025-06-23 08:08,M04,P016,2,0,Mobile Money,36.0,M,1.0
T05104,2025-06-23 10:53,M06,P017,3,0,Espèces,35.0,M,4.0
T05105,2025-06-23 11:59,M06,P023,1,5,Espèces,19.0,M,2.0
T05106,2025-06-23 12:03,M06,P004,5,0,Espèces,26.0,M,5.0
T05107,2025-06-23 12:09,M01,P010,3,0,Espèces,45.0,M,3.0
T05108,2025-06-23 12:17,M01,P010,5,0,Espèces,32.0,M,5.0
T05109,2025-06-23 12:41,M04,P022,1,0,Mobile Money,24.0,F,3.0
T05110,2025-06-23 12:44,M02,P009,1,0,Mobile Money,30.0,M,3.0
T05111,2025-06-23 12:46,M03,P010,5,0,Espèces,31.0,M,3.0
T05112,2025-06-23 14:11,M04,P022,1,0,Espèces,21.0,M,3.0
T05113,2025-06-23 14:21,M02,P019,1,0,Mobile Money,16.0,M,3.0
T05114,2025-06-23 14:55,M04,P015,4,0,Espèces,44.0,M,2.0
T05115,2025-06-23 15:39,M01,P003,1,0,Espèces,26.0,F,2.0
T05116,2025-06-23 15:47,M01,P001,3,15,Espèces,33.0,F,5.0
T05117,2025-06-23 16:50,M01,P007,4,5,MoMo,46.0,M,3.0
T05118,2025-06-23 17:08,M04,P027,1,0,Espèces,39.0,F,3.0
T05120,2025-06-23 18:32,M06,P016,2,0,Mobile Money,23.0,F,3.0
T05119,2025-06-23 18:32,M03,P005,2,10,Espèces,31.0,M,2.0
T05121,2025-06-23 18:41,M05,P006,3,0,Mobile Money,34.0,M,3.0
T05122,2025-06-23 19:18,M01,P019,1,0,Espèces,21.0,M,4.0
T05123,2025-06-23 19:41,M03,P014,2,0,Espèces,40.0,M,3.0
T05124,2025-06-23 19:49,M06,P005,3,10,Mobile Money,29.0,F,3.0
T05125,2025-06-23 19:53,M06,P010,4,0,Espèces,16.0,F,2.0
T05126,2025-06-23 20:16,M06,P001,4,0,Espèces,16.0,F,4.0
T05127,2025-06-23 20:21,M02,P008,2,0,Espèces,33.0,F,1.0
T05128,2025-06-23 20:23,M01,P008,1,5,Espèces,36.0,F,2.0
T05129,2025-06-23 21:53,M01,P004,1,5,Carte,47.0,F,3.0
T05130,2025-06-24 10:57,M04,P004,3,0,Mobile Money,28.0,F,4.0
T05131,2025-06-24 11:28,M01,P010,2,0,Espèces,42.0,M,5.0
T05132,2025-06-24 12:00,M04,P005,1,0,Mobile Money,17.0,M,2.0
T05133,2025-06-24 12:10,M06,P002,2,0,Mobile Money,30.0,M,5.0
T05134,2025-06-24 13:03,M06,P004,1,10,Mobile Money,24.0,F,2.0
T05135,2025-06-24 13:10,M02,P003,6,0,Espèces,40.0,F,4.0
T05136,2025-06-24 13:33,M05,P001,2,0,Mobile Money,24.0,F,3.0
T05137,2025-06-24 13:37,M02,P002,2,0,Mobile Money,20.0,M,3.0
T05138,2025-06-24 15:21,M01,P004,4,0,Espèces,28.0,M,4.0
T05139,2025-06-24 15:55,M02,P022,1,0,Mobile Money,23.0,F,4.0
T05140,2025-06-24 16:40,M02,P006,3,0,Espèces,36.0,M,2.0
T05141,2025-06-24 16:52,M03,P022,1,0,Mobile Money,31.0,F,3.0
T05142,2025-06-24 16:54,M06,P002,3,0,Espèces,22.0,M,4.0
T05143,2025-06-24 17:00,M05,P008,2,0,Espèces,46.0,M,3.0
T05144,2025-06-24 17:13,M03,P002,3,0,Espèces,30.0,M,4.0
T05145,2025-06-24 17:28,M02,P014,1,0,Carte,31.0,F,5.0
T05146,2025-06-24 17:36,M02,P001,2,0,Espèces,34.0,F,2.0
T05147,2025-06-24 17:37,M03,P023,1,0,Espèces,27.0,M,4.0
T05148,2025-06-24 17:41,M02,P024,1,5,Mobile Money,44.0,F,4.0
T05149,2025-06-24 17:44,M01,P001,3,0,Carte,28.0,F,3.0
T05150,2025-06-24 17:55,M05,P004,5,5,Mobile Money,30.0,F,5.0
T05151,2025-06-24 18:27,M05,P009,2,0,Espèces,27.0,F,5.0
T05152,2025-06-24 18:29,M02,P026,1,0,Mobile Money,19.0,F,5.0
T05153,2025-06-24 18:39,M03,P019,3,10,Espèces,,F,3.0
T05154,2025-06-24 18:41,M01,P007,2,0,Mobile Money,49.0,M,3.0
T05155,2025-06-24 18:57,M05,P009,1,0,Mobile Money,36.0,F,4.0
T05156,2025-06-24 18:57,M01,P012,2,0,Mobile Money,31.0,M,2.0
T05157,2025-06-24 19:25,M05,P027,1,0,Espèces,32.0,F,3.0
T05158,2025-06-24 19:58,M01,P002,5,10,Espèces,54.0,F,4.0
T05159,2025-06-24 20:31,M02,P025,1,0,Espèces,40.0,F,1.0
T05160,2025-06-24 21:00,M03,P004,1,0,Mobile Money,42.0,F,5.0
T05161,2025-06-25 09:53,M01,P005,2,0,Mobile Money,,M,5.0
T05162,2025-06-25 11:49,M04,P024,2,10,Carte,34.0,F,2.0
T05163,2025-06-25 12:12,M02,P007,4,0,Espèces,37.0,M,4.0
T05164,2025-06-25 12:17,M04,P003,2,0,Mobile Money,33.0,F,3.0
T05165,2025-06-25 12:31,M02,P007,1,0,Espèces,50.0,F,5.0
T05166,2025-06-25 12:47,M01,P009,4,0,Espèces,33.0,M,4.0
T05167,2025-06-25 13:00,M04,P006,2,0,Espèces,30.0,F,3.0
T05168,2025-06-25 13:24,M04,P006,4,0,Mobile Money,41.0,M,4.0
T05169,2025-06-25 15:24,M05,P017,2,0,Espèces,16.0,F,3.0
T05170,2025-06-25 16:53,M02,P005,4,10,Espèces,28.0,F,4.0
T05171,2025-06-25 18:24,M03,P003,2,0,Espèces,30.0,F,5.0
T05172,2025-06-25 18:51,M02,P004,3,0,Mobile Money,52.0,M,4.0
T05173,2025-06-25 20:03,M03,P002,5,0,Carte,37.0,M,4.0
T05176,2025-06-25 20:21,M02,P014,3,5,Espèces,27.0,F,3.0
T05174,2025-06-25 20:21,M02,P001,2,0,Espèces,26.0,F,2.0
T05175,2025-06-25 20:21,M04,P014,3,0,Mobile Money,26.0,F,4.0
T05177,2025-06-26 10:57,M03,P010,1,0,Mobile Money,50.0,M,3.0
T05178,2025-06-26 11:01,M05,P007,2,0,Mobile Money,30.0,M,4.0
T05179,2025-06-26 11:32,M03,P015,1,0,Mobile Money,34.0,F,3.0
T05180,2025-06-26 11:42,M03,P001,2,0,Espèces,17.0,F,4.0
T05181,2025-06-26 12:02,M03,P011,4,0,Espèces,16.0,M,3.0
T05182,2025-06-26 12:34,M02,P001,4,0,Carte,18.0,M,5.0
T05183,2025-06-26 12:35,M01,P012,1,0,Carte,40.0,M,2.0
T05184,2025-06-26 13:18,M03,P012,3,5,Mobile Money,34.0,M,3.0
T05185,2025-06-26 13:25,M05,P005,4,10,Carte,54.0,F,4.0
T05186,2025-06-26 13:29,M05,P007,4,15,Mobile Money,23.0,M,4.0
T05186,2025-06-26 13:29,M05,P007,4,15,Mobile Money,23.0,M,4.0
T05187,2025-06-26 13:36,M02,P002,1,0,Mobile Money,37.0,M,4.0
T05188,2025-06-26 13:54,M02,P007,5,0,Espèces,38.0,F,4.0
T05189,2025-06-26 14:32,M05,P007,2,0,Espèces,36.0,M,5.0
T05190,2025-06-26 14:44,M02,P014,6,5,Mobile Money,32.0,M,1.0
T05191,2025-06-26 15:31,M01,P006,4,0,Mobile Money,50.0,M,5.0
T05192,2025-06-26 16:33,M01,P016,3,0,Espèces,35.0,M,3.0
T05193,2025-06-26 16:42,M06,P006,2,0,Espèces,24.0,M,4.0
T05194,2025-06-26 16:56,M01,P016,5,15,Mobile Money,30.0,F,4.0
T05195,2025-06-26 17:20,M06,P002,4,0,Mobile Money,18.0,F,3.0
T05196,2025-06-26 17:32,M01,P003,4,0,Espèces,37.0,M,4.0
T05197,2025-06-26 17:34,M03,P012,2,0,Mobile Money,44.0,M,5.0
T05198,2025-06-26 17:49,M02,P012,1,0,Mobile Money,47.0,F,3.0
T05199,2025-06-26 18:03,M04,P017,4,10,Mobile Money,,F,1.0
T05200,2025-06-26 18:08,M02,P003,4,0,Espèces,47.0,M,3.0
T05201,2025-06-26 18:25,M05,P008,2,0,Espèces,38.0,F,3.0
T05202,2025-06-26 18:28,M01,P005,5,0,Mobile Money,30.0,F,5.0
T05203,2025-06-26 18:56,M02,P012,3,0,Espèces,32.0,F,3.0
T05204,2025-06-26 19:06,M01,P008,3,0,Espèces,36.0,F,3.0
T05205,2025-06-26 19:18,M01,P011,4,0,Espèces,24.0,M,3.0
T05206,2025-06-26 20:11,M01,P015,3,0,Mobile Money,23.0,F,4.0
T05207,2025-06-26 20:18,M04,P017,2,0,Espèces,27.0,F,4.0
T05208,2025-06-27 11:05,M04,P024,1,0,Espèces,51.0,M,4.0
T05209,2025-06-27 11:29,M02,P011,1,0,Carte,46.0,M,4.0
T05211,2025-06-27 11:42,M03,P014,6,0,Espèces,44.0,M,3.0
T05210,2025-06-27 11:42,M01,P001,5,5,Mobile Money,34.0,M,3.0
T05212,2025-06-27 11:50,M04,P012,3,0,Mobile Money,30.0,M,4.0
T05213,2025-06-27 12:13,M06,P005,4,5,Espèces,33.0,F,3.0
T05214,2025-06-27 12:28,M02,P014,5,0,Espèces,64.0,M,2.0
T05215,2025-06-27 12:32,M04,P004,2,0,Mobile Money,26.0,F,3.0
T05216,2025-06-27 12:55,M01,P004,2,0,Espèces,39.0,F,3.0
T05217,2025-06-27 13:06,M02,P010,3,0,Mobile Money,36.0,F,3.0
T05218,2025-06-27 13:31,M01,P008,4,0,Espèces,33.0,M,4.0
T05219,2025-06-27 14:17,M01,P018,1,0,Mobile Money,30.0,M,4.0
T05220,2025-06-27 15:05,M01,P002,3,10,Espèces,50.0,F,3.0
T05221,2025-06-27 15:49,M05,P016,1,0,Espèces,25.0,M,2.0
T05222,2025-06-27 16:05,M02,P010,4,0,Carte,27.0,F,4.0
T05223,2025-06-27 16:08,M05,P001,2,0,Espèces,35.0,F,5.0
T05224,2025-06-27 17:00,M05,P012,4,15,Mobile Money,27.0,F,3.0
T05225,2025-06-27 17:10,M04,P001,2,15,Mobile Money,34.0,F,3.0
T05226,2025-06-27 17:12,M01,P011,2,0,Espèces,28.0,F,4.0
T05227,2025-06-27 18:11,M01,P017,2,0,Mobile Money,41.0,F,3.0
T05228,2025-06-27 18:13,M02,P003,2,0,Espèces,44.0,M,4.0
T05229,2025-06-27 18:26,M02,P009,4,0,Espèces,23.0,F,5.0
T05230,2025-06-27 18:29,M01,P021,1,0,Espèces,27.0,F,3.0
T05231,2025-06-27 18:31,M03,P017,1,5,Mobile Money,19.0,M,3.0
T05232,2025-06-27 18:43,M04,P011,2,0,Espèces,16.0,M,3.0
T05233,2025-06-27 18:49,M02,P008,2,0,Espèces,36.0,M,2.0
T05234,2025-06-27 19:15,M03,P015,1,0,Espèces,31.0,F,3.0
T05235,2025-06-27 19:29,M06,P001,2,5,Espèces,35.0,F,3.0
T05236,2025-06-27 19:37,M03,P024,1,5,Espèces,31.0,F,4.0
T05237,2025-06-27 20:10,M01,P023,2,10,Mobile Money,31.0,M,5.0
T05238,2025-06-28 10:19,M05,P009,2,5,Espèces,23.0,M,5.0
T05239,2025-06-28 10:50,M05,P001,3,0,Mobile Money,43.0,M,2.0
T05240,2025-06-28 10:58,M05,P001,3,0,Espèces,34.0,M,4.0
T05241,2025-06-28 11:04,M05,P015,2,0,Espèces,57.0,F,4.0
T05242,2025-06-28 11:31,M02,P007,4,0,Espèces,21.0,F,3.0
T05243,2025-06-28 11:46,M03,P014,4,0,Espèces,50.0,F,4.0
T05244,2025-06-28 11:58,M02,P014,3,0,Espèces,45.0,F,4.0
T05245,2025-06-28 13:26,M05,P005,5,5,Espèces,33.0,F,5.0
T05246,2025-06-28 13:55,M01,P010,1,5,espèces,47.0,F,3.0
T05247,2025-06-28 14:02,M02,P001,2,0,Mobile Money,28.0,F,4.0
T05248,2025-06-28 14:19,M05,P013,1,0,Espèces,39.0,F,3.0
T05249,2025-06-28 15:11,M05,P001,3,5,Espèces,62.0,F,3.0
T05250,2025-06-28 15:32,M02,P014,6,15,Espèces,34.0,F,3.0
T05251,2025-06-28 15:34,M03,P001,1,0,Espèces,49.0,M,4.0
T05252,2025-06-28 15:38,M05,P027,1,0,Mobile Money,41.0,F,5.0
T05253,2025-06-28 15:59,M02,P009,5,10,Espèces,47.0,M,5.0
T05254,2025-06-28 16:15,M02,P007,2,0,Mobile Money,27.0,F,4.0
T05255,2025-06-28 16:25,M01,P002,4,0,Espèces,25.0,F,4.0
T05256,2025-06-28 16:29,M05,P009,3,0,Espèces,28.0,F,3.0
T05257,2025-06-28 16:35,M04,P013,3,0,Mobile Money,38.0,M,2.0
T05258,2025-06-28 16:53,M01,P019,1,0,Espèces,26.0,F,1.0
T05259,2025-06-28 17:02,M04,P004,2,0,Carte,19.0,M,2.0
T05260,2025-06-28 17:19,M02,P005,2,15,Espèces,21.0,F,4.0
T05261,2025-06-28 17:35,M03,P012,2,0,Mobile Money,33.0,M,4.0
T05262,2025-06-28 17:48,M01,P019,1,0,Espèces,31.0,F,3.0
T05263,2025-06-28 17:50,M04,P021,1,0,Espèces,29.0,F,2.0
T05264,2025-06-28 17:53,M01,P009,4,10,Espèces,55.0,M,4.0
T05265,2025-06-28 17:58,M01,P014,3,15,Espèces,48.0,M,5.0
T05266,2025-06-28 17:58,M04,P011,3,0,Espèces,38.0,F,3.0
T05267,2025-06-28 18:10,M06,P007,1,0,Carte,39.0,F,3.0
T05268,2025-06-28 18:14,M02,P009,3,0,Mobile Money,33.0,M,3.0
T05269,2025-06-28 18:21,M01,P008,2,0,Mobile Money,,M,4.0
T05270,2025-06-28 18:38,M01,P016,1,0,Mobile Money,33.0,M,3.0
T05271,2025-06-28 18:44,M06,P013,2,0,Espèces,21.0,M,3.0
T05272,2025-06-28 19:06,M03,P002,3,0,Espèces,44.0,M,5.0
T05273,2025-06-28 19:21,M01,P020,1,5,Mobile Money,21.0,F,4.0
T05274,2025-06-28 20:01,M03,P004,1,0,Espèces,16.0,M,3.0
T05275,2025-06-28 20:01,M04,P016,2,0,Mobile Money,43.0,F,2.0
T05276,2025-06-28 20:18,M02,P005,1,0,Mobile Money,47.0,F,3.0
T05277,2025-06-28 20:43,M05,P015,1,0,Mobile Money,36.0,F,4.0
T05278,2025-06-29 10:12,M03,P001,3,0,Mobile Money,27.0,F,4.0
T05279,2025-06-29 10:54,M01,P003,2,0,Mobile Money,31.0,F,4.0
T05280,2025-06-29 11:19,M01,P027,1,0,Espèces,25.0,F,2.0
T05281,2025-06-29 11:38,M04,P014,2,0,Espèces,26.0,M,4.0
T05282,2025-06-29 11:48,M02,P014,5,0,Mobile Money,26.0,F,3.0
T05283,2025-06-29 11:52,M04,P024,1,0,Mobile Money,26.0,F,1.0
T05284,2025-06-29 11:57,M04,P017,1,0,Mobile Money,27.0,F,3.0
T05285,2025-06-29 11:59,M01,P005,1,10,Mobile Money,33.0,F,4.0
T05286,2025-06-29 12:01,M04,P018,4,0,Espèces,24.0,F,4.0
T05287,2025-06-29 12:08,M04,P016,1,5,Espèces,28.0,F,3.0
T05288,2025-06-29 12:41,M01,P003,3,5,Espèces,29.0,M,5.0
T05289,2025-06-29 13:19,M02,P012,7,15,Mobile Money,20.0,F,2.0
T05290,2025-06-29 13:28,M03,P003,3,10,Espèces,34.0,F,4.0
T05291,2025-06-29 13:38,M05,P001,2,15,Mobile Money,48.0,M,3.0
T05292,2025-06-29 13:39,M06,P013,4,0,Espèces,30.0,M,3.0
T05293,2025-06-29 13:58,M05,P013,4,0,Espèces,27.0,M,5.0
T05294,2025-06-29 14:27,M01,P011,2,0,Mobile Money,31.0,F,4.0
T05295,2025-06-29 15:11,M04,P003,3,0,Mobile Money,29.0,M,3.0
T05296,2025-06-29 15:25,M01,P010,3,0,Espèces,37.0,M,5.0
T05297,2025-06-29 15:44,M01,P016,1,10,Mobile Money,23.0,M,5.0
T05298,2025-06-29 16:27,M01,P025,1,5,Espèces,24.0,F,3.0
T05299,2025-06-29 16:30,M03,P016,3,0,Espèces,18.0,F,3.0
T05300,2025-06-29 16:42,M03,P009,3,0,Mobile Money,48.0,M,4.0
T05301,2025-06-29 17:11,M04,P007,6,15,Mobile Money,29.0,F,3.0
T05302,2025-06-29 17:17,M03,P007,2,0,Espèces,28.0,M,5.0
T05303,2025-06-29 17:37,M02,P001,1,0,Mobile Money,29.0,F,4.0
T05304,2025-06-29 17:42,M02,P002,1,0,Espèces,22.0,M,4.0
T05305,2025-06-29 17:43,M02,P007,3,0,Mobile Money,26.0,M,4.0
T05306,2025-06-29 17:49,M04,P009,1,0,Espèces,19.0,F,3.0
T05307,2025-06-29 17:56,M03,P016,3,10,Carte,31.0,F,4.0
T05308,2025-06-29 18:04,M01,P003,1,0,Mobile Money,45.0,F,2.0
T05309,2025-06-29 18:07,M04,P015,5,0,Mobile Money,37.0,M,2.0
T05310,2025-06-29 18:27,M06,P016,2,0,Mobile Money,44.0,M,3.0
T05311,2025-06-29 19:01,M03,P004,3,0,Mobile Money,21.0,M,3.0
T05312,2025-06-29 19:14,M01,P011,3,0,Mobile Money,30.0,F,4.0
T05313,2025-06-29 19:16,M06,P004,4,0,Espèces,28.0,F,3.0
T05314,2025-06-29 19:21,M03,P009,2,0,Mobile Money,40.0,F,4.0
T05315,2025-06-29 19:25,M03,P010,2,0,Mobile Money,26.0,M,5.0
T05316,2025-06-29 19:42,M05,P002,2,0,Espèces,44.0,F,2.0
T05317,2025-06-29 19:45,M01,P015,3,0,Mobile Money,19.0,F,2.0
T05318,2025-06-29 19:58,M03,P008,4,0,Espèces,36.0,F,3.0
T05319,2025-06-29 20:06,M01,P003,3,5,Espèces,29.0,F,2.0
T05320,2025-06-29 20:07,M01,P012,7,15,espèces,49.0,F,3.0
T05322,2025-06-29 20:30,M02,P003,2,10,Espèces,19.0,F,2.0
T05321,2025-06-29 20:30,M04,P011,2,0,Mobile Money,17.0,F,4.0
T05323,2025-06-29 20:49,M01,P007,2,0,Espèces,26.0,M,4.0
T05324,2025-06-29 20:55,M06,P012,3,0,Mobile Money,36.0,M,3.0
T05325,2025-06-30 09:58,M01,P014,5,0,Espèces,43.0,F,3.0
T05326,2025-06-30 10:56,M02,P004,2,0,Espèces,37.0,M,3.0
T05327,2025-06-30 11:19,M03,P015,4,10,Espèces,32.0,M,3.0
T05328,2025-06-30 11:20,M04,P010,4,0,Espèces,42.0,F,3.0
T05329,2025-06-30 11:22,M04,P010,3,0,Espèces,37.0,F,3.0
T05330,2025-06-30 11:40,M05,P016,3,0,Mobile Money,39.0,F,4.0
T05331,2025-06-30 11:43,M02,P008,2,0,Espèces,29.0,F,2.0
T05332,2025-06-30 13:08,M03,P025,3,10,Espèces,30.0,F,5.0
T05333,2025-06-30 13:38,M05,P009,4,0,Mobile Money,44.0,M,3.0
T05334,2025-06-30 14:40,M01,P025,1,0,Mobile Money,28.0,F,5.0
T05335,2025-06-30 14:53,M03,P011,3,0,Espèces,29.0,M,3.0
T05336,2025-06-30 16:25,M03,P002,2,0,Carte,,F,4.0
T05337,2025-06-30 16:33,M03,P003,4,0,Espèces,32.0,M,5.0
T05338,2025-06-30 17:03,M03,P005,2,0,Espèces,31.0,F,4.0
T05339,2025-06-30 17:17,M01,P005,1,0,Mobile Money,40.0,M,2.0
T05340,2025-06-30 17:23,M01,P004,3,0,Mobile Money,19.0,F,4.0
T05341,2025-06-30 17:29,M02,P011,1,0,Espèces,41.0,M,3.0
T05342,2025-06-30 17:44,M01,P001,3,0,Mobile Money,16.0,F,3.0
T05343,2025-06-30 17:47,M04,P007,2,0,Espèces,43.0,M,3.0
T05344,2025-06-30 17:54,M01,P022,1,0,Espèces,22.0,F,4.0
T05345,2025-06-30 18:15,M06,P013,2,10,Carte,45.0,M,4.0
T05346,2025-06-30 18:48,M01,P005,2,0,Espèces,45.0,M,3.0
T05347,2025-06-30 19:12,M03,P010,2,10,Mobile Money,30.0,F,3.0
T05348,2025-06-30 19:27,M05,P003,2,0,Mobile Money,25.0,M,3.0
T05349,2025-06-30 19:33,M02,P007,2,0,Espèces,19.0,M,4.0
T05350,2025-06-30 20:46,M03,P011,4,0,Mobile Money,29.0,F,4.0
T05351,2025-07-01 11:04,M02,P025,1,5,Mobile Money,,F,3.0
T05352,2025-07-01 11:14,M02,P010,7,15,Espèces,35.0,M,4.0
T05353,2025-07-01 11:15,M04,P007,4,0,Espèces,32.0,F,1.0
T05354,2025-07-01 12:19,M02,P001,3,10,Carte,54.0,M,2.0
T05355,2025-07-01 12:25,M02,P010,2,0,Mobile Money,39.0,M,5.0
T05356,2025-07-01 14:12,M02,P010,3,10,Mobile Money,,M,4.0
T05357,2025-07-01 16:07,M04,P004,3,0,Espèces,28.0,M,3.0
T05358,2025-07-01 16:23,M01,P002,2,0,espèces,34.0,M,5.0
T05359,2025-07-01 16:39,M02,P003,2,0,Mobile Money,33.0,F,4.0
T05360,2025-07-01 16:50,M01,P005,2,0,Carte,57.0,M,5.0
T05361,2025-07-01 17:01,M06,P021,1,0,Espèces,24.0,F,4.0
T05362,2025-07-01 17:02,M05,P001,6,5,Espèces,41.0,M,2.0
T05363,2025-07-01 17:06,M03,P004,4,5,Espèces,23.0,F,4.0
T05364,2025-07-01 17:18,M04,P011,4,0,Carte,18.0,F,4.0
T05365,2025-07-01 17:47,M02,P016,2,0,Espèces,,F,3.0
T05366,2025-07-01 18:36,M05,P025,2,15,Espèces,,M,3.0
T05367,2025-07-01 18:45,M03,P001,2,0,Espèces,44.0,M,3.0
T05368,2025-07-01 19:04,M02,P002,2,0,Mobile Money,32.0,F,5.0
T05369,2025-07-02 09:20,M03,P022,1,5,Mobile Money,25.0,F,4.0
T05370,2025-07-02 11:16,M01,P003,1,5,Espèces,35.0,M,4.0
T05371,2025-07-02 11:46,M02,P015,2,0,Mobile Money,38.0,M,4.0
T05372,2025-07-02 12:02,M01,P005,2,10,Espèces,26.0,M,5.0
T05373,2025-07-02 12:02,M01,P002,2,0,Espèces,39.0,F,4.0
T05374,2025-07-02 12:06,M01,P011,3,0,Carte,40.0,M,4.0
T05375,2025-07-02 12:13,M04,P014,4,5,Mobile Money,39.0,M,3.0
T05376,2025-07-02 12:30,M06,P013,4,10,Espèces,16.0,M,4.0
T05377,2025-07-02 13:14,M06,P014,2,0,Mobile Money,16.0,F,3.0
T05378,2025-07-02 13:20,M02,P002,4,0,Espèces,30.0,F,2.0
T05379,2025-07-02 14:13,M01,P008,4,0,Mobile Money,38.0,M,4.0
T05380,2025-07-02 14:14,M04,P002,2,0,Espèces,43.0,M,3.0
T05381,2025-07-02 15:17,M02,P024,1,0,Espèces,36.0,M,4.0
T05382,2025-07-02 16:32,M01,P015,2,0,Mobile Money,27.0,M,2.0
T05383,2025-07-02 16:37,M03,P001,3,0,Mobile Money,28.0,M,3.0
T05384,2025-07-02 16:49,M05,P006,1,0,Espèces,24.0,F,4.0
T05385,2025-07-02 17:07,M01,P006,1,0,Espèces,37.0,F,4.0
T05386,2025-07-02 17:17,M02,P001,2,0,Mobile Money,42.0,F,5.0
T05388,2025-07-02 17:20,M01,P001,3,0,Espèces,32.0,F,4.0
T05387,2025-07-02 17:20,M03,P005,6,0,Mobile Money,29.0,F,3.0
T05389,2025-07-02 17:25,M05,P019,1,0,Mobile Money,34.0,M,4.0
T05390,2025-07-02 17:28,M05,P001,2,0,Mobile Money,42.0,F,5.0
T05391,2025-07-02 17:44,M06,P001,3,0,Espèces,43.0,M,5.0
T05392,2025-07-02 18:00,M04,P009,1,0,Espèces,27.0,F,2.0
T05393,2025-07-02 18:05,M02,P009,3,0,Carte,48.0,F,5.0
T05394,2025-07-02 18:10,M01,P014,2,0,Espèces,47.0,F,3.0
T05395,2025-07-02 18:18,M01,P003,3,5,Espèces,48.0,F,4.0
T05396,2025-07-02 18:44,M04,P003,3,10,Espèces,39.0,M,3.0
T05397,2025-07-02 18:48,M05,P005,2,0,Mobile Money,36.0,F,4.0
T05398,2025-07-02 19:03,M05,P009,4,5,Mobile Money,16.0,F,3.0
T05399,2025-07-02 19:06,M05,P002,4,0,Carte,27.0,F,3.0
T05400,2025-07-02 19:18,M02,P006,3,0,Mobile Money,39.0,F,3.0
T05401,2025-07-02 19:44,M05,P003,2,0,Mobile Money,24.0,F,2.0
T05402,2025-07-02 20:04,M02,P021,1,0,Espèces,32.0,F,5.0
T05403,2025-07-02 20:20,M06,P012,3,0,Espèces,42.0,F,3.0
T05404,2025-07-02 20:42,M01,P016,4,0,Carte,36.0,F,3.0
T05405,2025-07-03 10:37,M04,P015,1,0,Mobile Money,26.0,F,3.0
T05406,2025-07-03 10:38,M06,P018,3,0,Mobile Money,37.0,M,4.0
T05407,2025-07-03 11:28,M01,P002,2,5,Mobile Money,42.0,M,2.0
T05408,2025-07-03 12:00,M03,P008,2,0,Espèces,26.0,M,4.0
T05409,2025-07-03 12:31,M03,P022,1,0,Mobile Money,29.0,F,4.0
T05410,2025-07-03 12:44,M02,P004,1,0,Mobile Money,29.0,F,3.0
T05411,2025-07-03 12:47,M02,P016,2,0,Espèces,39.0,M,5.0
T05412,2025-07-03 13:13,M05,P009,3,5,Mobile Money,42.0,F,5.0
T05413,2025-07-03 14:22,M02,P002,1,0,Mobile Money,27.0,M,5.0
T05414,2025-07-03 15:31,M02,P002,2,0,Espèces,16.0,F,4.0
T05415,2025-07-03 16:08,M01,P010,2,5,Mobile Money,39.0,F,3.0
T05416,2025-07-03 16:34,M03,P014,3,5,Espèces,31.0,F,3.0
T05417,2025-07-03 17:07,M01,P008,3,0,Mobile Money,27.0,M,5.0
T05418,2025-07-03 17:37,M01,P017,1,0,Mobile Money,29.0,F,4.0
T05419,2025-07-03 17:41,M02,P001,3,0,Carte,49.0,F,5.0
T05420,2025-07-03 17:50,M01,P009,2,0,Mobile Money,35.0,F,3.0
T05421,2025-07-03 17:54,M01,P007,2,0,Espèces,23.0,M,4.0
T05422,2025-07-03 17:55,M03,P003,1,0,Espèces,27.0,F,4.0
T05423,2025-07-03 17:59,M06,P016,4,0,Mobile Money,48.0,F,3.0
T05424,2025-07-03 18:17,M02,P007,3,0,Espèces,26.0,F,4.0
T05425,2025-07-03 18:19,M02,P025,1,0,Espèces,30.0,M,3.0
T05426,2025-07-03 18:32,M02,P014,4,0,Espèces,17.0,M,5.0
T05427,2025-07-03 18:51,M01,P014,2,0,Mobile Money,49.0,F,3.0
T05428,2025-07-03 18:56,M06,P004,4,0,Espèces,16.0,M,2.0
T05430,2025-07-03 19:02,M06,P010,2,0,Espèces,28.0,F,4.0
T05429,2025-07-03 19:02,M01,P002,4,0,Espèces,34.0,F,3.0
T05431,2025-07-03 19:12,M05,P003,2,0,Mobile Money,29.0,F,3.0
T05432,2025-07-03 19:14,M05,P015,2,0,espèces,23.0,M,4.0
T05433,2025-07-03 19:18,M03,P018,6,10,Mobile Money,28.0,F,3.0
T05434,2025-07-03 19:21,M04,P001,2,0,Mobile Money,35.0,F,2.0
T05435,2025-07-03 19:27,M05,P005,2,0,Espèces,38.0,F,5.0
T05436,2025-07-03 19:49,M01,P004,1,0,Mobile Money,44.0,F,3.0
T05437,2025-07-03 19:56,M04,P012,3,0,Mobile Money,37.0,M,4.0
T05438,2025-07-03 20:22,M06,P001,5,0,Mobile Money,23.0,M,5.0
T05439,2025-07-03 20:30,M04,P002,4,0,Espèces,35.0,F,3.0
T05440,2025-07-03 21:53,M06,P007,2,0,Mobile Money,35.0,M,3.0
T05441,2025-07-04 09:30,M06,P007,2,5,Espèces,33.0,M,4.0
T05442,2025-07-04 11:10,M01,P007,3,0,Espèces,20.0,F,5.0
T05443,2025-07-04 11:44,M03,P007,3,0,Espèces,38.0,M,3.0
T05444,2025-07-04 11:49,M01,P014,3,0,Espèces,39.0,F,5.0
T05445,2025-07-04 11:52,M04,P026,1,0,Espèces,40.0,F,5.0
T05446,2025-07-04 12:16,M01,P017,3,0,Carte,23.0,F,4.0
T05447,2025-07-04 12:28,M01,P009,4,0,Mobile Money,39.0,M,5.0
T05448,2025-07-04 12:28,M01,P009,2,0,Espèces,51.0,M,4.0
T05449,2025-07-04 12:37,M05,P009,2,0,Espèces,35.0,F,3.0
T05450,2025-07-04 12:59,M03,P006,4,0,Espèces,24.0,F,3.0
T05451,2025-07-04 13:26,M01,P001,4,0,Carte,34.0,M,3.0
T05452,2025-07-04 13:27,M02,P003,2,0,Espèces,39.0,F,3.0
T05453,2025-07-04 13:27,M04,P009,2,0,Mobile Money,19.0,F,3.0
T05454,2025-07-04 13:31,M04,P019,1,0,Espèces,17.0,F,3.0
T05455,2025-07-04 13:34,M01,P017,2,5,Carte,50.0,F,3.0
T05456,2025-07-04 14:18,M05,P003,1,0,Espèces,16.0,F,4.0
T05457,2025-07-04 14:20,M01,P010,2,0,Espèces,34.0,F,5.0
T05458,2025-07-04 14:31,M03,P003,2,0,Espèces,21.0,M,4.0
T05459,2025-07-04 14:57,M05,P015,2,0,Espèces,32.0,F,4.0
T05460,2025-07-04 15:04,M02,P025,1,0,Mobile Money,44.0,F,4.0
T05461,2025-07-04 15:54,M05,P012,4,0,Mobile Money,31.0,F,3.0
T05462,2025-07-04 16:08,M01,P005,4,0,Mobile Money,33.0,M,3.0
T05463,2025-07-04 16:27,M03,P010,1,0,Espèces,49.0,F,3.0
T05464,2025-07-04 16:46,M01,P004,3,0,Espèces,33.0,M,5.0
T05465,2025-07-04 16:55,M03,P008,2,0,Espèces,27.0,F,3.0
T05466,2025-07-04 17:04,M02,P025,1,0,Espèces,28.0,F,5.0
T05467,2025-07-04 17:31,M05,P009,2,0,Espèces,32.0,F,4.0
T05468,2025-07-04 17:31,M02,P010,2,0,Mobile Money,28.0,M,3.0
T05469,2025-07-04 17:36,M02,P003,2,0,Mobile Money,36.0,F,3.0
T05471,2025-07-04 17:52,M02,P011,4,0,Mobile Money,33.0,F,3.0
T05470,2025-07-04 17:52,M03,P012,1,0,Espèces,41.0,M,5.0
T05472,2025-07-04 17:53,M05,P002,3,0,Espèces,16.0,M,4.0
T05473,2025-07-04 18:07,M03,P002,3,0,Mobile Money,31.0,M,5.0
T05474,2025-07-04 18:45,M01,P001,4,0,Carte,24.0,M,4.0
T05475,2025-07-04 19:35,M02,P004,5,15,Carte,29.0,M,3.0
T05476,2025-07-04 20:20,M04,P010,2,0,Mobile Money,33.0,F,3.0
T05477,2025-07-04 21:32,M06,P007,1,0,Mobile Money,26.0,F,4.0
T05478,2025-07-04 21:53,M03,P017,4,15,Mobile Money,45.0,F,3.0
T05479,2025-07-05 10:36,M01,P022,1,0,Mobile Money,34.0,F,3.0
T05480,2025-07-05 11:27,M02,P019,1,0,Espèces,33.0,M,4.0
T05481,2025-07-05 11:36,M01,P016,2,0,Carte,32.0,M,2.0
T05482,2025-07-05 11:54,M03,P027,1,0,Espèces,29.0,F,4.0
T05483,2025-07-05 11:58,M05,P001,4,0,Carte,36.0,M,4.0
T05484,2025-07-05 12:09,M01,P005,4,0,Mobile Money,24.0,F,5.0
T05485,2025-07-05 12:26,M05,P010,4,0,Mobile Money,25.0,F,2.0
T05486,2025-07-05 12:31,M05,P006,4,0,Espèces,37.0,M,3.0
T05488,2025-07-05 12:58,M03,P004,2,0,Espèces,35.0,F,4.0
T05487,2025-07-05 12:58,M05,P019,1,0,Espèces,25.0,M,5.0
T05489,2025-07-05 13:05,M03,P015,2,10,Espèces,21.0,M,1.0
T05490,2025-07-05 13:14,M01,P012,4,0,Mobile Money,38.0,F,5.0
T05491,2025-07-05 13:20,M04,P006,7,15,Mobile Money,25.0,M,3.0
T05492,2025-07-05 13:33,M02,P007,2,10,Espèces,39.0,M,4.0
T05493,2025-07-05 13:36,M01,P015,2,0,Espèces,41.0,M,3.0
T05494,2025-07-05 14:47,M04,P004,1,5,Mobile Money,37.0,M,2.0
T05495,2025-07-05 15:16,M04,P004,3,0,Espèces,31.0,F,2.0
T05496,2025-07-05 15:22,M06,P019,1,0,Mobile Money,27.0,M,5.0
T05497,2025-07-05 15:40,M01,P013,1,0,Mobile Money,44.0,M,3.0
T05498,2025-07-05 16:11,M06,P011,1,0,Mobile Money,32.0,F,4.0
T05499,2025-07-05 16:27,M06,P004,4,0,Espèces,19.0,F,4.0
T05500,2025-07-05 16:35,M05,P011,3,5,Espèces,,M,4.0
T05501,2025-07-05 16:41,M02,P020,1,0,Espèces,30.0,M,4.0
T05502,2025-07-05 16:55,M02,P003,5,0,Espèces,51.0,F,3.0
T05503,2025-07-05 17:00,M02,P003,3,0,Carte,34.0,F,3.0
T05504,2025-07-05 17:29,M05,P013,1,0,Espèces,39.0,F,3.0
T05505,2025-07-05 17:34,M01,P003,1,15,Espèces,27.0,M,5.0
T05506,2025-07-05 17:42,M03,P003,1,0,Espèces,,F,4.0
T05507,2025-07-05 17:57,M05,P010,3,0,Espèces,31.0,M,5.0
T05508,2025-07-05 17:57,M02,P014,3,0,Mobile Money,33.0,M,3.0
T05509,2025-07-05 18:06,M03,P009,3,0,Espèces,33.0,M,4.0
T05510,2025-07-05 18:14,M01,P001,3,0,Espèces,24.0,F,4.0
T05511,2025-07-05 18:16,M04,P002,4,0,Espèces,,F,2.0
T05512,2025-07-05 18:21,M03,P021,1,0,Mobile Money,18.0,F,3.0
T05513,2025-07-05 18:23,M02,P025,3,10,Espèces,30.0,F,3.0
T05514,2025-07-05 18:53,M05,P006,1,5,Mobile Money,59.0,F,4.0
T05515,2025-07-05 18:58,M02,P010,5,0,Mobile Money,45.0,M,3.0
T05516,2025-07-05 19:00,M06,P012,6,0,Espèces,45.0,F,3.0
T05517,2025-07-05 19:12,M01,P024,1,0,Espèces,16.0,F,5.0
T05518,2025-07-05 19:20,M02,P016,2,0,Espèces,40.0,M,3.0
T05519,2025-07-05 19:32,M02,P008,3,0,Mobile Money,23.0,F,2.0
T05520,2025-07-05 19:54,M06,P001,1,0,Espèces,22.0,M,5.0
T05521,2025-07-05 19:57,M02,P007,2,0,Carte,19.0,M,1.0
T05522,2025-07-05 20:00,M03,P007,2,0,Mobile Money,26.0,F,4.0
T05523,2025-07-05 20:22,M04,P012,5,10,Mobile Money,34.0,M,3.0
T05524,2025-07-05 20:26,M03,P007,2,0,Espèces,25.0,F,4.0
T05525,2025-07-05 20:30,M01,P001,1,0,Espèces,26.0,F,5.0
T05526,2025-07-06 11:13,M04,P001,3,0,Mobile Money,,F,3.0
T05527,2025-07-06 11:14,M01,P011,1,0,Espèces,35.0,F,4.0
T05528,2025-07-06 11:25,M02,P011,2,0,Espèces,27.0,F,3.0
T05529,2025-07-06 11:31,M01,P007,1,0,Espèces,45.0,F,4.0
T05530,2025-07-06 11:46,M01,P004,5,0,Mobile Money,29.0,F,5.0
T05531,2025-07-06 11:55,M04,P017,2,0,Espèces,39.0,F,2.0
T05532,2025-07-06 12:29,M03,P026,1,5,mobile money,37.0,F,3.0
T05533,2025-07-06 12:47,M02,P007,4,0,Mobile Money,33.0,F,3.0
T05534,2025-07-06 12:49,M05,P005,3,0,Mobile Money,20.0,F,4.0
T05535,2025-07-06 13:27,M04,P014,3,0,espèces,39.0,F,4.0
T05536,2025-07-06 13:29,M01,P023,1,5,Espèces,27.0,F,4.0
T05537,2025-07-06 13:30,M03,P010,2,0,Mobile Money,26.0,F,4.0
T05538,2025-07-06 14:04,M01,P009,3,5,Espèces,44.0,F,5.0
T05539,2025-07-06 14:28,M02,P024,1,0,Mobile Money,19.0,F,4.0
T05540,2025-07-06 14:40,M03,P001,2,0,Espèces,34.0,F,3.0
T05541,2025-07-06 15:40,M01,P003,2,0,Carte,32.0,M,3.0
T05542,2025-07-06 16:21,M02,P006,4,0,Mobile Money,44.0,M,3.0
T05543,2025-07-06 16:23,M01,P010,4,0,Mobile Money,47.0,F,3.0
T05544,2025-07-06 16:24,M01,P015,3,0,Carte,29.0,M,3.0
T05545,2025-07-06 16:29,M03,P025,1,0,Mobile Money,40.0,F,4.0
T05546,2025-07-06 16:47,M02,P016,3,0,Mobile Money,32.0,M,3.0
T05547,2025-07-06 16:54,M04,P009,4,0,Mobile Money,49.0,M,3.0
T05548,2025-07-06 16:54,M06,P006,1,0,Espèces,32.0,F,3.0
T05549,2025-07-06 16:59,M04,P015,2,5,Espèces,,M,3.0
T05550,2025-07-06 17:02,M03,P012,2,0,Mobile Money,30.0,F,3.0
T05551,2025-07-06 17:05,M01,P001,2,0,Espèces,35.0,M,4.0
T05552,2025-07-06 17:07,M01,P005,3,0,Mobile Money,29.0,M,4.0
T05553,2025-07-06 17:17,M02,P009,2,0,Carte,16.0,M,4.0
T05554,2025-07-06 17:20,M01,P009,3,0,Espèces,30.0,F,3.0
T05555,2025-07-06 17:21,M01,P012,1,0,Mobile Money,,M,4.0
T05556,2025-07-06 17:29,M03,P016,1,0,Mobile Money,43.0,F,2.0
T05557,2025-07-06 18:06,M01,P011,4,0,Mobile Money,38.0,F,4.0
T05558,2025-07-06 18:09,M03,P021,1,0,Espèces,17.0,F,4.0
T05559,2025-07-06 18:48,M02,P017,1,5,Espèces,35.0,M,3.0
T05560,2025-07-06 19:03,M05,P015,2,0,Espèces,37.0,F,4.0
T05561,2025-07-06 19:06,M06,P001,1,0,Mobile Money,29.0,F,2.0
T05562,2025-07-06 19:14,M05,P012,1,0,Mobile Money,39.0,F,2.0
T05563,2025-07-06 19:18,M03,P014,2,0,Espèces,56.0,F,5.0
T05564,2025-07-06 19:26,M03,P012,5,0,Mobile Money,30.0,F,4.0
T05565,2025-07-06 19:27,M01,P001,3,0,Espèces,29.0,M,5.0
T05566,2025-07-06 19:52,M04,P006,7,0,Mobile Money,44.0,F,2.0
T05567,2025-07-06 20:17,M03,P026,1,0,Espèces,16.0,M,3.0
T05568,2025-07-06 20:32,M03,P015,1,0,Mobile Money,,F,3.0
T05569,2025-07-06 21:14,M01,P014,4,15,Carte,26.0,F,4.0
T05570,2025-07-07 10:26,M04,P007,2,0,Carte,40.0,M,3.0
T05571,2025-07-07 10:33,M03,P014,3,15,Mobile Money,33.0,M,4.0
T05572,2025-07-07 11:46,M04,P009,2,0,Mobile Money,41.0,F,3.0
T05573,2025-07-07 12:44,M05,P015,3,0,Mobile Money,41.0,F,3.0
T05574,2025-07-07 12:59,M02,P024,1,0,Espèces,29.0,M,3.0
T05575,2025-07-07 13:15,M04,P002,4,0,Espèces,29.0,F,3.0
T05576,2025-07-07 13:21,M03,P009,1,0,Espèces,35.0,F,5.0
T05577,2025-07-07 13:23,M01,P022,1,0,Espèces,34.0,F,4.0
T05578,2025-07-07 13:25,M05,P018,3,0,Mobile Money,45.0,F,2.0
T05579,2025-07-07 13:45,M06,P003,1,0,Espèces,49.0,M,5.0
T05580,2025-07-07 13:47,M02,P008,1,0,Espèces,29.0,F,3.0
T05581,2025-07-07 14:26,M01,P001,4,0,Carte,28.0,F,4.0
T05582,2025-07-07 15:07,M01,P006,3,0,Mobile Money,24.0,M,4.0
T05583,2025-07-07 15:28,M01,P001,3,0,Espèces,46.0,M,3.0
T05584,2025-07-07 16:46,M02,P011,4,0,Mobile Money,28.0,M,4.0
T05586,2025-07-07 16:51,M01,P005,2,5,Carte,16.0,M,4.0
T05585,2025-07-07 16:51,M02,P009,2,0,Carte,36.0,M,3.0
T05587,2025-07-07 16:53,M01,P002,4,0,Espèces,36.0,M,5.0
T05588,2025-07-07 16:55,M02,P012,5,0,Mobile Money,44.0,M,4.0
T05589,2025-07-07 17:23,M01,P018,3,5,Mobile Money,,F,5.0
T05590,2025-07-07 17:43,M01,P010,5,0,Espèces,41.0,M,3.0
T05591,2025-07-07 17:44,M01,P027,3,15,Mobile Money,27.0,M,4.0
T05592,2025-07-07 17:51,M01,P006,1,0,Espèces,43.0,F,4.0
T05593,2025-07-07 17:56,M01,P006,6,0,Mobile Money,22.0,M,5.0
T05594,2025-07-07 17:59,M03,P018,8,0,Espèces,17.0,F,4.0
T05595,2025-07-07 17:59,M01,P005,3,0,Mobile Money,32.0,F,4.0
T05596,2025-07-07 18:00,M01,P017,1,0,Espèces,,F,5.0
T05597,2025-07-07 18:04,M04,P005,3,5,Espèces,22.0,M,3.0
T05598,2025-07-07 18:13,M02,P006,4,0,Mobile Money,39.0,F,3.0
T05599,2025-07-07 18:29,M06,P023,1,0,Espèces,23.0,M,5.0
T05600,2025-07-07 19:00,M03,P018,5,0,Espèces,43.0,F,3.0
T05601,2025-07-07 19:00,M02,P014,3,0,Mobile Money,25.0,M,4.0
T05602,2025-07-07 19:17,M02,P001,2,15,Espèces,24.0,M,3.0
T05603,2025-07-07 19:40,M02,P001,1,0,Carte,29.0,F,3.0
T05604,2025-07-07 20:02,M01,P006,1,0,Mobile Money,35.0,F,5.0
T05605,2025-07-07 21:10,M02,P010,5,0,Espèces,29.0,F,
T05606,2025-07-08 10:46,M02,P027,1,0,Mobile Money,21.0,M,3.0
T05607,2025-07-08 11:12,M01,P010,2,0,Espèces,49.0,M,5.0
T05608,2025-07-08 11:49,M03,P013,3,0,Espèces,55.0,F,4.0
T05609,2025-07-08 12:17,M03,P026,1,0,Mobile Money,29.0,F,4.0
T05610,2025-07-08 12:19,M01,P009,1,0,Espèces,33.0,F,3.0
T05611,2025-07-08 12:49,M04,P007,2,0,Espèces,41.0,F,4.0
T05612,2025-07-08 13:05,M01,P013,4,5,Espèces,40.0,M,4.0
T05613,2025-07-08 13:37,M02,P026,1,0,Carte,35.0,M,4.0
T05614,2025-07-08 14:15,M05,P027,1,0,Espèces,33.0,F,3.0
T05615,2025-07-08 15:47,M01,P014,2,10,Mobile Money,18.0,M,5.0
T05616,2025-07-08 16:47,M04,P009,2,0,Mobile Money,16.0,F,4.0
T05617,2025-07-08 17:05,M01,P015,3,0,especes,31.0,F,3.0
T05618,2025-07-08 17:42,M01,P010,5,10,Espèces,35.0,F,4.0
T05619,2025-07-08 17:48,M02,P004,3,0,Espèces,20.0,M,2.0
T05620,2025-07-08 17:52,M01,P009,2,0,Espèces,40.0,F,4.0
T05621,2025-07-08 18:00,M02,P012,4,10,Mobile Money,34.0,M,5.0
T05622,2025-07-08 18:09,M01,P004,5,5,Mobile Money,33.0,F,4.0
T05623,2025-07-08 18:27,M03,P017,2,10,Espèces,41.0,M,4.0
T05624,2025-07-08 18:27,M06,P024,1,0,Mobile Money,26.0,F,4.0
T05625,2025-07-08 18:31,M04,P011,1,0,Espèces,37.0,F,3.0
T05626,2025-07-08 18:43,M01,P026,1,0,Espèces,45.0,F,3.0
T05627,2025-07-08 18:57,M04,P002,4,0,Mobile Money,20.0,F,1.0
T05628,2025-07-08 19:26,M01,P022,1,0,Mobile Money,18.0,F,3.0
T05629,2025-07-08 19:33,M02,P006,6,0,Espèces,23.0,F,4.0
T05630,2025-07-08 19:34,M04,P017,2,10,Espèces,,F,2.0
T05631,2025-07-08 20:42,M03,P012,3,0,Mobile Money,34.0,M,4.0
T05632,2025-07-09 09:11,M01,P009,3,0,Mobile Money,36.0,F,5.0
T05633,2025-07-09 11:05,M06,P012,2,0,Espèces,37.0,M,4.0
T05634,2025-07-09 11:11,M03,P015,2,5,Mobile Money,39.0,M,4.0
T05635,2025-07-09 11:52,M01,P016,2,5,Espèces,33.0,F,4.0
T05636,2025-07-09 11:59,M06,P003,2,0,Espèces,28.0,F,2.0
T05637,2025-07-09 12:34,M05,P009,2,0,Mobile Money,37.0,F,3.0
T05638,2025-07-09 13:37,M03,P006,4,10,Carte,22.0,M,4.0
T05639,2025-07-09 13:48,M01,P016,2,0,Espèces,47.0,F,5.0
T05640,2025-07-09 14:56,M02,P007,3,0,Carte,30.0,F,5.0
T05641,2025-07-09 15:01,M03,P016,5,10,Espèces,21.0,F,4.0
T05642,2025-07-09 15:04,M02,P013,3,0,Espèces,30.0,F,4.0
T05643,2025-07-09 15:08,M02,P002,1,10,Espèces,32.0,F,3.0
T05644,2025-07-09 15:52,M04,P015,4,10,Espèces,16.0,F,2.0
T05645,2025-07-09 17:04,M01,P020,1,5,Mobile Money,24.0,F,5.0
T05646,2025-07-09 17:10,M01,P010,3,0,Espèces,34.0,F,4.0
T05647,2025-07-09 17:43,M05,P005,2,0,Mobile Money,39.0,F,4.0
T05648,2025-07-09 17:55,M05,P005,2,0,Espèces,41.0,M,3.0
T05649,2025-07-09 18:23,M03,P012,5,15,Mobile Money,50.0,F,4.0
T05650,2025-07-09 18:38,M01,P002,4,0,Carte,21.0,M,3.0
T05651,2025-07-09 18:44,M04,P005,3,10,Mobile Money,39.0,M,3.0
T05652,2025-07-09 18:45,M02,P010,2,0,Mobile Money,40.0,F,3.0
T05653,2025-07-09 19:09,M01,P009,2,10,Carte,31.0,M,5.0
T05654,2025-07-09 19:53,M04,P016,2,0,Espèces,43.0,F,2.0
T05655,2025-07-09 20:23,M01,P020,1,0,Espèces,27.0,M,4.0
T05656,2025-07-09 20:27,M05,P015,2,0,Espèces,24.0,F,4.0
T05657,2025-07-09 20:28,M02,P019,1,5,Mobile Money,26.0,M,4.0
T05658,2025-07-09 20:33,M01,P012,3,0,Espèces,19.0,M,3.0
T05659,2025-07-10 11:19,M05,P010,2,0,Mobile Money,27.0,F,5.0
T05660,2025-07-10 11:38,M03,P025,3,10,Mobile Money,49.0,F,4.0
T05661,2025-07-10 12:11,M04,P021,1,5,Mobile Money,29.0,M,2.0
T05662,2025-07-10 12:31,M06,P023,3,10,Espèces,17.0,M,4.0
T05663,2025-07-10 12:46,M06,P011,3,5,Mobile Money,28.0,F,5.0
T05664,2025-07-10 13:48,M01,P013,3,0,Espèces,51.0,M,2.0
T05665,2025-07-10 14:16,M01,P022,1,0,Espèces,20.0,F,4.0
T05666,2025-07-10 14:53,M04,P017,3,0,Espèces,20.0,M,4.0
T05667,2025-07-10 16:16,M05,P004,4,5,Espèces,25.0,F,4.0
T05668,2025-07-10 16:20,M02,P003,4,0,Carte,37.0,F,3.0
T05669,2025-07-10 16:24,M05,P007,3,0,Espèces,34.0,F,4.0
T05670,2025-07-10 16:29,M02,P007,3,0,Espèces,31.0,M,2.0
T05671,2025-07-10 16:32,M03,P001,3,0,Mobile Money,37.0,M,3.0
T05672,2025-07-10 16:35,M05,P016,5,0,Espèces,53.0,F,5.0
T05673,2025-07-10 17:02,M06,P010,3,0,Carte,27.0,M,3.0
T05674,2025-07-10 17:21,M02,P003,1,0,Mobile Money,28.0,F,4.0
T05675,2025-07-10 17:36,M02,P011,2,5,Mobile Money,53.0,F,4.0
T05676,2025-07-10 17:45,M04,P014,1,0,Espèces,49.0,M,3.0
T05677,2025-07-10 17:56,M06,P025,1,5,Carte,33.0,F,1.0
T05678,2025-07-10 17:58,M06,P001,3,0,Mobile Money,40.0,M,3.0
T05679,2025-07-10 18:01,M03,P002,4,0,Mobile Money,43.0,F,4.0
T05680,2025-07-10 18:03,M05,P001,2,0,Espèces,30.0,F,4.0
T05681,2025-07-10 18:06,M05,P022,1,0,Espèces,24.0,M,3.0
T05682,2025-07-10 18:08,M01,P010,4,0,Espèces,27.0,F,4.0
T05683,2025-07-10 18:11,M02,P010,3,0,Espèces,41.0,F,2.0
T05684,2025-07-10 18:16,M02,P011,3,10,Carte,28.0,F,5.0
T05685,2025-07-10 18:17,M04,P027,1,0,Espèces,35.0,M,2.0
T05686,2025-07-10 19:01,M03,P015,4,5,Espèces,22.0,M,3.0
T05687,2025-07-10 19:31,M05,P009,3,0,Mobile Money,45.0,F,2.0
T05688,2025-07-10 20:30,M02,P012,2,0,Espèces,45.0,F,3.0
T05689,2025-07-10 20:44,M05,P020,1,5,Mobile Money,21.0,M,3.0
T05690,2025-07-11 09:36,M06,P009,3,15,Espèces,36.0,M,3.0
T05691,2025-07-11 11:29,M05,P004,3,0,Espèces,16.0,F,3.0
T05692,2025-07-11 11:37,M01,P014,3,0,Mobile Money,33.0,M,5.0
T05693,2025-07-11 11:54,M04,P001,3,5,Mobile Money,23.0,F,2.0
T05694,2025-07-11 12:19,M02,P013,3,0,Espèces,50.0,F,4.0
T05695,2025-07-11 12:23,M02,P002,3,10,Espèces,33.0,M,4.0
T05696,2025-07-11 12:46,M01,P016,1,0,Espèces,43.0,M,5.0
T05697,2025-07-11 12:48,M03,P001,2,5,mobile money,52.0,M,4.0
T05698,2025-07-11 13:05,M02,P009,4,0,Mobile Money,40.0,F,3.0
T05699,2025-07-11 13:05,M05,P025,1,0,Mobile Money,43.0,F,4.0
T05700,2025-07-11 13:12,M03,P001,2,0,Espèces,16.0,M,3.0
T05701,2025-07-11 13:16,M04,P006,3,5,Carte,45.0,F,3.0
T05702,2025-07-11 15:16,M01,P013,3,0,Mobile Money,31.0,M,5.0
T05703,2025-07-11 15:20,M03,P002,3,10,Mobile Money,28.0,M,4.0
T05704,2025-07-11 15:37,M06,P009,3,0,Espèces,35.0,M,4.0
T05705,2025-07-11 16:30,M05,P015,1,0,Espèces,,F,5.0
T05706,2025-07-11 16:58,M06,P009,4,0,Mobile Money,40.0,F,5.0
T05707,2025-07-11 17:05,M03,P016,3,0,Espèces,31.0,F,3.0
T05708,2025-07-11 17:56,M02,P014,3,0,Espèces,36.0,M,5.0
T05709,2025-07-11 18:34,M06,P002,3,0,Mobile Money,29.0,F,4.0
T05710,2025-07-11 18:42,M05,P012,2,0,Espèces,16.0,M,4.0
T05711,2025-07-11 18:42,M03,P010,2,10,Mobile Money,36.0,M,2.0
T05712,2025-07-11 19:19,M01,P001,8,5,Espèces,41.0,M,3.0
T05713,2025-07-11 19:51,M05,P012,2,15,Mobile Money,24.0,F,3.0
T05714,2025-07-11 20:12,M02,P014,3,0,Mobile Money,31.0,F,4.0
T05715,2025-07-11 20:25,M05,P015,1,0,Espèces,36.0,M,5.0
T05716,2025-07-11 21:53,M05,P010,4,0,Espèces,24.0,M,3.0
T05717,2025-07-12 09:55,M01,P002,3,10,Carte,16.0,F,4.0
T05718,2025-07-12 11:06,M05,P010,2,0,Espèces,33.0,M,4.0
T05719,2025-07-12 11:21,M05,P014,2,0,Mobile Money,47.0,M,5.0
T05720,2025-07-12 12:21,M05,P009,3,0,Espèces,55.0,F,3.0
T05721,2025-07-12 12:27,M02,P004,5,0,Espèces,38.0,F,3.0
T05722,2025-07-12 12:28,M03,P001,2,0,Espèces,37.0,F,2.0
T05723,2025-07-12 12:34,M03,P015,4,0,Mobile Money,39.0,M,3.0
T05724,2025-07-12 12:39,M05,P012,5,0,Espèces,28.0,M,4.0
T05725,2025-07-12 12:46,M04,P011,3,0,Espèces,16.0,F,3.0
T05726,2025-07-12 12:56,M03,P004,3,0,Mobile Money,30.0,M,5.0
T05727,2025-07-12 12:58,M04,P004,2,0,Espèces,36.0,F,3.0
T05728,2025-07-12 13:25,M05,P015,2,0,Mobile Money,38.0,F,4.0
T05729,2025-07-12 13:42,M04,P009,2,0,Mobile Money,32.0,M,2.0
T05730,2025-07-12 13:50,M04,P017,1,0,Mobile Money,26.0,F,3.0
T05731,2025-07-12 13:57,M03,P001,3,0,Espèces,38.0,F,4.0
T05732,2025-07-12 14:02,M06,P003,3,0,Espèces,18.0,M,4.0
T05733,2025-07-12 14:05,M01,P012,2,0,Mobile Money,43.0,F,3.0
T05734,2025-07-12 15:08,M04,P005,2,0,Espèces,30.0,M,3.0
T05735,2025-07-12 16:13,M03,P002,3,0,Espèces,37.0,M,4.0
T05736,2025-07-12 16:28,M04,P008,4,0,Mobile Money,21.0,F,2.0
T05737,2025-07-12 16:36,M05,P004,3,0,Espèces,41.0,M,5.0
T05738,2025-07-12 16:48,M05,P016,5,5,Espèces,31.0,F,4.0
T05739,2025-07-12 16:50,M04,P009,3,5,Espèces,32.0,F,3.0
T05740,2025-07-12 16:58,M01,P016,2,0,Mobile Money,19.0,M,3.0
T05741,2025-07-12 17:00,M05,P020,1,0,Espèces,34.0,F,2.0
T05742,2025-07-12 17:03,M02,P012,3,0,Mobile Money,44.0,M,4.0
T05743,2025-07-12 17:06,M03,P016,3,0,Carte,31.0,M,4.0
T05744,2025-07-12 17:26,M01,P010,3,10,Mobile Money,31.0,M,3.0
T05745,2025-07-12 17:30,M03,P022,1,0,Espèces,30.0,F,5.0
T05746,2025-07-12 17:37,M04,P017,2,0,Espèces,41.0,M,3.0
T05747,2025-07-12 17:38,M03,P009,2,0,Mobile Money,21.0,F,2.0
T05748,2025-07-12 17:40,M04,P024,1,0,Mobile Money,26.0,M,2.0
T05749,2025-07-12 17:43,M01,P009,2,0,Espèces,28.0,F,2.0
T05750,2025-07-12 17:46,M04,P015,3,0,Espèces,29.0,F,3.0
T05751,2025-07-12 17:58,M06,P008,3,15,Espèces,47.0,F,5.0
T05752,2025-07-12 18:21,M03,P017,2,0,Mobile Money,24.0,F,4.0
T05753,2025-07-12 18:25,M03,P008,1,0,Espèces,30.0,M,3.0
T05754,2025-07-12 19:38,M06,P002,2,0,Mobile Money,38.0,F,3.0
T05755,2025-07-12 19:50,M03,P014,2,0,Mobile Money,40.0,F,4.0
T05756,2025-07-12 19:56,M01,P004,4,0,Espèces,34.0,F,3.0
T05757,2025-07-12 20:11,M02,P009,4,0,Espèces,17.0,F,4.0
T05758,2025-07-12 20:33,M02,P008,1,0,Mobile Money,22.0,F,3.0
T05759,2025-07-12 21:53,M04,P007,3,0,Espèces,30.0,M,2.0
T05760,2025-07-13 10:16,M04,P003,2,0,Espèces,24.0,M,3.0
T05761,2025-07-13 10:46,M01,P004,1,0,Carte,35.0,F,5.0
T05762,2025-07-13 10:53,M02,P001,2,0,Mobile Money,55.0,M,3.0
T05763,2025-07-13 11:30,M05,P006,1,0,Espèces,38.0,F,3.0
T05764,2025-07-13 12:35,M03,P005,4,0,Mobile Money,44.0,M,4.0
T05765,2025-07-13 12:38,M02,P009,1,0,Espèces,24.0,F,2.0
T05766,2025-07-13 12:40,M03,P014,2,0,Mobile Money,39.0,F,4.0
T05767,2025-07-13 13:11,M03,P009,3,0,Mobile Money,34.0,M,3.0
T05768,2025-07-13 13:34,M05,P019,2,15,Espèces,,M,3.0
T05769,2025-07-13 14:00,M06,P013,3,0,Espèces,16.0,M,3.0
T05770,2025-07-13 14:02,M02,P014,2,0,Espèces,38.0,M,2.0
T05771,2025-07-13 14:14,M04,P007,2,0,Espèces,33.0,F,3.0
T05772,2025-07-13 14:18,M05,P006,2,0,Espèces,35.0,F,5.0
T05773,2025-07-13 15:11,M05,P001,3,0,Mobile Money,29.0,F,4.0
T05774,2025-07-13 15:15,M02,P003,1,0,Espèces,29.0,F,5.0
T05775,2025-07-13 16:16,M01,P011,3,0,Mobile Money,31.0,F,4.0
T05776,2025-07-13 16:22,M03,P001,5,5,Espèces,32.0,M,3.0
T05777,2025-07-13 16:35,M06,P003,1,0,Espèces,61.0,M,3.0
T05778,2025-07-13 17:20,M04,P014,4,0,Mobile Money,34.0,F,2.0
T05779,2025-07-13 17:37,M06,P014,2,10,Espèces,49.0,M,3.0
T05780,2025-07-13 17:46,M01,P013,3,0,Mobile Money,21.0,F,5.0
T05781,2025-07-13 17:48,M02,P020,1,0,Espèces,30.0,F,5.0
T05782,2025-07-13 18:04,M03,P017,3,5,Espèces,38.0,F,2.0
T05783,2025-07-13 18:06,M04,P001,3,0,Mobile Money,38.0,F,2.0
T05784,2025-07-13 18:09,M03,P001,1,5,Espèces,42.0,F,4.0
T05785,2025-07-13 18:36,M02,P011,1,0,Mobile Money,43.0,M,5.0
T05786,2025-07-13 18:40,M03,P009,2,0,Espèces,35.0,F,2.0
T05787,2025-07-13 19:09,M03,P013,1,0,Mobile Money,35.0,M,2.0
T05788,2025-07-13 19:15,M04,P015,3,0,Espèces,29.0,F,3.0
T05789,2025-07-13 19:30,M06,P016,3,0,Espèces,43.0,F,4.0
T05790,2025-07-13 19:35,M01,P005,2,0,mobile money,44.0,F,3.0
T05791,2025-07-13 19:41,M03,P002,2,10,Espèces,37.0,F,4.0
T05792,2025-07-13 19:49,M06,P011,1,0,Mobile Money,43.0,M,3.0
T05793,2025-07-13 20:03,M01,P002,4,0,Carte,43.0,F,4.0
T05794,2025-07-14 10:27,M04,P010,1,0,Espèces,23.0,M,2.0
T05794,2025-07-14 10:27,M04,P010,1,0,Espèces,23.0,M,2.0
T05795,2025-07-14 10:42,M01,P002,2,0,Mobile Money,33.0,F,3.0
T05796,2025-07-14 11:28,M01,P014,3,0,Espèces,53.0,F,3.0
T05797,2025-07-14 11:37,M05,P004,3,0,Mobile Money,27.0,F,4.0
T05798,2025-07-14 12:16,M02,P025,1,0,Espèces,30.0,M,3.0
T05799,2025-07-14 12:34,M03,P021,1,10,Mobile Money,24.0,F,4.0
T05800,2025-07-14 12:36,M01,P005,3,0,Espèces,35.0,M,5.0
T05801,2025-07-14 13:10,M03,P027,1,5,Mobile Money,42.0,F,3.0
T05802,2025-07-14 13:59,M04,P001,3,0,Mobile Money,25.0,F,3.0
T05803,2025-07-14 14:07,M01,P005,1,5,Espèces,33.0,M,4.0
T05804,2025-07-14 15:28,M02,P014,1,0,Mobile Money,42.0,F,5.0
T05805,2025-07-14 16:34,M01,P001,5,0,Espèces,45.0,M,5.0
T05806,2025-07-14 16:55,M05,P006,3,0,Mobile Money,16.0,F,4.0
T05807,2025-07-14 17:04,M01,P015,2,0,Carte,38.0,F,4.0
T05808,2025-07-14 17:20,M05,P007,2,0,Espèces,26.0,F,3.0
T05809,2025-07-14 17:33,M03,P004,1,0,Espèces,31.0,M,4.0
T05810,2025-07-14 17:38,M01,P007,3,0,Carte,32.0,F,4.0
T05811,2025-07-14 17:44,M03,P002,3,10,Espèces,24.0,M,2.0
T05812,2025-07-14 18:30,M02,P022,1,0,Mobile Money,17.0,F,3.0
T05813,2025-07-14 18:30,M03,P013,4,0,Espèces,,M,3.0
T05814,2025-07-14 18:45,M04,P004,2,5,Mobile Money,49.0,M,1.0
T05815,2025-07-14 19:01,M06,P005,4,0,Mobile Money,22.0,M,3.0
T05816,2025-07-14 19:04,M01,P011,2,5,Espèces,25.0,M,5.0
T05817,2025-07-14 19:07,M05,P020,1,5,Mobile Money,28.0,M,3.0
T05818,2025-07-14 19:19,M01,P001,1,0,Carte,48.0,F,4.0
T05819,2025-07-14 19:20,M02,P010,3,5,Carte,39.0,M,3.0
T05820,2025-07-14 20:42,M02,P027,1,0,Carte,34.0,M,4.0
T05821,2025-07-15 10:13,M05,P002,2,0,Espèces,16.0,M,4.0
T05822,2025-07-15 10:48,M04,P011,3,0,Mobile Money,31.0,F,3.0
T05823,2025-07-15 10:59,M03,P015,3,0,Espèces,19.0,M,4.0
T05824,2025-07-15 11:16,M02,P015,1,15,Mobile Money,23.0,M,3.0
T05825,2025-07-15 11:35,M05,P014,1,0,Espèces,32.0,M,4.0
T05826,2025-07-15 12:59,M01,P006,5,0,Carte,19.0,F,3.0
T05827,2025-07-15 14:12,M06,P007,1,0,Espèces,31.0,M,5.0
T05828,2025-07-15 14:19,M05,P014,1,0,Mobile Money,28.0,M,3.0
T05829,2025-07-15 15:26,M04,P017,2,0,Espèces,20.0,F,3.0
T05830,2025-07-15 16:03,M01,P006,3,10,Mobile Money,31.0,M,3.0
T05831,2025-07-15 17:30,M02,P010,3,0,Espèces,36.0,F,3.0
T05832,2025-07-15 17:33,M04,P014,3,0,Espèces,58.0,F,1.0
T05833,2025-07-15 17:34,M05,P009,3,0,Espèces,18.0,M,4.0
T05834,2025-07-15 17:37,M02,P009,2,0,Espèces,20.0,F,4.0
T05835,2025-07-15 17:51,M03,P007,3,10,Carte,31.0,M,4.0
T05836,2025-07-15 17:54,M06,P022,1,0,Espèces,22.0,F,5.0
T05837,2025-07-15 18:23,M03,P005,1,0,Mobile Money,47.0,F,5.0
T05838,2025-07-15 18:39,M01,P001,3,0,Mobile Money,26.0,M,2.0
T05839,2025-07-15 18:40,M01,P002,1,0,Carte,29.0,M,3.0
T05840,2025-07-15 19:18,M05,P011,3,0,Mobile Money,34.0,M,3.0
T05841,2025-07-15 19:21,M04,P014,2,0,Espèces,41.0,M,2.0
T05842,2025-07-15 19:47,M02,P003,2,0,Mobile Money,28.0,F,4.0
T05843,2025-07-15 20:08,M01,P012,3,15,Carte,16.0,F,3.0
T05844,2025-07-15 20:12,M03,P010,3,0,Mobile Money,50.0,M,5.0
T05845,2025-07-16 10:57,M05,P021,1,5,Espèces,32.0,F,4.0
T05846,2025-07-16 11:05,M03,P027,1,5,Espèces,29.0,F,3.0
T05847,2025-07-16 11:16,M06,P010,2,10,Mobile Money,45.0,F,4.0
T05848,2025-07-16 11:19,M05,P011,4,0,Espèces,39.0,M,5.0
T05849,2025-07-16 12:13,M05,P024,3,15,Espèces,35.0,F,5.0
T05850,2025-07-16 12:29,M01,P014,4,0,Mobile Money,26.0,F,4.0
T05851,2025-07-16 12:32,M06,P014,2,0,Mobile Money,18.0,M,3.0
T05852,2025-07-16 12:50,M01,P009,3,0,Mobile Money,34.0,F,4.0
T05853,2025-07-16 12:53,M05,P010,3,0,Espèces,43.0,F,5.0
T05854,2025-07-16 12:55,M06,P006,1,0,Espèces,34.0,F,3.0
T05855,2025-07-16 13:01,M03,P009,4,0,Espèces,22.0,F,3.0
T05856,2025-07-16 13:50,M02,P010,5,0,Espèces,27.0,M,4.0
T05857,2025-07-16 15:20,M02,P022,1,0,Espèces,30.0,F,2.0
T05858,2025-07-16 16:10,M03,P017,2,0,Espèces,24.0,F,4.0
T05859,2025-07-16 16:16,M05,P014,3,0,Espèces,33.0,F,2.0
T05860,2025-07-16 16:35,M06,P015,2,0,Mobile Money,42.0,M,3.0
T05861,2025-07-16 18:14,M06,P010,3,15,Espèces,67.0,F,3.0
T05862,2025-07-16 18:58,M01,P010,1,10,Espèces,57.0,F,3.0
T05863,2025-07-16 19:03,M02,P017,3,10,Mobile Money,22.0,M,2.0
T05864,2025-07-16 19:23,M06,P001,3,0,Espèces,22.0,M,3.0
T05865,2025-07-16 19:36,M01,P003,2,5,Espèces,27.0,F,2.0
T05866,2025-07-16 19:38,M03,P001,1,0,Mobile Money,38.0,M,4.0
T05867,2025-07-16 19:48,M03,P009,1,0,Mobile Money,16.0,F,3.0
T05868,2025-07-16 20:11,M01,P008,1,0,Carte,38.0,F,3.0
T05869,2025-07-16 20:12,M03,P024,1,0,Mobile Money,40.0,M,3.0
T05870,2025-07-16 20:14,M01,P004,1,0,Mobile Money,25.0,F,2.0
T05871,2025-07-16 20:28,M03,P001,2,0,Espèces,32.0,M,5.0
T05872,2025-07-16 20:47,M03,P008,3,0,Espèces,34.0,M,5.0
T05873,2025-07-16 20:52,M02,P001,5,0,Mobile Money,,F,3.0
T05874,2025-07-16 21:03,M01,P010,2,5,Mobile Money,34.0,M,4.0
T05875,2025-07-17 11:22,M06,P009,5,0,Espèces,39.0,M,3.0
T05876,2025-07-17 11:24,M01,P016,2,0,Mobile Money,37.0,F,3.0
T05877,2025-07-17 11:34,M03,P004,1,0,Carte,34.0,M,3.0
T05878,2025-07-17 11:58,M05,P022,1,0,Mobile Money,27.0,F,3.0
T05879,2025-07-17 12:10,M04,P008,3,5,Mobile Money,30.0,M,2.0
T05880,2025-07-17 12:14,M02,P024,1,0,Espèces,27.0,F,2.0
T05881,2025-07-17 13:13,M01,P016,1,0,Mobile Money,20.0,M,4.0
T05882,2025-07-17 13:19,M02,P017,4,0,Espèces,43.0,F,4.0
T05883,2025-07-17 13:41,M04,P025,3,15,Espèces,43.0,F,4.0
T05884,2025-07-17 14:04,M04,P007,2,0,Espèces,26.0,F,3.0
T05885,2025-07-17 14:29,M01,P020,1,0,Espèces,27.0,M,3.0
T05886,2025-07-17 14:52,M01,P002,1,0,Mobile Money,,M,3.0
T05887,2025-07-17 16:29,M01,P016,3,5,Mobile Money,33.0,M,5.0
T05888,2025-07-17 16:34,M02,P009,2,5,Mobile Money,40.0,F,4.0
T05889,2025-07-17 16:41,M04,P024,1,0,Espèces,36.0,F,4.0
T05890,2025-07-17 18:06,M01,P004,2,0,Carte,33.0,F,4.0
T05891,2025-07-17 18:08,M06,P009,5,5,Mobile Money,31.0,F,5.0
T05892,2025-07-17 18:15,M04,P025,1,0,Espèces,35.0,F,4.0
T05893,2025-07-17 18:28,M04,P004,2,5,Mobile Money,38.0,M,2.0
T05894,2025-07-17 19:08,M03,P001,5,0,Espèces,32.0,M,3.0
T05895,2025-07-17 19:44,M05,P005,3,0,Mobile Money,24.0,M,3.0
T05896,2025-07-17 19:52,M05,P013,3,0,Mobile Money,37.0,F,3.0
T05897,2025-07-17 20:25,M03,P001,1,0,Espèces,39.0,F,3.0
T05898,2025-07-17 20:35,M03,P013,2,0,Espèces,34.0,M,3.0
T05899,2025-07-18 10:22,M05,P020,1,0,Espèces,29.0,M,4.0
T05900,2025-07-18 10:54,M05,P012,4,15,Mobile Money,38.0,F,4.0
T05901,2025-07-18 10:54,M03,P009,3,0,Espèces,55.0,M,3.0
T05902,2025-07-18 11:37,M05,P014,2,0,Espèces,27.0,F,2.0
T05903,2025-07-18 11:50,M01,P013,3,0,Carte,33.0,M,2.0
T05904,2025-07-18 11:55,M03,P001,2,0,Espèces,27.0,F,3.0
T05905,2025-07-18 12:44,M02,P015,3,5,Espèces,38.0,F,3.0
T05906,2025-07-18 12:47,M04,P005,5,0,Espèces,30.0,F,3.0
T05907,2025-07-18 12:51,M02,P001,3,0,Espèces,27.0,F,4.0
T05908,2025-07-18 13:15,M01,P015,3,0,Espèces,52.0,F,4.0
T05909,2025-07-18 13:20,M01,P015,8,15,Espèces,24.0,M,2.0
T05910,2025-07-18 13:31,M03,P001,2,0,Espèces,40.0,M,3.0
T05911,2025-07-18 13:55,M01,P004,3,0,Mobile Money,34.0,F,4.0
T05912,2025-07-18 14:53,M01,P003,1,0,Espèces,28.0,F,4.0
T05913,2025-07-18 16:34,M05,P007,4,0,Espèces,30.0,F,4.0
T05914,2025-07-18 17:15,M04,P001,2,0,Mobile Money,27.0,F,4.0
T05915,2025-07-18 17:18,M03,P008,1,0,Mobile Money,39.0,M,4.0
T05916,2025-07-18 17:51,M02,P025,1,0,Carte,19.0,F,4.0
T05917,2025-07-18 18:00,M05,P024,1,0,espèces,24.0,M,2.0
T05919,2025-07-18 18:03,M02,P006,2,5,Carte,24.0,M,4.0
T05918,2025-07-18 18:03,M04,P025,1,5,Mobile Money,26.0,F,3.0
T05920,2025-07-18 18:07,M05,P008,2,0,Espèces,23.0,M,4.0
T05921,2025-07-18 18:10,M02,P006,1,0,Espèces,34.0,M,5.0
T05922,2025-07-18 18:22,M02,P010,1,0,Espèces,37.0,M,2.0
T05923,2025-07-18 19:00,M03,P008,4,0,Espèces,52.0,F,2.0
T05924,2025-07-18 19:14,M01,P006,2,0,Espèces,16.0,F,3.0
T05925,2025-07-18 19:14,M04,P018,4,0,Mobile Money,45.0,M,2.0
T05926,2025-07-18 19:34,M01,P001,5,0,Mobile Money,21.0,F,4.0
T05927,2025-07-18 19:35,M03,P001,4,10,Espèces,16.0,M,3.0
T05928,2025-07-18 19:39,M03,P011,1,0,Espèces,54.0,F,4.0
T05929,2025-07-18 20:02,M04,P009,2,0,Mobile Money,34.0,F,1.0
T05930,2025-07-18 20:23,M04,P004,3,5,Espèces,48.0,F,2.0
T05931,2025-07-18 21:39,M03,P002,4,0,Mobile Money,27.0,F,4.0
T05932,2025-07-19 10:08,M01,P004,1,0,Mobile Money,24.0,F,3.0
T05933,2025-07-19 10:46,M05,P006,1,5,Espèces,21.0,M,3.0
T05934,2025-07-19 10:53,M01,P010,3,0,Espèces,24.0,M,3.0
T05934,2025-07-19 10:53,M01,P010,3,0,Espèces,24.0,M,3.0
T05935,2025-07-19 10:57,M02,P014,3,0,Mobile Money,39.0,M,2.0
T05936,2025-07-19 11:38,M01,P016,3,0,Espèces,32.0,F,5.0
T05937,2025-07-19 11:45,M03,P003,2,0,Mobile Money,,F,3.0
T05938,2025-07-19 12:10,M03,P004,3,0,Mobile Money,33.0,M,4.0
T05939,2025-07-19 12:24,M05,P024,1,15,Carte,31.0,F,4.0
T05940,2025-07-19 12:29,M05,P010,1,0,Mobile Money,26.0,F,3.0
T05941,2025-07-19 12:43,M04,P006,5,0,Espèces,16.0,F,3.0
T05942,2025-07-19 12:58,M05,P009,4,10,Mobile Money,40.0,F,2.0
T05943,2025-07-19 13:17,M05,P004,2,0,Mobile Money,31.0,M,3.0
T05944,2025-07-19 13:23,M04,P004,2,0,Mobile Money,41.0,F,3.0
T05945,2025-07-19 13:55,M01,P010,5,0,Espèces,36.0,M,4.0
T05946,2025-07-19 13:57,M06,P015,5,0,Espèces,37.0,M,5.0
T05947,2025-07-19 14:16,M06,P006,3,0,Espèces,40.0,F,3.0
T05948,2025-07-19 14:47,M04,P014,4,10,Espèces,40.0,F,3.0
T05949,2025-07-19 15:06,M01,P024,1,5,Espèces,31.0,M,5.0
T05950,2025-07-19 16:16,M02,P005,1,0,Mobile Money,38.0,M,5.0
T05951,2025-07-19 16:26,M03,P004,4,0,Espèces,44.0,F,5.0
T05952,2025-07-19 16:45,M03,P003,4,0,Espèces,34.0,F,4.0
T05953,2025-07-19 17:02,M01,P017,3,0,Mobile Money,29.0,F,3.0
T05954,2025-07-19 17:07,M06,P007,2,0,Mobile Money,27.0,F,4.0
T05955,2025-07-19 17:12,M01,P010,1,0,Espèces,16.0,F,4.0
T05956,2025-07-19 17:17,M06,P016,2,0,Espèces,46.0,F,5.0
T05957,2025-07-19 17:19,M01,P002,1,0,Espèces,30.0,F,4.0
T05958,2025-07-19 17:28,M02,P014,3,0,Mobile Money,24.0,M,4.0
T05959,2025-07-19 17:53,M06,P003,2,0,Mobile Money,53.0,F,3.0
T05960,2025-07-19 17:56,M02,P015,2,0,Espèces,31.0,F,4.0
T05961,2025-07-19 18:00,M02,P027,1,10,Espèces,22.0,M,2.0
T05962,2025-07-19 18:01,M05,P022,1,0,Mobile Money,32.0,M,5.0
T05963,2025-07-19 18:05,M06,P019,1,0,Mobile Money,28.0,F,4.0
T05964,2025-07-19 18:06,M01,P009,3,0,Mobile Money,34.0,M,3.0
T05965,2025-07-19 18:22,M04,P015,3,0,Espèces,43.0,F,3.0
T05966,2025-07-19 18:27,M06,P014,6,0,Espèces,35.0,F,4.0
T05967,2025-07-19 18:38,M02,P015,4,10,Mobile Money,41.0,M,3.0
T05968,2025-07-19 18:39,M02,P026,1,0,Espèces,35.0,F,2.0
T05969,2025-07-19 18:59,M01,P001,3,0,Espèces,37.0,F,3.0
T05970,2025-07-19 19:18,M03,P003,5,0,Mobile Money,35.0,F,3.0
T05970,2025-07-19 19:18,M03,P003,5,0,Mobile Money,35.0,F,3.0
T05971,2025-07-19 19:50,M03,P010,2,0,Mobile Money,42.0,F,4.0
T05972,2025-07-19 19:52,M04,P008,3,0,Espèces,29.0,M,4.0
T05973,2025-07-19 20:54,M03,P016,3,0,Espèces,32.0,F,3.0
T05974,2025-07-20 10:22,M03,P022,1,0,Espèces,25.0,F,3.0
T05975,2025-07-20 10:32,M01,P006,3,5,Espèces,47.0,F,4.0
T05976,2025-07-20 11:10,M01,P009,3,5,Carte,39.0,F,4.0
T05977,2025-07-20 11:31,M03,P002,3,0,Mobile Money,48.0,F,4.0
T05978,2025-07-20 11:42,M05,P004,4,0,Espèces,44.0,M,5.0
T05980,2025-07-20 11:57,M03,P002,2,0,Mobile Money,23.0,M,5.0
T05979,2025-07-20 11:57,M01,P012,2,0,Espèces,50.0,M,5.0
T05981,2025-07-20 12:07,M06,P011,4,0,Espèces,34.0,F,3.0
T05982,2025-07-20 12:13,M02,P009,3,0,Espèces,32.0,M,3.0
T05983,2025-07-20 12:25,M02,P008,1,5,Carte,38.0,F,3.0
T05984,2025-07-20 12:41,M06,P008,2,0,Espèces,42.0,M,5.0
T05985,2025-07-20 13:03,M05,P015,3,10,Mobile Money,26.0,M,3.0
T05986,2025-07-20 13:04,M02,P018,2,0,Espèces,50.0,M,4.0
T05987,2025-07-20 13:11,M01,P016,2,0,Carte,42.0,F,4.0
T05988,2025-07-20 14:33,M05,P010,2,0,Espèces,35.0,M,4.0
T05989,2025-07-20 15:19,M01,P016,2,0,Espèces,28.0,M,5.0
T05990,2025-07-20 15:43,M02,P004,2,0,Mobile Money,59.0,F,4.0
T05991,2025-07-20 16:11,M03,P016,3,5,Espèces,41.0,M,3.0
T05992,2025-07-20 16:27,M01,P001,2,0,Carte,35.0,M,4.0
T05993,2025-07-20 16:37,M05,P009,1,0,Espèces,30.0,F,4.0
T05994,2025-07-20 16:41,M03,P001,1,0,Mobile Money,29.0,M,2.0
T05995,2025-07-20 16:48,M01,P007,1,0,Mobile Money,20.0,F,3.0
T05996,2025-07-20 17:08,M01,P007,4,0,Mobile Money,41.0,M,4.0
T05997,2025-07-20 17:14,M03,P027,1,5,Mobile Money,47.0,F,4.0
T05998,2025-07-20 17:19,M02,P002,3,0,Espèces,47.0,F,4.0
T05999,2025-07-20 17:22,M01,P009,2,0,Espèces,24.0,M,4.0
T06000,2025-07-20 17:40,M02,P016,4,15,Espèces,43.0,M,4.0
T06001,2025-07-20 17:43,M06,P023,1,0,Mobile Money,37.0,F,3.0
T06002,2025-07-20 17:51,M05,P001,2,0,Carte,33.0,M,3.0
T06003,2025-07-20 17:52,M01,P010,1,0,Mobile Money,52.0,M,2.0
T06004,2025-07-20 18:09,M05,P019,1,0,Mobile Money,26.0,F,4.0
T06004,2025-07-20 18:09,M05,P019,1,0,Mobile Money,26.0,F,4.0
T06005,2025-07-20 18:21,M01,P013,2,10,Espèces,16.0,F,2.0
T06006,2025-07-20 18:24,M05,P018,1,0,Mobile Money,45.0,F,5.0
T06007,2025-07-20 18:29,M05,P008,4,0,Mobile Money,40.0,F,5.0
T06008,2025-07-20 18:34,M01,P002,2,0,Mobile Money,34.0,F,3.0
T06009,2025-07-20 18:35,M05,P008,3,0,Mobile Money,35.0,M,4.0
T06010,2025-07-20 19:26,M02,P006,1,0,Espèces,27.0,F,4.0
T06011,2025-07-20 19:26,M02,P010,6,0,Carte,49.0,F,3.0
T06012,2025-07-20 19:31,M02,P004,3,10,Espèces,35.0,F,3.0
T06013,2025-07-20 19:34,M04,P004,2,0,Espèces,34.0,F,3.0
T06014,2025-07-20 19:54,M01,P015,2,0,Mobile Money,22.0,F,4.0
T06015,2025-07-20 21:35,M01,P012,2,0,Espèces,44.0,F,4.0
T06016,2025-07-21 11:24,M05,P006,2,5,Espèces,32.0,F,4.0
T06017,2025-07-21 11:34,M01,P002,3,0,Mobile Money,33.0,M,2.0
T06018,2025-07-21 11:45,M02,P018,4,0,Mobile Money,38.0,F,3.0
T06019,2025-07-21 12:16,M03,P003,3,0,Mobile Money,16.0,F,2.0
T06020,2025-07-21 12:48,M03,P009,2,5,Espèces,23.0,F,5.0
T06021,2025-07-21 13:01,M02,P022,1,0,Carte,21.0,F,3.0
T06022,2025-07-21 13:34,M02,P002,3,0,Espèces,34.0,F,3.0
T06023,2025-07-21 13:36,M05,P002,1,0,Mobile Money,44.0,M,4.0
T06024,2025-07-21 13:42,M02,P006,2,5,Mobile Money,33.0,M,4.0
T06025,2025-07-21 13:46,M04,P001,2,0,Mobile Money,37.0,F,4.0
T06026,2025-07-21 13:55,M02,P020,1,0,Carte,26.0,M,3.0
T06027,2025-07-21 15:01,M01,P006,2,0,Espèces,25.0,F,4.0
T06028,2025-07-21 16:07,M04,P010,2,0,Espèces,36.0,F,1.0
T06029,2025-07-21 16:17,M01,P012,2,0,Espèces,59.0,M,3.0
T06030,2025-07-21 16:20,M01,P018,1,0,Carte,28.0,F,4.0
T06031,2025-07-21 16:41,M03,P013,2,0,Espèces,27.0,F,4.0
T06032,2025-07-21 17:26,M02,P025,1,5,Espèces,36.0,M,3.0
T06033,2025-07-21 17:28,M01,P008,1,0,Mobile Money,25.0,F,4.0
T06034,2025-07-21 17:58,M05,P016,3,10,Espèces,35.0,M,3.0
T06035,2025-07-21 18:18,M03,P014,2,0,Mobile Money,22.0,M,3.0
T06036,2025-07-21 18:23,M03,P001,3,0,Espèces,46.0,F,4.0
T06037,2025-07-21 18:27,M04,P007,1,0,Espèces,28.0,F,4.0
T06038,2025-07-21 18:39,M03,P006,2,0,Mobile Money,32.0,M,3.0
T06039,2025-07-21 18:41,M03,P008,1,0,Espèces,28.0,F,3.0
T06040,2025-07-21 18:50,M05,P008,2,0,Mobile Money,33.0,M,3.0
T06041,2025-07-21 19:04,M02,P008,2,0,Espèces,25.0,M,3.0
T06042,2025-07-21 19:17,M01,P009,3,0,Carte,25.0,F,3.0
T06043,2025-07-21 19:23,M06,P005,4,0,Espèces,22.0,F,3.0
T06044,2025-07-21 20:55,M01,P019,1,0,Espèces,19.0,F,5.0
T06045,2025-07-21 21:27,M01,P003,5,0,Espèces,43.0,F,3.0
T06046,2025-07-22 09:19,M06,P006,3,0,Mobile Money,41.0,M,4.0
T06047,2025-07-22 10:21,M01,P006,3,10,Carte,28.0,F,4.0
T06048,2025-07-22 12:15,M01,P017,1,0,Mobile Money,40.0,M,4.0
T06049,2025-07-22 12:50,M03,P008,1,0,Carte,27.0,F,3.0
T06050,2025-07-22 13:46,M02,P016,8,10,Espèces,37.0,M,4.0
T06051,2025-07-22 14:53,M03,P001,3,0,Mobile Money,25.0,F,3.0
T06052,2025-07-22 16:14,M05,P010,2,0,Mobile Money,23.0,M,4.0
T06053,2025-07-22 16:25,M04,P015,5,10,Espèces,46.0,F,4.0
T06054,2025-07-22 16:31,M03,P011,2,10,Mobile Money,16.0,M,3.0
T06055,2025-07-22 16:39,M03,P004,4,0,Mobile Money,33.0,F,4.0
T06056,2025-07-22 17:23,M01,P012,3,0,Espèces,25.0,F,5.0
T06057,2025-07-22 17:45,M04,P003,2,0,Carte,24.0,F,2.0
T06058,2025-07-22 17:54,M03,P022,1,0,Espèces,17.0,M,4.0
T06059,2025-07-22 18:02,M04,P024,1,0,Espèces,43.0,M,2.0
T06060,2025-07-22 18:28,M02,P004,3,0,Espèces,48.0,F,3.0
T06061,2025-07-22 18:53,M04,P022,1,0,Espèces,25.0,M,2.0
T06062,2025-07-22 18:59,M03,P009,1,0,Mobile Money,21.0,F,3.0
T06063,2025-07-22 19:29,M05,P009,2,0,Espèces,37.0,F,2.0
T06064,2025-07-23 09:42,M01,P014,3,0,Espèces,40.0,M,5.0
T06065,2025-07-23 10:32,M01,P007,3,0,Carte,26.0,F,4.0
T06066,2025-07-23 10:48,M05,P008,4,0,Espèces,21.0,F,4.0
T06067,2025-07-23 11:48,M02,P005,1,0,Espèces,29.0,F,4.0
T06068,2025-07-23 11:51,M01,P004,2,5,Carte,43.0,M,3.0
T06069,2025-07-23 12:01,M01,P005,1,5,Mobile Money,35.0,F,2.0
T06070,2025-07-23 12:18,M05,P015,2,0,Mobile Money,,M,3.0
T06071,2025-07-23 13:44,M02,P012,1,0,Espèces,33.0,M,4.0
T06072,2025-07-23 14:39,M01,P009,4,0,Espèces,32.0,F,4.0
T06073,2025-07-23 16:19,M04,P009,2,0,Mobile Money,50.0,F,2.0
T06074,2025-07-23 16:24,M06,P027,1,0,Mobile Money,32.0,M,4.0
T06076,2025-07-23 17:24,M05,P025,1,0,Espèces,25.0,M,3.0
T06075,2025-07-23 17:24,M02,P005,1,0,Mobile Money,28.0,M,2.0
T06077,2025-07-23 17:36,M05,P013,2,0,Espèces,24.0,F,4.0
T06078,2025-07-23 18:14,M01,P003,4,0,Espèces,25.0,F,4.0
T06079,2025-07-23 18:19,M01,P017,2,0,Mobile Money,31.0,M,3.0
T06080,2025-07-23 18:26,M03,P002,2,0,Mobile Money,54.0,F,4.0
T06081,2025-07-23 18:27,M03,P003,1,0,Espèces,30.0,F,3.0
T06082,2025-07-23 18:41,M06,P010,1,15,Mobile Money,28.0,F,3.0
T06083,2025-07-23 18:57,M02,P009,2,15,Espèces,42.0,F,3.0
T06084,2025-07-23 19:02,M02,P022,1,0,Carte,33.0,F,5.0
T06085,2025-07-23 19:09,M02,P018,1,0,Espèces,24.0,F,3.0
T06086,2025-07-23 19:36,M04,P003,5,0,Espèces,27.0,M,2.0
T06087,2025-07-23 20:45,M04,P005,1,0,Espèces,29.0,F,3.0
T06088,2025-07-23 21:52,M05,P010,7,10,Espèces,33.0,F,2.0
T06089,2025-07-23 21:53,M04,P001,7,0,Espèces,34.0,M,2.0
T06090,2025-07-24 10:24,M01,P014,2,0,Carte,41.0,F,3.0
T06091,2025-07-24 11:07,M02,P020,1,0,Espèces,23.0,M,4.0
T06092,2025-07-24 11:13,M03,P023,2,10,Mobile Money,25.0,F,4.0
T06093,2025-07-24 11:43,M03,P008,3,0,Espèces,17.0,F,4.0
T06094,2025-07-24 12:00,M03,P009,1,5,Espèces,18.0,F,4.0
T06095,2025-07-24 12:28,M02,P017,1,0,Mobile Money,21.0,F,3.0
T06096,2025-07-24 12:47,M01,P002,3,0,Espèces,30.0,F,4.0
T06097,2025-07-24 13:07,M01,P010,3,0,Carte,56.0,F,3.0
T06098,2025-07-24 13:42,M01,P006,3,0,Mobile Money,31.0,M,4.0
T06099,2025-07-24 14:20,M01,P021,1,0,Carte,22.0,M,4.0
T06100,2025-07-24 14:57,M05,P027,1,0,Mobile Money,32.0,M,4.0
T06101,2025-07-24 15:00,M01,P001,5,0,Espèces,38.0,F,3.0
T06102,2025-07-24 15:01,M04,P016,3,5,Mobile Money,36.0,M,3.0
T06103,2025-07-24 15:51,M02,P025,1,0,Espèces,39.0,F,4.0
T06104,2025-07-24 15:53,M03,P005,2,0,Mobile Money,45.0,F,4.0
T06105,2025-07-24 16:08,M05,P024,1,0,Espèces,31.0,F,2.0
T06106,2025-07-24 16:18,M03,P004,3,0,Espèces,30.0,F,3.0
T06107,2025-07-24 16:44,M04,P012,5,10,Espèces,56.0,M,3.0
T06108,2025-07-24 17:52,M01,P002,3,0,Espèces,27.0,F,4.0
T06109,2025-07-24 17:57,M04,P010,4,5,Espèces,45.0,F,2.0
T06110,2025-07-24 18:29,M02,P013,3,15,Espèces,51.0,M,4.0
T06111,2025-07-24 18:32,M01,P001,2,0,Mobile Money,39.0,F,3.0
T06112,2025-07-24 18:35,M02,P022,1,0,Espèces,27.0,F,2.0
T06113,2025-07-24 18:43,M04,P025,1,5,Espèces,24.0,M,2.0
T06114,2025-07-24 18:50,M04,P010,3,0,Mobile Money,32.0,F,5.0
T06115,2025-07-24 19:07,M01,P011,1,0,Mobile Money,31.0,M,2.0
T06116,2025-07-24 19:41,M02,P003,3,0,Mobile Money,33.0,F,2.0
T06117,2025-07-24 19:57,M02,P007,7,15,Mobile Money,38.0,F,4.0
T06118,2025-07-24 20:46,M04,P007,4,10,Espèces,16.0,F,1.0
T06119,2025-07-25 09:58,M02,P011,3,0,Espèces,46.0,F,4.0
T06120,2025-07-25 11:56,M01,P012,2,0,Mobile Money,16.0,F,2.0
T06121,2025-07-25 11:57,M02,P021,1,0,Mobile Money,30.0,M,3.0
T06122,2025-07-25 12:06,M01,P005,5,0,Espèces,35.0,M,5.0
T06123,2025-07-25 12:47,M01,P022,1,15,Espèces,29.0,F,4.0
T06124,2025-07-25 12:54,M02,P011,2,0,Espèces,44.0,M,2.0
T06125,2025-07-25 13:09,M05,P004,3,0,Mobile Money,21.0,F,4.0
T06126,2025-07-25 13:23,M02,P009,5,10,Espèces,28.0,M,5.0
T06127,2025-07-25 13:28,M02,P016,2,0,Mobile Money,37.0,M,3.0
T06128,2025-07-25 13:34,M02,P022,3,15,Espèces,16.0,M,4.0
T06129,2025-07-25 15:24,M02,P010,1,0,Espèces,26.0,F,2.0
T06130,2025-07-25 15:57,M01,P010,3,0,Carte,28.0,F,3.0
T06131,2025-07-25 16:21,M01,P004,1,0,Espèces,48.0,F,2.0
T06132,2025-07-25 16:26,M03,P010,1,0,Espèces,21.0,M,5.0
T06133,2025-07-25 16:31,M04,P010,1,0,Mobile Money,37.0,M,1.0
T06134,2025-07-25 16:57,M06,P017,2,5,Mobile Money,21.0,F,4.0
T06135,2025-07-25 17:15,M05,P005,1,0,Mobile Money,21.0,M,2.0
T06136,2025-07-25 17:15,M03,P015,1,0,Espèces,37.0,M,2.0
T06137,2025-07-25 17:45,M04,P013,4,0,Mobile Money,42.0,M,5.0
T06138,2025-07-25 18:22,M03,P008,2,0,Espèces,22.0,F,4.0
T06139,2025-07-25 18:39,M02,P011,4,0,Carte,24.0,F,2.0
T06140,2025-07-25 18:51,M03,P003,2,0,Espèces,32.0,F,2.0
T06141,2025-07-25 19:00,M04,P024,1,0,Espèces,41.0,M,1.0
T06142,2025-07-25 19:22,M04,P009,3,0,Carte,48.0,F,1.0
T06143,2025-07-25 20:07,M01,P013,2,0,Mobile Money,37.0,F,5.0
T06144,2025-07-25 20:14,M03,P004,2,0,Mobile Money,16.0,M,3.0
T06145,2025-07-25 21:53,M03,P009,3,0,Espèces,22.0,M,3.0
T06146,2025-07-26 10:57,M01,P004,4,5,Espèces,45.0,M,3.0
T06147,2025-07-26 11:04,M01,P019,1,0,Espèces,37.0,M,5.0
T06148,2025-07-26 11:16,M03,P012,2,0,Espèces,29.0,M,4.0
T06149,2025-07-26 11:40,M01,P012,4,0,Espèces,42.0,M,5.0
T06150,2025-07-26 11:54,M01,P013,2,0,Espèces,28.0,M,1.0
T06151,2025-07-26 12:17,M04,P004,5,0,Mobile Money,30.0,F,4.0
T06152,2025-07-26 12:23,M03,P004,3,0,mobile money,45.0,F,3.0
T06153,2025-07-26 12:28,M05,P006,2,0,Espèces,16.0,M,4.0
T06154,2025-07-26 12:54,M01,P013,3,0,especes,38.0,M,4.0
T06155,2025-07-26 13:03,M04,P024,1,5,Mobile Money,30.0,F,4.0
T06156,2025-07-26 13:19,M02,P002,3,0,Mobile Money,43.0,F,3.0
T06157,2025-07-26 13:31,M03,P014,2,0,Espèces,40.0,M,2.0
T06158,2025-07-26 13:34,M05,P002,4,0,Espèces,21.0,M,5.0
T06159,2025-07-26 13:47,M01,P002,1,5,Mobile Money,46.0,F,3.0
T06160,2025-07-26 14:24,M03,P027,1,0,Mobile Money,34.0,F,3.0
T06161,2025-07-26 15:30,M03,P006,1,5,Espèces,32.0,M,5.0
T06162,2025-07-26 15:51,M05,P009,3,15,Mobile Money,26.0,F,5.0
T06163,2025-07-26 15:57,M03,P002,2,10,Mobile Money,36.0,F,3.0
T06164,2025-07-26 16:02,M01,P008,7,0,Espèces,37.0,F,4.0
T06165,2025-07-26 16:28,M03,P017,1,5,Carte,33.0,M,4.0
T06166,2025-07-26 16:29,M05,P001,4,5,Espèces,43.0,F,4.0
T06167,2025-07-26 16:37,M02,P004,-2,10,Espèces,45.0,M,4.0
T06168,2025-07-26 16:43,M03,P002,2,0,Espèces,37.0,M,3.0
T06169,2025-07-26 17:20,M03,P011,4,0,Espèces,34.0,M,5.0
T06170,2025-07-26 17:20,M06,P010,2,0,Espèces,,F,4.0
T06171,2025-07-26 17:32,M02,P014,6,0,Carte,29.0,F,5.0
T06172,2025-07-26 17:36,M04,P002,4,15,Espèces,31.0,F,2.0
T06173,2025-07-26 17:44,M03,P016,6,0,Carte,24.0,F,3.0
T06174,2025-07-26 17:45,M03,P009,2,0,Mobile Money,,M,4.0
T06175,2025-07-26 17:45,M02,P001,2,0,Espèces,41.0,M,5.0
T06176,2025-07-26 17:46,M02,P007,2,0,Carte,47.0,M,3.0
T06177,2025-07-26 17:53,M06,P020,1,0,Espèces,30.0,M,5.0
T06178,2025-07-26 18:04,M02,P017,1,0,Espèces,37.0,M,4.0
T06179,2025-07-26 18:15,M06,P022,1,0,Carte,21.0,F,4.0
T06180,2025-07-26 18:22,M02,P014,2,15,mobile money,31.0,F,3.0
T06181,2025-07-26 18:25,M02,P007,3,0,Espèces,28.0,F,4.0
T06182,2025-07-26 18:26,M03,P020,3,10,Espèces,33.0,F,3.0
T06183,2025-07-26 18:34,M01,P003,5,0,Espèces,35.0,F,3.0
T06184,2025-07-26 18:44,M01,P009,4,0,Espèces,28.0,M,4.0
T06185,2025-07-26 18:45,M01,P012,2,0,Espèces,16.0,M,3.0
T06186,2025-07-26 18:48,M06,P007,2,0,Mobile Money,31.0,F,4.0
T06187,2025-07-26 19:02,M04,P001,1,0,Espèces,42.0,M,2.0
T06188,2025-07-26 19:35,M04,P008,3,0,Espèces,16.0,M,2.0
T06189,2025-07-26 19:47,M03,P004,5,0,Espèces,38.0,M,4.0
T06190,2025-07-26 19:57,M04,P005,3,5,Mobile Money,30.0,M,2.0
T06191,2025-07-26 20:21,M06,P002,1,0,Mobile Money,37.0,M,5.0
T06192,2025-07-26 20:29,M01,P003,2,0,Espèces,31.0,F,5.0
T06193,2025-07-26 20:50,M03,P002,4,0,Espèces,33.0,M,2.0
T06194,2025-07-27 11:37,M03,P003,2,0,Mobile Money,19.0,F,4.0
T06195,2025-07-27 11:39,M06,P017,1,5,Espèces,33.0,M,3.0
T06196,2025-07-27 11:40,M01,P018,3,0,Carte,16.0,M,5.0
T06197,2025-07-27 11:42,M05,P015,2,0,Espèces,38.0,M,3.0
T06198,2025-07-27 11:59,M05,P009,3,0,Espèces,39.0,M,4.0
T06199,2025-07-27 12:24,M02,P014,5,0,Espèces,40.0,M,4.0
T06200,2025-07-27 12:29,M02,P005,2,0,Espèces,24.0,F,2.0
T06201,2025-07-27 12:30,M04,P022,1,0,Carte,33.0,M,1.0
T06202,2025-07-27 12:46,M01,P016,3,0,Espèces,16.0,F,4.0
T06203,2025-07-27 12:50,M01,P018,3,10,Carte,24.0,M,3.0
T06204,2025-07-27 13:23,M06,P009,5,15,Mobile Money,29.0,F,3.0
T06205,2025-07-27 13:41,M03,P007,1,0,Espèces,32.0,F,5.0
T06206,2025-07-27 13:50,M03,P009,2,5,Mobile Money,24.0,F,4.0
T06207,2025-07-27 14:08,M01,P014,2,0,Espèces,40.0,M,5.0
T06208,2025-07-27 14:11,M03,P012,1,0,Espèces,48.0,F,3.0
T06209,2025-07-27 14:45,M05,P007,1,5,Espèces,31.0,M,3.0
T06210,2025-07-27 15:01,M02,P005,4,0,Mobile Money,22.0,F,2.0
T06211,2025-07-27 15:37,M01,P012,1,0,Espèces,27.0,M,5.0
T06212,2025-07-27 16:26,M06,P014,3,10,Espèces,21.0,M,4.0
T06213,2025-07-27 16:31,M01,P022,1,0,Carte,38.0,F,2.0
T06214,2025-07-27 16:55,M02,P007,2,0,Mobile Money,40.0,M,4.0
T06215,2025-07-27 17:00,M03,P001,1,0,Mobile Money,38.0,M,3.0
T06216,2025-07-27 17:04,M05,P017,1,0,Espèces,39.0,F,4.0
T06217,2025-07-27 17:05,M02,P007,1,0,Carte,45.0,F,4.0
T06218,2025-07-27 17:20,M06,P018,2,0,Mobile Money,37.0,F,4.0
T06219,2025-07-27 17:31,M01,P011,3,0,Espèces,21.0,M,4.0
T06220,2025-07-27 17:33,M06,P007,5,0,Carte,18.0,M,3.0
T06221,2025-07-27 17:39,M04,P012,6,0,Espèces,36.0,M,4.0
T06222,2025-07-27 18:04,M01,P006,5,10,Mobile Money,48.0,M,3.0
T06223,2025-07-27 18:08,M01,P007,4,0,Carte,28.0,F,5.0
T06224,2025-07-27 18:18,M02,P014,2,0,Espèces,31.0,M,4.0
T06225,2025-07-27 18:21,M04,P020,1,0,Carte,29.0,M,3.0
T06226,2025-07-27 18:32,M06,P006,2,0,Espèces,39.0,M,2.0
T06227,2025-07-27 18:51,M02,P007,3,0,Espèces,43.0,F,3.0
T06228,2025-07-27 19:05,M01,P020,1,0,Mobile Money,28.0,F,3.0
T06229,2025-07-27 19:14,M04,P014,2,0,Espèces,,M,2.0
T06230,2025-07-27 19:16,M02,P010,3,0,Mobile Money,27.0,F,3.0
T06231,2025-07-27 20:04,M01,P015,1,5,Mobile Money,30.0,F,3.0
T06232,2025-07-28 10:04,M06,P006,1,0,Espèces,38.0,F,4.0
T06233,2025-07-28 11:56,M02,P016,1,0,Espèces,24.0,F,4.0
T06234,2025-07-28 12:24,M01,P001,4,0,Espèces,32.0,M,2.0
T06235,2025-07-28 12:28,M05,P010,2,0,Mobile Money,42.0,M,3.0
T06236,2025-07-28 12:31,M06,P014,3,0,Mobile Money,28.0,F,3.0
T06237,2025-07-28 12:32,M02,P010,1,0,Espèces,39.0,M,3.0
T06238,2025-07-28 12:34,M01,P016,1,0,Espèces,36.0,F,3.0
T06239,2025-07-28 13:07,M02,P010,6,15,Mobile Money,28.0,M,2.0
T06240,2025-07-28 13:28,M03,P004,1,10,Espèces,41.0,F,3.0
T06241,2025-07-28 14:11,M01,P001,2,0,Carte,39.0,F,4.0
T06242,2025-07-28 15:21,M05,P017,2,0,Mobile Money,41.0,F,4.0
T06243,2025-07-28 15:31,M01,P014,2,0,Espèces,34.0,F,4.0
T06244,2025-07-28 15:56,M05,P003,5,0,Mobile Money,40.0,F,4.0
T06245,2025-07-28 16:41,M06,P015,2,0,Espèces,25.0,F,4.0
T06246,2025-07-28 17:01,M03,P001,5,0,Espèces,35.0,F,3.0
T06247,2025-07-28 17:05,M06,P007,1,0,Mobile Money,40.0,M,4.0
T06248,2025-07-28 17:09,M01,P001,1,0,Espèces,22.0,M,4.0
T06249,2025-07-28 17:17,M03,P007,5,0,Espèces,23.0,M,4.0
T06250,2025-07-28 17:21,M03,P027,1,5,Mobile Money,24.0,F,3.0
T06251,2025-07-28 17:27,M03,P023,1,0,Espèces,27.0,F,4.0
T06252,2025-07-28 17:35,M02,P016,1,0,Espèces,28.0,F,4.0
T06253,2025-07-28 17:54,M06,P007,5,15,Espèces,51.0,M,3.0
T06254,2025-07-28 17:56,M05,P015,7,15,Espèces,17.0,M,5.0
T06255,2025-07-28 17:59,M01,P013,3,0,Mobile Money,31.0,M,4.0
T06256,2025-07-28 18:06,M06,P007,1,0,Espèces,35.0,F,2.0
T06257,2025-07-28 18:21,M04,P011,2,0,Espèces,40.0,M,2.0
T06258,2025-07-28 18:39,M03,P001,3,0,Mobile Money,46.0,M,4.0
T06259,2025-07-28 18:44,M03,P007,3,5,Espèces,36.0,M,3.0
T06260,2025-07-28 18:57,M05,P017,2,0,Mobile Money,26.0,F,2.0
T06261,2025-07-28 19:09,M01,P004,5,0,Carte,43.0,M,5.0
T06262,2025-07-28 19:34,M01,P005,3,0,Espèces,27.0,F,3.0
T06263,2025-07-28 20:24,M01,P027,1,0,Mobile Money,26.0,F,3.0
T06264,2025-07-29 11:41,M01,P017,3,5,Mobile Money,22.0,F,4.0
T06265,2025-07-29 11:46,M01,P005,1,0,Mobile Money,34.0,M,4.0
T06266,2025-07-29 12:23,M06,P016,4,0,Espèces,23.0,F,3.0
T06267,2025-07-29 12:29,M03,P009,5,0,Espèces,34.0,M,3.0
T06268,2025-07-29 12:44,M04,P004,4,10,Mobile Money,33.0,M,2.0
T06269,2025-07-29 13:16,M01,P005,4,0,Espèces,34.0,F,5.0
T06270,2025-07-29 13:41,M03,P011,4,0,Espèces,35.0,F,2.0
T06271,2025-07-29 13:43,M06,P004,3,0,Espèces,36.0,F,3.0
T06272,2025-07-29 16:17,M01,P011,4,0,Espèces,38.0,F,4.0
T06273,2025-07-29 16:25,M02,P014,3,0,Espèces,45.0,F,4.0
T06274,2025-07-29 17:06,M02,P010,6,10,Mobile Money,36.0,F,5.0
T06275,2025-07-29 17:26,M04,P003,5,0,Mobile Money,22.0,F,3.0
T06276,2025-07-29 17:48,M05,P005,6,0,Mobile Money,26.0,F,5.0
T06277,2025-07-29 17:54,M01,P018,8,10,Espèces,29.0,F,5.0
T06278,2025-07-29 18:13,M02,P010,3,0,Mobile Money,31.0,F,2.0
T06279,2025-07-29 18:14,M04,P014,2,0,Mobile Money,34.0,M,2.0
T06280,2025-07-29 18:19,M04,P005,4,0,Espèces,32.0,F,3.0
T06281,2025-07-29 18:21,M01,P004,5,0,Mobile Money,40.0,F,5.0
T06282,2025-07-29 18:46,M02,P010,2,5,Mobile Money,46.0,F,3.0
T06283,2025-07-29 19:05,M01,P007,3,0,Espèces,43.0,F,3.0
T06284,2025-07-29 19:07,M03,P019,1,0,Mobile Money,27.0,F,3.0
T06285,2025-07-29 19:09,M05,P017,2,0,Espèces,29.0,F,3.0
T06286,2025-07-29 20:43,M01,P004,4,0,Mobile Money,26.0,M,5.0
T06287,2025-07-30 10:02,M03,P003,1,5,Espèces,50.0,F,3.0
T06288,2025-07-30 11:12,M01,P022,1,0,Mobile Money,34.0,M,4.0
T06289,2025-07-30 12:07,M06,P010,3,0,Espèces,,M,4.0
T06290,2025-07-30 13:09,M03,P004,5,0,Espèces,52.0,F,3.0
T06291,2025-07-30 13:41,M02,P012,2,0,Mobile Money,54.0,M,5.0
T06292,2025-07-30 13:58,M06,P005,2,0,Espèces,32.0,F,4.0
T06293,2025-07-30 14:03,M04,P016,3,0,Espèces,16.0,F,4.0
T06294,2025-07-30 14:07,M01,P011,1,0,Mobile Money,23.0,M,4.0
T06295,2025-07-30 15:39,M01,P012,3,0,Mobile Money,46.0,F,2.0
T06296,2025-07-30 15:55,M05,P010,2,0,Mobile Money,38.0,F,3.0
T06297,2025-07-30 16:39,M04,P009,5,0,Espèces,32.0,M,1.0
T06298,2025-07-30 16:48,M06,P018,4,5,Mobile Money,28.0,M,5.0
T06299,2025-07-30 16:50,M03,P007,1,0,Mobile Money,34.0,M,3.0
T06300,2025-07-30 16:56,M01,P005,2,0,Espèces,21.0,F,4.0
T06301,2025-07-30 17:02,M02,P015,6,0,Mobile Money,33.0,M,5.0
T06302,2025-07-30 17:07,M01,P012,3,10,Mobile Money,55.0,M,5.0
T06303,2025-07-30 17:21,M01,P001,1,0,Mobile Money,29.0,M,5.0
T06304,2025-07-30 17:27,M05,P004,6,0,Espèces,32.0,F,3.0
T06305,2025-07-30 17:59,M05,P006,2,0,Mobile Money,36.0,F,3.0
T06306,2025-07-30 18:10,M03,P021,1,0,Mobile Money,28.0,F,4.0
T06307,2025-07-30 18:20,M01,P018,1,0,Mobile Money,31.0,F,5.0
T06308,2025-07-30 19:05,M01,P004,2,0,Espèces,26.0,M,3.0
T06309,2025-07-30 19:06,M01,P015,1,0,Mobile Money,32.0,M,4.0
T06310,2025-07-30 19:13,M05,P007,3,0,Mobile Money,,F,3.0
T06311,2025-07-30 19:15,M02,P004,1,0,Espèces,52.0,M,3.0
T06312,2025-07-30 19:28,M01,P004,4,0,Espèces,42.0,M,4.0
T06313,2025-07-30 19:34,M04,P009,2,0,Espèces,38.0,F,3.0
T06314,2025-07-30 21:49,M03,P009,3,10,Espèces,23.0,M,5.0
T06315,2025-07-31 10:33,M01,P008,1,0,Espèces,38.0,M,3.0
T06316,2025-07-31 10:51,M05,P010,3,0,Mobile Money,40.0,M,3.0
T06317,2025-07-31 11:11,M01,P005,2,0,Espèces,38.0,M,4.0
T06318,2025-07-31 12:39,M03,P014,3,0,Espèces,35.0,F,4.0
T06319,2025-07-31 12:42,M03,P003,1,5,Mobile Money,24.0,F,3.0
T06320,2025-07-31 12:45,M05,P007,4,0,Mobile Money,35.0,F,4.0
T06321,2025-07-31 12:47,M03,P017,3,0,Mobile Money,42.0,F,3.0
T06322,2025-07-31 13:21,M04,P019,1,0,Espèces,32.0,F,1.0
T06323,2025-07-31 13:41,M04,P010,6,0,Espèces,23.0,F,4.0
T06324,2025-07-31 16:37,M03,P021,1,0,Mobile Money,26.0,F,4.0
T06325,2025-07-31 16:39,M05,P005,6,5,Mobile Money,34.0,F,2.0
T06326,2025-07-31 16:45,M02,P015,1,0,Mobile Money,40.0,F,3.0
T06327,2025-07-31 16:52,M02,P017,3,5,Espèces,36.0,M,3.0
T06328,2025-07-31 16:56,M01,P005,3,5,Espèces,48.0,M,4.0
T06329,2025-07-31 16:58,M02,P006,3,0,Carte,23.0,F,2.0
T06330,2025-07-31 16:59,M05,P009,4,0,Mobile Money,24.0,M,4.0
T06331,2025-07-31 17:15,M05,P013,4,15,Mobile Money,49.0,M,4.0
T06332,2025-07-31 17:45,M05,P013,1,0,Espèces,23.0,M,4.0
T06333,2025-07-31 18:33,M05,P011,5,10,Espèces,34.0,M,3.0
T06334,2025-07-31 19:08,M04,P003,2,5,Espèces,32.0,F,1.0
T06335,2025-07-31 19:17,M03,P015,1,10,Espèces,42.0,F,2.0
T06336,2025-07-31 20:12,M01,P004,6,5,carte,25.0,M,4.0
T06337,2025-07-31 20:46,M05,P009,2,0,Espèces,32.0,F,4.0
T06338,2025-08-01 10:33,M04,P014,1,0,Mobile Money,36.0,F,3.0
T06339,2025-08-01 10:51,M05,P003,3,0,Espèces,48.0,M,4.0
T06340,2025-08-01 10:52,M05,P002,2,0,Espèces,34.0,M,5.0
T06341,2025-08-01 10:57,M03,P008,3,0,Carte,32.0,M,3.0
T06342,2025-08-01 11:01,M03,P007,3,5,Mobile Money,47.0,F,4.0
T06343,2025-08-01 11:12,M02,P007,5,0,Carte,41.0,F,4.0
T06344,2025-08-01 11:28,M03,P009,5,15,Espèces,50.0,F,3.0
T06345,2025-08-01 11:45,M02,P007,4,0,Espèces,27.0,F,4.0
T06346,2025-08-01 12:00,M03,P002,2,0,Espèces,44.0,M,3.0
T06347,2025-08-01 12:10,M02,P015,4,0,Espèces,38.0,F,4.0
T06348,2025-08-01 12:38,M01,P001,1,0,Carte,44.0,M,5.0
T06349,2025-08-01 12:41,M03,P020,1,0,Mobile Money,34.0,M,5.0
T06350,2025-08-01 12:50,M01,P017,4,0,Mobile Money,34.0,F,4.0
T06351,2025-08-01 12:52,M02,P008,2,0,Espèces,37.0,F,3.0
T06352,2025-08-01 13:11,M04,P016,1,5,Mobile Money,38.0,F,2.0
T06353,2025-08-01 13:13,M02,P018,3,0,Mobile Money,36.0,F,3.0
T06354,2025-08-01 13:28,M06,P004,3,0,Mobile Money,35.0,F,3.0
T06355,2025-08-01 14:05,M01,P013,3,5,Mobile Money,16.0,M,5.0
T06356,2025-08-01 15:02,M02,P005,3,5,Carte,18.0,F,4.0
T06357,2025-08-01 15:04,M03,P026,1,0,Espèces,33.0,F,3.0
T06358,2025-08-01 15:11,M03,P012,1,0,Carte,40.0,M,4.0
T06359,2025-08-01 16:12,M02,P015,1,0,Mobile Money,24.0,F,4.0
T06360,2025-08-01 16:48,M02,P012,3,0,Espèces,26.0,M,4.0
T06361,2025-08-01 17:18,M02,P001,2,5,Mobile Money,37.0,F,5.0
T06362,2025-08-01 17:27,M03,P010,2,0,Espèces,21.0,F,5.0
T06363,2025-08-01 17:30,M06,P011,3,0,Espèces,24.0,F,4.0
T06364,2025-08-01 17:36,M06,P026,3,10,Mobile Money,22.0,F,2.0
T06365,2025-08-01 17:36,M03,P005,2,0,Espèces,40.0,M,4.0
T06366,2025-08-01 17:43,M01,P003,4,10,Espèces,16.0,F,4.0
T06367,2025-08-01 17:43,M04,P014,2,0,Espèces,45.0,F,2.0
T06368,2025-08-01 18:06,M03,P012,6,10,Mobile Money,31.0,F,4.0
T06369,2025-08-01 18:26,M06,P001,3,0,Espèces,28.0,F,4.0
T06370,2025-08-01 18:53,M04,P002,6,0,Mobile Money,23.0,M,1.0
T06371,2025-08-01 18:55,M05,P009,2,0,Espèces,29.0,F,4.0
T06372,2025-08-01 19:02,M03,P008,1,0,Espèces,41.0,F,3.0
T06373,2025-08-01 19:30,M05,P017,3,0,Espèces,36.0,M,3.0
T06374,2025-08-01 20:02,M05,P015,3,5,Mobile Money,34.0,F,4.0
T06375,2025-08-01 20:05,M04,P006,2,0,mobile money,22.0,M,3.0
T06376,2025-08-02 11:04,M05,P004,4,0,Espèces,41.0,F,3.0
T06377,2025-08-02 11:04,M05,P003,2,0,Espèces,41.0,F,5.0
T06378,2025-08-02 11:13,M01,P008,2,0,Espèces,24.0,F,3.0
T06379,2025-08-02 11:39,M02,P003,3,10,Mobile Money,26.0,M,4.0
T06380,2025-08-02 12:17,M05,P021,1,0,Espèces,26.0,F,3.0
T06381,2025-08-02 12:22,M04,P003,4,10,Espèces,39.0,F,3.0
T06382,2025-08-02 12:28,M05,P001,5,0,Espèces,40.0,F,4.0
T06383,2025-08-02 12:28,M01,P024,1,0,Mobile Money,46.0,M,3.0
T06384,2025-08-02 12:28,M01,P013,4,0,espèces,42.0,M,3.0
T06385,2025-08-02 12:31,M03,P007,2,0,Mobile Money,34.0,M,4.0
T06386,2025-08-02 12:32,M03,P003,3,0,Mobile Money,31.0,F,3.0
T06387,2025-08-02 12:43,M02,P015,2,0,Mobile Money,28.0,F,2.0
T06388,2025-08-02 12:46,M02,P008,3,0,Mobile Money,31.0,F,3.0
T06389,2025-08-02 12:50,M01,P011,4,0,Mobile Money,41.0,F,5.0
T06390,2025-08-02 12:57,M03,P016,2,0,Mobile Money,19.0,M,4.0
T06391,2025-08-02 13:26,M01,P006,3,0,Espèces,40.0,F,4.0
T06392,2025-08-02 13:44,M05,P010,2,0,Espèces,16.0,F,4.0
T06393,2025-08-02 13:48,M04,P001,4,0,Espèces,56.0,M,4.0
T06394,2025-08-02 13:58,M04,P025,1,0,Espèces,27.0,F,1.0
T06395,2025-08-02 14:07,M01,P020,1,0,Mobile Money,33.0,F,4.0
T06396,2025-08-02 14:09,M01,P007,5,10,Espèces,30.0,F,4.0
T06397,2025-08-02 14:26,M01,P015,3,0,Mobile Money,16.0,F,4.0
T06398,2025-08-02 14:29,M01,P004,3,0,Espèces,46.0,F,4.0
T06399,2025-08-02 16:15,M06,P002,4,10,Espèces,40.0,F,4.0
T06400,2025-08-02 16:28,M03,P013,4,0,Mobile Money,31.0,M,2.0
T06401,2025-08-02 16:41,M03,P009,2,0,Mobile Money,34.0,F,3.0
T06402,2025-08-02 16:49,M02,P005,4,0,Espèces,40.0,M,4.0
T06403,2025-08-02 17:02,M06,P009,1,0,Mobile Money,37.0,M,4.0
T06404,2025-08-02 17:04,M01,P001,2,5,Carte,32.0,F,5.0
T06405,2025-08-02 17:07,M04,P002,5,0,Espèces,47.0,F,2.0
T06406,2025-08-02 17:14,M03,P015,2,10,Carte,33.0,F,4.0
T06407,2025-08-02 17:18,M02,P010,2,0,Espèces,19.0,F,3.0
T06408,2025-08-02 17:24,M01,P001,5,10,Mobile Money,43.0,M,4.0
T06409,2025-08-02 17:29,M03,P008,2,0,Mobile Money,22.0,M,3.0
T06410,2025-08-02 17:34,M03,P005,3,0,Espèces,31.0,F,3.0
T06411,2025-08-02 17:37,M04,P010,2,0,Mobile Money,43.0,F,4.0
T06412,2025-08-02 17:38,M05,P009,2,5,Mobile Money,39.0,M,4.0
T06413,2025-08-02 17:41,M03,P027,2,10,Espèces,32.0,M,5.0
T06414,2025-08-02 17:49,M06,P005,2,5,Espèces,38.0,F,3.0
T06415,2025-08-02 18:15,M01,P027,1,0,Mobile Money,38.0,M,3.0
T06416,2025-08-02 18:23,M01,P001,2,0,Espèces,16.0,F,2.0
T06417,2025-08-02 18:24,M02,P006,4,0,Mobile Money,34.0,F,3.0
T06418,2025-08-02 18:30,M06,P016,3,0,Mobile Money,22.0,F,4.0
T06419,2025-08-02 18:38,M06,P009,5,15,Mobile Money,46.0,F,3.0
T06420,2025-08-02 18:43,M06,P001,1,0,Mobile Money,42.0,M,4.0
T06421,2025-08-02 19:05,M01,P017,1,0,Mobile Money,32.0,F,3.0
T06422,2025-08-02 19:09,M03,P013,4,0,Mobile Money,34.0,M,3.0
T06423,2025-08-02 19:12,M02,P010,2,5,Espèces,42.0,F,2.0
T06424,2025-08-02 19:13,M03,P014,3,0,Mobile Money,41.0,M,5.0
T06425,2025-08-02 19:37,M01,P025,1,10,Espèces,35.0,F,4.0
T06426,2025-08-02 20:07,M02,P004,2,0,Espèces,43.0,M,5.0
T06427,2025-08-03 10:04,M01,P016,4,0,Mobile Money,43.0,F,3.0
T06428,2025-08-03 10:21,M06,P025,1,0,Mobile Money,34.0,F,3.0
T06429,2025-08-03 10:28,M03,P009,4,0,Mobile Money,25.0,F,4.0
T06430,2025-08-03 11:29,M03,P009,1,0,Espèces,46.0,F,4.0
T06431,2025-08-03 11:36,M04,P016,2,0,Espèces,35.0,F,2.0
T06432,2025-08-03 12:15,M05,P001,2,0,Mobile Money,45.0,F,4.0
T06433,2025-08-03 12:19,M02,P012,2,0,Espèces,,F,1.0
T06434,2025-08-03 12:19,M04,P003,4,0,Espèces,27.0,M,4.0
T06435,2025-08-03 12:27,M06,P008,3,0,Espèces,41.0,F,4.0
T06436,2025-08-03 13:14,M05,P022,1,0,Espèces,18.0,M,4.0
T06437,2025-08-03 13:40,M05,P012,6,10,Espèces,42.0,F,4.0
T06438,2025-08-03 14:42,M01,P007,3,0,Mobile Money,39.0,F,4.0
T06439,2025-08-03 16:36,M01,P007,3,0,Carte,35.0,M,3.0
T06440,2025-08-03 17:01,M05,P013,2,0,Mobile Money,36.0,F,3.0
T06441,2025-08-03 17:25,M06,P015,3,0,Mobile Money,31.0,F,3.0
T06442,2025-08-03 17:35,M04,P010,2,0,Espèces,26.0,M,2.0
T06443,2025-08-03 17:47,M01,P009,4,0,Carte,17.0,F,4.0
T06444,2025-08-03 17:50,M03,P009,2,0,Espèces,41.0,F,3.0
T06444,2025-08-03 17:50,M03,P009,2,0,Espèces,41.0,F,3.0
T06445,2025-08-03 17:52,M06,P025,3,15,Espèces,33.0,F,3.0
T06446,2025-08-03 17:55,M01,P009,5,15,Mobile Money,34.0,F,3.0
T06447,2025-08-03 18:25,M06,P002,3,0,Espèces,20.0,F,3.0
T06448,2025-08-03 18:37,M03,P007,2,5,Mobile Money,,F,4.0
T06449,2025-08-03 18:47,M04,P008,2,0,Espèces,19.0,F,4.0
T06450,2025-08-03 18:56,M01,P002,3,0,Mobile Money,33.0,M,3.0
T06451,2025-08-03 18:57,M06,P016,3,15,Espèces,39.0,M,2.0
T06452,2025-08-03 19:00,M04,P013,2,0,Espèces,24.0,M,2.0
T06453,2025-08-03 19:02,M02,P009,2,0,Mobile Money,42.0,M,4.0
T06454,2025-08-03 19:05,M06,P003,3,0,Espèces,25.0,F,3.0
T06455,2025-08-03 19:25,M03,P001,5,0,Espèces,43.0,M,5.0
T06456,2025-08-03 19:29,M01,P016,3,0,Espèces,27.0,F,4.0
T06457,2025-08-03 20:19,M05,P011,1,0,Mobile Money,40.0,F,5.0
T06458,2025-08-03 21:53,M06,P006,2,0,Espèces,28.0,M,1.0
T06459,2025-08-04 09:38,M05,P017,2,15,Carte,38.0,M,4.0
T06460,2025-08-04 10:33,M05,P009,5,10,Espèces,31.0,F,4.0
T06461,2025-08-04 10:41,M05,P007,3,5,Espèces,45.0,M,3.0
T06462,2025-08-04 11:26,M02,P004,4,0,Mobile Money,26.0,F,2.0
T06463,2025-08-04 11:58,M03,P007,2,0,Espèces,36.0,M,3.0
T06464,2025-08-04 12:16,M03,P009,1,0,Mobile Money,26.0,F,4.0
T06465,2025-08-04 12:24,M04,P014,3,0,Mobile Money,36.0,F,2.0
T06466,2025-08-04 12:34,M03,P002,2,0,Mobile Money,32.0,M,4.0
T06467,2025-08-04 12:40,M05,P018,2,0,Espèces,19.0,F,4.0
T06468,2025-08-04 12:47,M01,P027,1,0,Espèces,33.0,M,4.0
T06469,2025-08-04 12:59,M03,P007,3,0,Mobile Money,36.0,F,4.0
T06470,2025-08-04 16:35,M03,P024,1,10,Espèces,39.0,M,4.0
T06471,2025-08-04 17:08,M01,P009,3,0,Espèces,20.0,M,4.0
T06472,2025-08-04 17:12,M02,P013,2,5,Mobile Money,29.0,F,5.0
T06473,2025-08-04 17:26,M01,P017,2,0,Mobile Money,34.0,F,4.0
T06474,2025-08-04 17:36,M02,P019,1,0,MoMo,34.0,F,2.0
T06475,2025-08-04 17:37,M04,P002,3,0,Carte,16.0,M,4.0
T06476,2025-08-04 17:53,M05,P012,2,0,Espèces,21.0,M,5.0
T06477,2025-08-04 18:10,M02,P003,3,5,Mobile Money,36.0,M,2.0
T06477,2025-08-04 18:10,M02,P003,3,5,Mobile Money,36.0,M,2.0
T06478,2025-08-04 18:37,M03,P007,4,5,Mobile Money,36.0,M,1.0
T06479,2025-08-04 19:19,M02,P004,2,0,Carte,36.0,F,4.0
T06480,2025-08-04 20:02,M01,P003,3,0,Espèces,16.0,F,4.0
T06481,2025-08-05 09:48,M03,P022,1,0,Espèces,25.0,M,4.0
T06482,2025-08-05 10:41,M01,P002,5,10,Mobile Money,19.0,F,4.0
T06483,2025-08-05 10:50,M06,P009,4,0,Espèces,38.0,F,4.0
T06484,2025-08-05 11:28,M02,P001,5,0,Carte,44.0,F,5.0
T06485,2025-08-05 11:36,M04,P003,3,0,Mobile Money,43.0,M,3.0
T06486,2025-08-05 11:48,M03,P018,4,0,Mobile Money,45.0,F,2.0
T06487,2025-08-05 11:52,M02,P013,3,0,Mobile Money,26.0,M,5.0
T06488,2025-08-05 12:43,M02,P005,3,0,Carte,32.0,F,5.0
T06489,2025-08-05 12:56,M04,P027,1,5,Espèces,25.0,M,2.0
T06490,2025-08-05 12:56,M03,P025,1,0,Espèces,16.0,F,2.0
T06491,2025-08-05 13:03,M04,P002,2,0,Espèces,38.0,M,3.0
T06492,2025-08-05 13:25,M03,P017,2,0,Espèces,49.0,M,2.0
T06493,2025-08-05 13:31,M01,P004,3,0,Carte,31.0,M,5.0
T06494,2025-08-05 14:10,M06,P009,2,0,Espèces,42.0,F,2.0
T06495,2025-08-05 14:21,M01,P004,2,0,Carte,29.0,M,3.0
T06496,2025-08-05 14:27,M01,P023,1,0,Mobile Money,18.0,F,5.0
T06497,2025-08-05 14:29,M01,P023,1,5,Espèces,32.0,M,3.0
T06498,2025-08-05 16:36,M03,P007,4,0,Espèces,30.0,M,3.0
T06499,2025-08-05 16:37,M03,P006,2,0,Espèces,16.0,M,5.0
T06500,2025-08-05 16:53,M05,P014,2,0,Mobile Money,30.0,M,5.0
T06501,2025-08-05 17:20,M04,P015,2,0,Mobile Money,21.0,M,5.0
T06502,2025-08-05 17:23,M01,P005,4,0,Espèces,33.0,F,3.0
T06503,2025-08-05 17:24,M04,P018,3,0,Espèces,40.0,M,4.0
T06504,2025-08-05 17:28,M01,P008,4,0,Espèces,49.0,F,4.0
T06506,2025-08-05 17:49,M04,P007,2,5,Mobile Money,39.0,F,3.0
T06505,2025-08-05 17:49,M01,P016,2,5,Espèces,23.0,F,5.0
T06507,2025-08-05 18:00,M03,P009,3,0,Mobile Money,20.0,F,4.0
T06508,2025-08-05 18:26,M03,P001,2,0,Espèces,25.0,F,4.0
T06509,2025-08-05 18:46,M03,P003,1,0,Espèces,28.0,M,4.0
T06510,2025-08-05 18:52,M01,P004,1,5,Mobile Money,39.0,M,4.0
T06511,2025-08-05 18:54,M04,P009,3,5,Espèces,32.0,F,1.0
T06512,2025-08-05 18:55,M02,P010,7,10,Mobile Money,34.0,M,3.0
T06513,2025-08-05 18:57,M02,P011,3,0,Mobile Money,24.0,M,4.0
T06514,2025-08-05 19:04,M05,P011,2,0,Mobile Money,31.0,F,2.0
T06515,2025-08-05 19:08,M04,P005,3,0,Mobile Money,34.0,M,3.0
T06516,2025-08-05 19:26,M02,P022,1,0,Mobile Money,22.0,M,4.0
T06517,2025-08-05 20:11,M01,P018,2,0,Espèces,16.0,F,5.0
T06518,2025-08-05 20:13,M03,P015,4,0,Mobile Money,45.0,F,3.0
T06519,2025-08-05 20:31,M01,P002,2,0,Carte,31.0,M,4.0
T06520,2025-08-05 21:00,M02,P003,4,0,Espèces,16.0,M,2.0
T06521,2025-08-06 11:52,M01,P010,4,0,Espèces,38.0,F,3.0
T06522,2025-08-06 11:54,M03,P002,4,0,Espèces,34.0,M,4.0
T06523,2025-08-06 12:14,M06,P007,2,0,Espèces,45.0,M,4.0
T06524,2025-08-06 12:27,M05,P022,1,0,Mobile Money,23.0,M,3.0
T06525,2025-08-06 12:38,M01,P001,2,10,Carte,36.0,F,4.0
T06526,2025-08-06 12:44,M02,P012,3,0,Espèces,23.0,F,4.0
T06527,2025-08-06 13:37,M01,P001,4,0,Mobile Money,,F,3.0
T06528,2025-08-06 13:40,M04,P001,4,0,Mobile Money,,M,3.0
T06529,2025-08-06 13:48,M01,P027,1,0,Espèces,26.0,M,5.0
T06530,2025-08-06 14:03,M04,P004,2,0,Mobile Money,37.0,F,4.0
T06531,2025-08-06 14:08,M01,P010,3,0,Mobile Money,20.0,F,4.0
T06532,2025-08-06 14:10,M01,P026,1,0,Carte,54.0,F,3.0
T06533,2025-08-06 14:15,M03,P015,1,0,Espèces,30.0,F,5.0
T06534,2025-08-06 14:21,M01,P017,3,0,Mobile Money,32.0,M,4.0
T06535,2025-08-06 14:32,M04,P006,3,0,Mobile Money,42.0,M,2.0
T06536,2025-08-06 15:10,M03,P012,4,15,Espèces,20.0,F,3.0
T06537,2025-08-06 16:13,M01,P003,2,0,Carte,28.0,F,5.0
T06538,2025-08-06 16:22,M01,P007,2,0,Espèces,30.0,F,5.0
T06539,2025-08-06 16:28,M01,P020,1,0,Espèces,27.0,M,3.0
T06540,2025-08-06 16:31,M03,P012,4,0,espèces,42.0,F,4.0
T06541,2025-08-06 17:10,M01,P003,3,0,Mobile Money,44.0,M,5.0
T06542,2025-08-06 17:13,M03,P007,2,0,Espèces,40.0,F,3.0
T06543,2025-08-06 17:33,M06,P010,2,0,Espèces,17.0,M,3.0
T06544,2025-08-06 17:34,M03,P010,2,0,Mobile Money,41.0,F,2.0
T06545,2025-08-06 17:48,M02,P024,1,0,Mobile Money,33.0,F,3.0
T06546,2025-08-06 17:48,M01,P007,3,5,Mobile Money,44.0,M,5.0
T06547,2025-08-06 17:57,M01,P010,3,0,Mobile Money,36.0,M,4.0
T06548,2025-08-06 18:03,M01,P001,3,0,Espèces,27.0,M,2.0
T06549,2025-08-06 18:10,M01,P010,2,0,Mobile Money,36.0,F,4.0
T06550,2025-08-06 18:13,M01,P005,1,0,Carte,26.0,F,5.0
T06551,2025-08-06 18:46,M06,P009,3,5,Espèces,38.0,M,4.0
T06552,2025-08-06 19:00,M04,P018,1,0,Mobile Money,23.0,M,2.0
T06553,2025-08-06 19:05,M01,P014,2,0,Mobile Money,23.0,F,4.0
T06554,2025-08-06 19:33,M01,P017,2,0,Espèces,38.0,M,4.0
T06555,2025-08-06 20:20,M01,P001,1,0,Carte,,M,3.0
T06556,2025-08-06 20:45,M04,P012,1,0,Espèces,58.0,F,3.0
T06557,2025-08-06 21:11,M05,P002,2,0,Espèces,29.0,F,2.0
T06558,2025-08-06 21:53,M01,P012,3,0,Espèces,48.0,F,2.0
T06559,2025-08-07 10:08,M01,P003,3,0,Espèces,46.0,F,5.0
T06560,2025-08-07 10:10,M05,P004,4,0,Espèces,37.0,F,4.0
T06561,2025-08-07 10:29,M01,P001,3,15,Espèces,39.0,M,4.0
T06562,2025-08-07 11:13,M03,P002,3,0,Mobile Money,38.0,M,4.0
T06563,2025-08-07 12:06,M02,P005,2,0,Espèces,27.0,M,4.0
T06564,2025-08-07 12:26,M06,P002,5,0,Espèces,30.0,F,3.0
T06565,2025-08-07 12:31,M02,P022,2,10,Espèces,21.0,M,4.0
T06566,2025-08-07 12:52,M01,P009,1,0,Mobile Money,50.0,F,2.0
T06567,2025-08-07 13:01,M06,P005,3,0,Mobile Money,33.0,M,4.0
T06568,2025-08-07 13:08,M03,P023,1,0,Carte,21.0,M,3.0
T06569,2025-08-07 13:17,M06,P001,3,0,Espèces,31.0,M,4.0
T06570,2025-08-07 13:20,M05,P026,2,10,Espèces,38.0,F,2.0
T06571,2025-08-07 13:30,M02,P007,2,0,Espèces,25.0,M,5.0
T06572,2025-08-07 13:54,M03,P009,1,0,Mobile Money,39.0,F,3.0
T06573,2025-08-07 13:58,M01,P023,1,0,Mobile Money,39.0,F,2.0
T06574,2025-08-07 15:31,M05,P016,2,0,Espèces,33.0,F,3.0
T06575,2025-08-07 16:32,M04,P007,3,0,Mobile Money,29.0,F,3.0
T06576,2025-08-07 16:34,M03,P001,3,0,Espèces,24.0,M,4.0
T06577,2025-08-07 17:00,M01,P010,3,0,Mobile Money,,F,5.0
T06578,2025-08-07 17:27,M04,P001,4,0,Mobile Money,34.0,F,3.0
T06579,2025-08-07 17:55,M04,P019,1,0,Mobile Money,21.0,F,3.0
T06580,2025-08-07 18:12,M01,P004,3,0,Espèces,46.0,F,2.0
T06581,2025-08-07 18:23,M05,P018,3,0,Espèces,30.0,F,2.0
T06582,2025-08-07 18:46,M04,P017,5,0,Mobile Money,45.0,M,2.0
T06583,2025-08-07 18:47,M03,P002,4,0,Espèces,49.0,F,3.0
T06584,2025-08-07 19:04,M04,P002,5,0,Espèces,45.0,F,4.0
T06585,2025-08-07 19:07,M02,P013,2,5,Espèces,38.0,F,3.0
T06586,2025-08-07 19:13,M04,P010,4,0,Mobile Money,41.0,M,2.0
T06587,2025-08-07 19:17,M05,P001,2,5,Mobile Money,36.0,M,4.0
T06588,2025-08-07 19:22,M02,P019,1,0,Mobile Money,29.0,M,2.0
T06589,2025-08-07 19:36,M05,P003,2,0,Espèces,31.0,M,2.0
T06590,2025-08-07 19:48,M02,P027,1,5,Espèces,36.0,F,4.0
T06591,2025-08-07 20:04,M03,P012,4,0,Espèces,24.0,F,3.0
T06592,2025-08-07 20:27,M05,P002,2,0,Mobile Money,47.0,F,3.0
T06593,2025-08-07 21:09,M01,P024,1,0,Carte,24.0,F,5.0
T06594,2025-08-08 11:01,M06,P012,3,0,Espèces,34.0,F,3.0
T06595,2025-08-08 11:18,M03,P005,1,0,Espèces,44.0,M,4.0
T06596,2025-08-08 11:29,M02,P010,1,0,Mobile Money,39.0,F,3.0
T06597,2025-08-08 11:43,M03,P009,3,0,Mobile Money,40.0,F,3.0
T06598,2025-08-08 11:53,M02,P001,4,0,Mobile Money,30.0,F,4.0
T06599,2025-08-08 11:58,M05,P012,4,0,Espèces,21.0,M,2.0
T06600,2025-08-08 12:19,M06,P012,2,5,Espèces,40.0,M,4.0
T06601,2025-08-08 12:25,M03,P025,1,0,Espèces,32.0,M,4.0
T06602,2025-08-08 12:50,M01,P001,1,0,Espèces,41.0,M,3.0
T06603,2025-08-08 13:07,M02,P022,1,0,Mobile Money,32.0,M,3.0
T06605,2025-08-08 13:25,M01,P016,4,10,Mobile Money,40.0,M,4.0
T06604,2025-08-08 13:25,M02,P006,5,0,Espèces,29.0,F,4.0
T06606,2025-08-08 15:21,M06,P007,1,0,Carte,19.0,F,2.0
T06607,2025-08-08 15:46,M03,P025,1,0,Espèces,23.0,F,5.0
T06608,2025-08-08 15:48,M01,P004,6,0,Espèces,27.0,M,2.0
T06609,2025-08-08 15:50,M03,P007,3,0,Mobile Money,30.0,M,3.0
T06610,2025-08-08 15:54,M06,P015,4,0,Mobile Money,24.0,M,4.0
T06611,2025-08-08 16:10,M05,P003,3,0,Mobile Money,33.0,F,5.0
T06612,2025-08-08 16:54,M04,P010,1,0,Espèces,32.0,M,3.0
T06613,2025-08-08 16:54,M01,P009,2,0,Mobile Money,38.0,F,3.0
T06614,2025-08-08 16:56,M03,P004,4,0,Espèces,28.0,F,5.0
T06615,2025-08-08 16:57,M02,P013,2,0,espèces,39.0,M,3.0
T06616,2025-08-08 17:02,M06,P002,3,0,Mobile Money,44.0,F,4.0
T06617,2025-08-08 17:28,M01,P020,1,0,Espèces,21.0,F,3.0
T06618,2025-08-08 17:39,M05,P012,3,0,Espèces,46.0,M,2.0
T06619,2025-08-08 17:59,M01,P011,1,0,Mobile Money,28.0,M,3.0
T06620,2025-08-08 18:23,M02,P003,1,10,Espèces,25.0,F,4.0
T06621,2025-08-08 18:34,M05,P004,4,0,Espèces,34.0,F,3.0
T06622,2025-08-08 18:42,M04,P016,3,0,Espèces,16.0,M,2.0
T06623,2025-08-08 18:55,M06,P001,2,0,Carte,28.0,F,3.0
T06624,2025-08-08 19:01,M04,P015,2,5,Espèces,35.0,F,2.0
T06625,2025-08-08 19:35,M06,P015,2,5,Espèces,44.0,F,3.0
T06626,2025-08-08 20:19,M04,P014,3,0,Espèces,20.0,M,2.0
T06627,2025-08-08 20:51,M01,P017,1,0,Espèces,51.0,M,4.0
T06628,2025-08-08 21:53,M03,P018,1,0,Mobile Money,,M,3.0
T06629,2025-08-09 11:23,M03,P013,2,0,Espèces,45.0,F,3.0
T06630,2025-08-09 11:40,M02,P010,2,0,Carte,16.0,M,3.0
T06631,2025-08-09 12:12,M01,P004,3,0,Espèces,36.0,F,3.0
T06632,2025-08-09 12:22,M01,P014,3,0,Espèces,47.0,F,3.0
T06633,2025-08-09 12:22,M06,P004,4,0,Espèces,31.0,M,1.0
T06634,2025-08-09 12:28,M03,P012,1,0,Mobile Money,28.0,F,4.0
T06635,2025-08-09 12:31,M01,P027,1,0,Espèces,40.0,M,5.0
T06636,2025-08-09 12:39,M06,P015,1,0,Espèces,34.0,M,4.0
T06637,2025-08-09 12:56,M04,P020,1,5,Espèces,33.0,F,4.0
T06638,2025-08-09 13:27,M01,P009,1,0,Mobile Money,35.0,M,4.0
T06639,2025-08-09 13:33,M01,P010,3,10,Espèces,32.0,F,3.0
T06640,2025-08-09 15:45,M01,P001,4,10,Mobile Money,22.0,F,4.0
T06641,2025-08-09 15:48,M03,P005,3,0,Espèces,33.0,F,5.0
T06642,2025-08-09 16:06,M05,P008,1,0,Mobile Money,31.0,M,2.0
T06643,2025-08-09 16:09,M06,P007,1,0,Mobile Money,34.0,M,2.0
T06644,2025-08-09 16:12,M01,P001,3,0,Espèces,25.0,F,4.0
T06645,2025-08-09 16:17,M02,P003,1,0,Mobile Money,45.0,M,3.0
T06646,2025-08-09 16:17,M03,P025,1,10,Mobile Money,27.0,F,4.0
T06647,2025-08-09 16:24,M01,P003,2,0,Carte,23.0,F,2.0
T06648,2025-08-09 16:25,M06,P021,1,0,Espèces,37.0,F,2.0
T06649,2025-08-09 16:25,M02,P020,3,15,Mobile Money,23.0,F,2.0
T06650,2025-08-09 16:27,M04,P016,4,10,Espèces,37.0,F,5.0
T06651,2025-08-09 17:03,M04,P004,3,0,Espèces,30.0,M,2.0
T06652,2025-08-09 17:06,M01,P015,2,0,Espèces,37.0,F,4.0
T06653,2025-08-09 17:12,M04,P007,2,0,Espèces,23.0,F,3.0
T06654,2025-08-09 17:33,M05,P017,3,5,Espèces,28.0,F,4.0
T06655,2025-08-09 17:35,M03,P015,1,5,Espèces,19.0,F,2.0
T06656,2025-08-09 17:54,M02,P014,4,0,Mobile Money,31.0,M,4.0
T06657,2025-08-09 18:31,M04,P017,2,5,Mobile Money,26.0,F,3.0
T06658,2025-08-09 18:34,M01,P015,3,0,Mobile Money,34.0,F,3.0
T06659,2025-08-09 18:37,M04,P005,3,0,Espèces,34.0,F,1.0
T06660,2025-08-09 18:44,M03,P012,2,0,Espèces,32.0,M,4.0
T06661,2025-08-09 19:01,M06,P019,1,0,Mobile Money,33.0,F,2.0
T06662,2025-08-09 19:05,M03,P020,1,0,Espèces,32.0,F,3.0
T06663,2025-08-09 19:15,M05,P001,2,5,Mobile Money,29.0,M,4.0
T06664,2025-08-09 19:26,M04,P005,2,0,Espèces,27.0,M,1.0
T06665,2025-08-09 20:24,M05,P008,3,0,Mobile Money,18.0,M,3.0
T06666,2025-08-09 21:05,M05,P002,3,0,Mobile Money,30.0,M,4.0
T06667,2025-08-09 21:53,M04,P016,4,0,Carte,26.0,F,3.0
T06668,2025-08-10 09:25,M05,P005,1,0,Mobile Money,39.0,M,3.0
T06669,2025-08-10 10:18,M05,P014,2,15,Mobile Money,,F,3.0
T06670,2025-08-10 11:20,M02,P001,2,0,Espèces,27.0,M,3.0
T06671,2025-08-10 11:36,M01,P024,1,0,Espèces,26.0,M,5.0
T06672,2025-08-10 11:44,M04,P005,3,0,Espèces,26.0,F,3.0
T06673,2025-08-10 11:46,M03,P010,3,0,Espèces,16.0,F,4.0
T06674,2025-08-10 11:54,M02,P022,1,5,Espèces,27.0,M,2.0
T06675,2025-08-10 12:14,M04,P010,3,0,Carte,40.0,F,3.0
T06676,2025-08-10 12:38,M06,P010,3,0,Espèces,37.0,M,2.0
T06677,2025-08-10 12:41,M01,P016,4,0,Espèces,56.0,F,3.0
T06678,2025-08-10 12:58,M02,P017,1,0,Mobile Money,29.0,F,4.0
T06679,2025-08-10 14:52,M05,P002,3,15,Mobile Money,22.0,F,3.0
T06680,2025-08-10 15:16,M03,P002,5,15,Espèces,31.0,M,4.0
T06681,2025-08-10 15:24,M06,P010,3,5,Espèces,32.0,F,4.0
T06682,2025-08-10 16:04,M06,P009,2,0,Espèces,27.0,M,3.0
T06683,2025-08-10 16:21,M06,P001,2,0,Mobile Money,28.0,M,4.0
T06684,2025-08-10 16:41,M01,P004,6,0,Mobile Money,30.0,F,4.0
T06685,2025-08-10 17:01,M02,P006,3,0,Mobile Money,20.0,F,2.0
T06687,2025-08-10 17:33,M01,P001,2,0,Mobile Money,22.0,M,4.0
T06686,2025-08-10 17:33,M05,P002,3,0,Espèces,29.0,M,4.0
T06688,2025-08-10 17:36,M06,P009,4,0,Espèces,31.0,F,5.0
T06689,2025-08-10 17:53,M05,P017,4,0,Espèces,23.0,M,3.0
T06690,2025-08-10 17:55,M03,P006,2,0,Espèces,52.0,M,4.0
T06691,2025-08-10 18:04,M02,P017,2,0,Espèces,29.0,F,2.0
T06692,2025-08-10 18:08,M01,P005,2,0,Mobile Money,42.0,M,4.0
T06693,2025-08-10 18:18,M01,P007,2,0,Mobile Money,17.0,M,4.0
T06694,2025-08-10 18:22,M01,P003,1,0,espèces,38.0,M,3.0
T06695,2025-08-10 18:41,M03,P008,3,0,Mobile Money,31.0,F,4.0
T06696,2025-08-10 19:08,M01,P005,2,0,Mobile Money,32.0,M,4.0
T06697,2025-08-10 19:15,M05,P004,2,0,Mobile Money,60.0,F,4.0
T06698,2025-08-10 19:16,M01,P001,4,0,Espèces,46.0,F,3.0
T06699,2025-08-10 19:42,M05,P004,3,0,Mobile Money,43.0,F,3.0
T06700,2025-08-10 19:42,M03,P001,1,0,Espèces,39.0,M,5.0
T06701,2025-08-10 19:45,M05,P022,1,15,Mobile Money,31.0,F,5.0
T06702,2025-08-10 19:58,M04,P017,6,0,espèces,22.0,M,4.0
T06703,2025-08-10 20:11,M05,P009,2,0,Espèces,40.0,M,4.0
T06704,2025-08-10 21:25,M05,P010,3,10,Mobile Money,35.0,F,2.0
T06705,2025-08-10 21:30,M03,P005,2,0,Mobile Money,30.0,F,3.0
T06706,2025-08-10 21:36,M05,P020,1,0,Espèces,29.0,M,1.0
T06707,2025-08-10 21:48,M03,P004,1,0,Mobile Money,37.0,F,3.0
T06708,2025-08-11 10:33,M01,P001,3,0,Mobile Money,45.0,F,5.0
T06709,2025-08-11 11:20,M02,P007,2,0,Carte,36.0,M,3.0
T06710,2025-08-11 11:49,M03,P004,2,0,Espèces,16.0,M,5.0
T06711,2025-08-11 12:04,M03,P015,2,0,Mobile Money,47.0,F,4.0
T06712,2025-08-11 12:05,M03,P018,3,0,espèces,16.0,F,2.0
T06713,2025-08-11 12:16,M05,P005,2,0,Mobile Money,19.0,M,3.0
T06714,2025-08-11 12:29,M03,P001,2,0,Espèces,49.0,F,3.0
T06715,2025-08-11 12:51,M01,P025,1,0,Espèces,32.0,F,4.0
T06716,2025-08-11 13:01,M05,P015,3,0,Espèces,44.0,M,5.0
T06717,2025-08-11 13:43,M03,P027,3,10,Espèces,39.0,M,3.0
T06718,2025-08-11 14:35,M01,P009,3,0,Espèces,30.0,F,4.0
T06719,2025-08-11 14:39,M01,P009,4,5,Espèces,40.0,M,5.0
T06720,2025-08-11 14:59,M04,P011,4,0,Espèces,,F,1.0
T06721,2025-08-11 15:12,M02,P010,4,10,Carte,40.0,F,2.0
T06722,2025-08-11 16:50,M02,P014,2,0,Espèces,22.0,F,3.0
T06723,2025-08-11 17:00,M01,P021,1,5,Espèces,22.0,F,4.0
T06724,2025-08-11 17:07,M04,P019,1,0,Mobile Money,31.0,F,1.0
T06725,2025-08-11 17:09,M04,P025,1,0,Espèces,,M,2.0
T06726,2025-08-11 17:29,M01,P004,3,0,Espèces,50.0,M,3.0
T06727,2025-08-11 17:30,M04,P012,2,0,Mobile Money,28.0,F,3.0
T06728,2025-08-11 17:39,M04,P020,1,5,Mobile Money,34.0,F,2.0
T06729,2025-08-11 17:42,M01,P009,2,0,Espèces,32.0,F,4.0
T06730,2025-08-11 18:12,M05,P026,1,0,Espèces,29.0,M,4.0
T06731,2025-08-11 18:14,M03,P009,3,0,Mobile Money,31.0,F,5.0
T06732,2025-08-11 18:20,M05,P020,1,0,Espèces,23.0,M,5.0
T06733,2025-08-11 18:42,M01,P017,1,0,Espèces,31.0,F,4.0
T06734,2025-08-11 18:54,M04,P023,1,0,Mobile Money,28.0,F,2.0
T06735,2025-08-11 19:02,M02,P001,2,0,Mobile Money,44.0,F,5.0
T06736,2025-08-11 19:27,M01,P003,4,10,Espèces,36.0,M,4.0
T06737,2025-08-11 19:28,M04,P019,1,0,Mobile Money,16.0,F,2.0
T06738,2025-08-11 19:30,M05,P010,3,15,Espèces,28.0,F,5.0
T06739,2025-08-11 19:36,M02,P004,3,0,Espèces,18.0,F,4.0
T06740,2025-08-11 20:44,M03,P003,3,0,Espèces,52.0,M,3.0
T06741,2025-08-11 21:20,M02,P011,1,5,Mobile Money,34.0,F,4.0
T06742,2025-08-12 10:49,M03,P009,5,0,Espèces,32.0,M,3.0
T06743,2025-08-12 11:38,M01,P007,3,0,Mobile Money,29.0,F,3.0
T06744,2025-08-12 11:59,M01,P002,4,5,Mobile Money,45.0,F,4.0
T06745,2025-08-12 12:12,M02,P009,3,0,Espèces,33.0,M,4.0
T06746,2025-08-12 12:25,M01,P015,2,5,Carte,49.0,F,3.0
T06747,2025-08-12 12:32,M01,P001,1,0,Mobile Money,33.0,M,4.0
T06748,2025-08-12 12:39,M06,P015,5,0,Espèces,36.0,F,4.0
T06749,2025-08-12 12:40,M05,P015,2,0,Mobile Money,34.0,F,3.0
T06750,2025-08-12 12:50,M02,P001,2,5,Carte,32.0,F,3.0
T06751,2025-08-12 12:55,M05,P004,2,0,Carte,27.0,F,3.0
T06752,2025-08-12 12:56,M02,P010,1,0,Mobile Money,47.0,F,5.0
T06753,2025-08-12 14:13,M01,P004,1,0,Mobile Money,16.0,M,4.0
T06754,2025-08-12 15:18,M02,P008,1,0,Mobile Money,30.0,F,4.0
T06755,2025-08-12 15:33,M04,P001,2,0,Espèces,18.0,M,3.0
T06756,2025-08-12 15:53,M01,P013,2,0,Carte,27.0,M,5.0
T06757,2025-08-12 15:55,M02,P012,7,0,Mobile Money,30.0,F,2.0
T06758,2025-08-12 15:56,M02,P014,1,0,Espèces,48.0,F,4.0
T06759,2025-08-12 16:11,M04,P006,3,0,Mobile Money,36.0,F,3.0
T06760,2025-08-12 16:31,M05,P009,4,0,Espèces,54.0,M,3.0
T06761,2025-08-12 17:09,M06,P007,2,0,Mobile Money,32.0,M,4.0
T06762,2025-08-12 17:21,M05,P011,4,0,Espèces,40.0,M,3.0
T06763,2025-08-12 17:37,M05,P002,2,5,Mobile Money,22.0,M,5.0
T06764,2025-08-12 17:40,M01,P008,5,0,Mobile Money,26.0,F,5.0
T06765,2025-08-12 17:48,M01,P009,4,0,Mobile Money,52.0,F,3.0
T06766,2025-08-12 18:02,M01,P011,1,0,Mobile Money,60.0,M,5.0
T06767,2025-08-12 18:16,M05,P009,3,5,Espèces,52.0,F,4.0
T06768,2025-08-12 18:21,M01,P009,1,5,Espèces,,M,3.0
T06769,2025-08-12 18:52,M01,P003,2,0,Espèces,24.0,M,5.0
T06770,2025-08-12 19:07,M05,P011,2,0,Espèces,33.0,M,2.0
T06771,2025-08-12 19:14,M06,P027,3,10,Mobile Money,43.0,F,5.0
T06772,2025-08-12 19:23,M03,P009,2,0,mobile money,34.0,M,3.0
T06773,2025-08-12 19:42,M04,P024,1,0,Espèces,48.0,M,3.0
T06774,2025-08-12 19:59,M02,P009,4,10,Mobile Money,24.0,F,3.0
T06775,2025-08-12 20:02,M01,P002,3,0,Espèces,36.0,F,4.0
T06776,2025-08-12 21:01,M01,P016,1,0,Mobile Money,27.0,F,4.0
T06777,2025-08-13 11:01,M05,P011,4,0,Espèces,35.0,F,4.0
T06778,2025-08-13 11:03,M01,P006,2,0,Carte,34.0,F,4.0
T06779,2025-08-13 11:35,M03,P013,1,0,Espèces,18.0,F,4.0
T06780,2025-08-13 12:10,M03,P005,4,10,Espèces,28.0,M,4.0
T06781,2025-08-13 12:35,M01,P018,5,0,Espèces,38.0,F,3.0
T06782,2025-08-13 13:02,M01,P001,4,10,Mobile Money,32.0,M,4.0
T06783,2025-08-13 13:04,M03,P015,1,0,Espèces,30.0,F,4.0
T06784,2025-08-13 13:36,M03,P009,3,0,Mobile Money,24.0,F,5.0
T06785,2025-08-13 13:56,M05,P007,4,0,Espèces,37.0,M,3.0
T06786,2025-08-13 14:56,M05,P012,2,0,Mobile Money,40.0,F,3.0
T06787,2025-08-13 15:19,M05,P001,1,0,Espèces,30.0,F,3.0
T06788,2025-08-13 15:43,M06,P019,1,0,Mobile Money,27.0,F,4.0
T06789,2025-08-13 15:53,M05,P022,1,0,Mobile Money,29.0,F,3.0
T06790,2025-08-13 16:09,M01,P015,1,0,Mobile Money,40.0,M,3.0
T06791,2025-08-13 16:12,M05,P010,4,0,Mobile Money,34.0,F,4.0
T06792,2025-08-13 16:27,M01,P006,2,0,Carte,29.0,M,5.0
T06793,2025-08-13 16:31,M02,P009,1,0,Carte,39.0,F,3.0
T06794,2025-08-13 16:36,M02,P009,2,0,Espèces,44.0,F,2.0
T06795,2025-08-13 16:48,M03,P025,1,0,Mobile Money,47.0,F,3.0
T06796,2025-08-13 17:29,M02,P005,4,10,Mobile Money,40.0,F,3.0
T06797,2025-08-13 17:35,M02,P012,4,0,Espèces,49.0,M,4.0
T06798,2025-08-13 17:43,M02,P010,3,0,Espèces,33.0,F,4.0
T06799,2025-08-13 17:54,M02,P025,1,0,mobile money,27.0,F,3.0
T06800,2025-08-13 18:07,M01,P012,1,0,Mobile Money,40.0,M,5.0
T06801,2025-08-13 18:17,M04,P023,1,0,Espèces,27.0,M,2.0
T06802,2025-08-13 18:20,M02,P001,1,0,Mobile Money,24.0,F,4.0
T06803,2025-08-13 18:28,M06,P003,3,0,Carte,25.0,F,3.0
T06804,2025-08-13 18:40,M02,P004,3,0,Mobile Money,34.0,M,2.0
T06805,2025-08-13 18:42,M06,P002,3,0,Espèces,16.0,F,3.0
T06806,2025-08-13 18:58,M01,P014,1,0,Carte,30.0,F,5.0
T06807,2025-08-13 19:02,M03,P005,3,15,Espèces,20.0,F,3.0
T06808,2025-08-13 19:25,M05,P014,2,0,Mobile Money,21.0,F,5.0
T06809,2025-08-13 19:36,M01,P015,1,0,Espèces,25.0,F,3.0
T06810,2025-08-13 19:49,M01,P017,2,0,Mobile Money,42.0,M,5.0
T06811,2025-08-14 10:15,M03,P008,3,0,Espèces,49.0,F,2.0
T06812,2025-08-14 11:46,M02,P007,1,5,Espèces,30.0,F,3.0
T06813,2025-08-14 12:08,M03,P006,2,0,Mobile Money,54.0,F,3.0
T06814,2025-08-14 12:14,M03,P012,2,10,Mobile Money,16.0,M,3.0
T06815,2025-08-14 12:17,M04,P001,2,0,Espèces,38.0,M,3.0
T06816,2025-08-14 12:28,M01,P012,4,0,Espèces,24.0,F,4.0
T06817,2025-08-14 12:32,M01,P017,3,0,Mobile Money,30.0,M,5.0
T06818,2025-08-14 12:35,M01,P018,2,15,Espèces,16.0,F,5.0
T06819,2025-08-14 12:37,M02,P007,3,0,Mobile Money,42.0,M,2.0
T06820,2025-08-14 13:00,M01,P017,4,0,Mobile Money,38.0,M,4.0
T06821,2025-08-14 13:28,M06,P003,2,0,Mobile Money,16.0,F,4.0
T06822,2025-08-14 14:11,M03,P004,3,0,Mobile Money,32.0,F,3.0
T06823,2025-08-14 16:00,M04,P016,2,0,Espèces,35.0,F,3.0
T06824,2025-08-14 16:11,M05,P001,1,0,Mobile Money,39.0,F,3.0
T06825,2025-08-14 16:52,M03,P014,4,10,Mobile Money,16.0,M,4.0
T06826,2025-08-14 16:55,M03,P010,3,5,Mobile Money,38.0,F,5.0
T06827,2025-08-14 17:02,M02,P004,4,10,Mobile Money,26.0,M,3.0
T06828,2025-08-14 17:25,M05,P009,2,0,Mobile Money,34.0,M,3.0
T06829,2025-08-14 17:27,M02,P007,5,10,Mobile Money,28.0,M,3.0
T06830,2025-08-14 17:31,M03,P019,1,0,Espèces,23.0,M,5.0
T06831,2025-08-14 18:01,M04,P014,2,0,Espèces,42.0,F,3.0
T06832,2025-08-14 18:34,M05,P004,1,0,Espèces,38.0,F,4.0
T06833,2025-08-14 18:39,M03,P027,1,0,Espèces,35.0,M,4.0
T06834,2025-08-14 18:48,M06,P003,1,0,Mobile Money,38.0,M,2.0
T06835,2025-08-14 18:50,M01,P009,1,0,Espèces,27.0,M,4.0
T06836,2025-08-14 19:01,M05,P010,1,0,Espèces,43.0,F,3.0
T06837,2025-08-14 19:17,M03,P024,1,0,Espèces,28.0,M,5.0
T06838,2025-08-14 19:46,M05,P003,4,0,Espèces,35.0,M,3.0
T06839,2025-08-14 19:52,M04,P014,2,0,Espèces,30.0,F,3.0
T06840,2025-08-14 20:02,M02,P006,2,0,Carte,33.0,F,4.0
T06841,2025-08-15 11:01,M05,P007,2,5,Mobile Money,52.0,F,5.0
T06842,2025-08-15 11:28,M03,P015,3,0,Mobile Money,37.0,M,4.0
T06843,2025-08-15 12:12,M05,P007,3,0,Espèces,38.0,F,2.0
T06844,2025-08-15 12:16,M02,P013,1,0,Espèces,42.0,M,4.0
T06845,2025-08-15 12:17,M02,P013,3,15,Mobile Money,17.0,M,3.0
T06846,2025-08-15 12:50,M06,P004,2,0,Mobile Money,33.0,F,3.0
T06847,2025-08-15 13:02,M05,P014,2,0,Espèces,33.0,F,4.0
T06848,2025-08-15 13:07,M01,P014,3,0,Carte,38.0,F,4.0
T06849,2025-08-15 13:42,M01,P003,2,0,Espèces,30.0,M,4.0
T06850,2025-08-15 15:00,M04,P016,1,0,Mobile Money,33.0,F,1.0
T06851,2025-08-15 15:54,M03,P011,5,0,Espèces,40.0,M,5.0
T06852,2025-08-15 15:56,M03,P003,2,0,especes,55.0,M,2.0
T06853,2025-08-15 16:13,M04,P017,3,0,Espèces,32.0,M,3.0
T06854,2025-08-15 16:26,M06,P005,4,0,Carte,30.0,F,3.0
T06855,2025-08-15 17:01,M06,P016,3,0,Carte,40.0,M,4.0
T06856,2025-08-15 17:13,M03,P010,1,0,Mobile Money,51.0,F,4.0
T06857,2025-08-15 17:15,M05,P002,1,10,Espèces,63.0,M,4.0
T06858,2025-08-15 17:18,M01,P001,6,10,Espèces,47.0,M,3.0
T06859,2025-08-15 17:35,M03,P024,1,0,Mobile Money,57.0,F,4.0
T06860,2025-08-15 17:36,M04,P004,3,0,Mobile Money,41.0,M,2.0
T06861,2025-08-15 17:50,M01,P027,1,0,Espèces,,M,5.0
T06862,2025-08-15 17:50,M01,P003,4,10,Carte,41.0,F,3.0
T06863,2025-08-15 18:05,M03,P007,2,0,Espèces,22.0,M,3.0
T06864,2025-08-15 18:41,M01,P003,2,0,Espèces,23.0,M,3.0
T06865,2025-08-15 18:41,M03,P011,2,0,Espèces,16.0,F,2.0
T06866,2025-08-15 18:51,M01,P002,4,0,Espèces,33.0,M,3.0
T06867,2025-08-15 19:17,M05,P001,4,0,Espèces,40.0,F,3.0
T06868,2025-08-15 19:52,M04,P002,3,0,Carte,25.0,F,4.0
T06869,2025-08-15 20:13,M03,P002,3,0,Carte,25.0,F,2.0
T06870,2025-08-15 21:40,M04,P003,2,10,Espèces,30.0,M,1.0
T06871,2025-08-15 21:52,M05,P023,1,0,Espèces,28.0,M,3.0
T06872,2025-08-16 09:42,M02,P015,5,0,Espèces,16.0,F,3.0
T06873,2025-08-16 10:45,M06,P002,1,0,Espèces,32.0,F,5.0
T06874,2025-08-16 10:58,M05,P008,3,0,Espèces,63.0,M,4.0
T06875,2025-08-16 11:20,M01,P018,2,0,Carte,57.0,F,3.0
T06876,2025-08-16 11:22,M02,P019,1,0,Espèces,30.0,M,4.0
T06877,2025-08-16 11:40,M01,P001,6,10,Espèces,29.0,M,3.0
T06878,2025-08-16 11:47,M04,P009,2,0,Espèces,39.0,M,2.0
T06879,2025-08-16 11:48,M01,P010,3,0,Carte,39.0,M,3.0
T06880,2025-08-16 11:55,M02,P015,2,0,Carte,25.0,M,4.0
T06881,2025-08-16 12:17,M03,P007,5,0,Espèces,25.0,M,2.0
T06882,2025-08-16 12:20,M02,P009,4,0,Espèces,39.0,F,3.0
T06883,2025-08-16 12:39,M01,P004,7,10,Espèces,24.0,M,4.0
T06884,2025-08-16 12:49,M06,P003,4,0,Mobile Money,36.0,M,4.0
T06885,2025-08-16 12:50,M02,P001,3,0,Espèces,35.0,F,3.0
T06886,2025-08-16 12:55,M03,P017,2,0,Espèces,28.0,F,4.0
T06887,2025-08-16 13:01,M01,P017,2,0,Espèces,26.0,F,5.0
T06888,2025-08-16 15:06,M02,P015,2,0,Carte,,F,3.0
T06889,2025-08-16 15:28,M05,P005,2,0,Mobile Money,20.0,M,3.0
T06890,2025-08-16 15:43,M05,P024,1,0,Mobile Money,33.0,M,3.0
T06891,2025-08-16 15:53,M02,P018,1,0,Espèces,36.0,F,3.0
T06892,2025-08-16 16:05,M03,P006,4,0,Espèces,54.0,F,4.0
T06893,2025-08-16 16:12,M04,P010,2,0,Mobile Money,33.0,F,5.0
T06894,2025-08-16 16:15,M05,P010,1,0,Espèces,46.0,F,4.0
T06895,2025-08-16 16:38,M01,P020,1,0,Espèces,27.0,F,3.0
T06896,2025-08-16 16:42,M01,P010,4,0,Espèces,45.0,F,4.0
T06897,2025-08-16 16:59,M02,P001,2,0,Mobile Money,26.0,F,3.0
T06898,2025-08-16 17:09,M02,P018,2,0,Espèces,38.0,M,4.0
T06899,2025-08-16 17:29,M01,P010,2,0,Carte,36.0,M,4.0
T06900,2025-08-16 17:41,M01,P025,1,0,Espèces,31.0,F,3.0
T06901,2025-08-16 17:43,M01,P007,2,0,Mobile Money,22.0,F,3.0
T06902,2025-08-16 17:56,M03,P005,1,0,Mobile Money,35.0,F,3.0
T06903,2025-08-16 18:05,M01,P012,2,0,Mobile Money,37.0,M,2.0
T06904,2025-08-16 18:11,M03,P007,2,0,Espèces,24.0,F,4.0
T06905,2025-08-16 18:14,M05,P027,1,0,Espèces,21.0,F,3.0
T06906,2025-08-16 18:18,M01,P018,4,0,Espèces,35.0,F,4.0
T06907,2025-08-16 18:19,M01,P026,1,0,Mobile Money,,M,3.0
T06908,2025-08-16 18:21,M03,P009,5,10,Espèces,41.0,M,3.0
T06909,2025-08-16 18:31,M01,P007,2,0,Espèces,23.0,M,2.0
T06910,2025-08-16 18:42,M01,P024,1,0,Espèces,19.0,M,4.0
T06911,2025-08-16 18:51,M02,P002,2,0,Mobile Money,52.0,F,4.0
T06912,2025-08-16 18:55,M06,P009,2,0,Espèces,41.0,F,3.0
T06913,2025-08-16 18:59,M02,P005,1,0,Carte,49.0,M,2.0
T06914,2025-08-16 19:01,M01,P013,3,0,Mobile Money,21.0,F,3.0
T06915,2025-08-16 19:11,M02,P014,4,0,Mobile Money,39.0,F,2.0
T06916,2025-08-16 19:20,M03,P004,3,0,Mobile Money,16.0,M,1.0
T06918,2025-08-16 19:23,M03,P017,3,10,Espèces,49.0,F,4.0
T06917,2025-08-16 19:23,M06,P009,1,0,Espèces,25.0,F,2.0
T06919,2025-08-16 19:35,M03,P016,2,0,Espèces,35.0,F,3.0
T06920,2025-08-16 19:38,M05,P019,1,5,Espèces,28.0,F,3.0
T06921,2025-08-16 19:51,M06,P018,2,0,Espèces,26.0,F,4.0
T06922,2025-08-16 20:08,M02,P025,1,0,Mobile Money,40.0,M,3.0
T06923,2025-08-16 20:09,M04,P012,2,0,Espèces,21.0,F,2.0
T06924,2025-08-16 20:09,M05,P001,2,0,Espèces,22.0,F,3.0
T06925,2025-08-16 20:09,M06,P018,3,0,Espèces,28.0,M,4.0
T06926,2025-08-16 20:23,M06,P006,2,0,Mobile Money,30.0,M,2.0
T06927,2025-08-16 20:28,M04,P020,1,0,Espèces,22.0,F,3.0
T06928,2025-08-16 20:37,M03,P018,5,0,Espèces,22.0,F,3.0
T06929,2025-08-16 20:46,M03,P003,6,10,Mobile Money,16.0,F,4.0
T06930,2025-08-17 08:26,M04,P017,3,0,Mobile Money,32.0,M,3.0
T06931,2025-08-17 10:33,M03,P020,1,0,Espèces,17.0,F,5.0
T06932,2025-08-17 11:13,M06,P025,1,0,Espèces,21.0,F,3.0
T06933,2025-08-17 11:29,M01,P011,1,5,Mobile Money,33.0,F,5.0
T06934,2025-08-17 11:45,M02,P009,3,0,Espèces,16.0,M,3.0
T06935,2025-08-17 12:15,M02,P003,3,0,Carte,44.0,M,4.0
T06936,2025-08-17 12:16,M05,P001,3,0,Mobile Money,40.0,F,5.0
T06937,2025-08-17 12:47,M01,P024,1,0,Espèces,38.0,F,4.0
T06938,2025-08-17 13:06,M01,P021,1,5,Mobile Money,25.0,M,3.0
T06939,2025-08-17 13:08,M02,P016,2,0,Mobile Money,32.0,F,5.0
T06940,2025-08-17 13:20,M03,P002,6,10,Espèces,16.0,F,4.0
T06941,2025-08-17 13:30,M05,P016,1,0,Espèces,27.0,M,4.0
T06942,2025-08-17 13:45,M03,P010,3,0,Espèces,20.0,F,3.0
T06943,2025-08-17 13:56,M02,P014,6,0,Espèces,22.0,F,4.0
T06944,2025-08-17 13:57,M06,P015,2,0,Espèces,52.0,M,2.0
T06945,2025-08-17 14:04,M01,P012,3,0,Espèces,51.0,M,3.0
T06946,2025-08-17 14:24,M02,P022,1,0,Mobile Money,18.0,M,4.0
T06947,2025-08-17 14:53,M06,P007,5,5,Espèces,20.0,M,4.0
T06948,2025-08-17 15:31,M01,P018,4,0,Mobile Money,48.0,F,4.0
T06949,2025-08-17 16:06,M01,P009,1,0,Carte,41.0,F,3.0
T06950,2025-08-17 16:23,M05,P004,1,0,Espèces,30.0,M,5.0
T06951,2025-08-17 16:42,M04,P012,3,0,Espèces,33.0,F,3.0
T06952,2025-08-17 16:44,M01,P019,1,0,Mobile Money,24.0,M,4.0
T06953,2025-08-17 17:18,M06,P011,2,5,Espèces,29.0,F,4.0
T06954,2025-08-17 17:23,M02,P004,3,5,Espèces,31.0,M,2.0
T06955,2025-08-17 17:27,M01,P011,2,10,Mobile Money,54.0,M,4.0
T06956,2025-08-17 17:29,M01,P009,2,0,Espèces,39.0,F,4.0
T06957,2025-08-17 17:32,M02,P004,4,15,Espèces,44.0,M,4.0
T06958,2025-08-17 17:36,M04,P022,1,0,Espèces,20.0,F,5.0
T06959,2025-08-17 17:44,M01,P001,2,15,Carte,37.0,F,3.0
T06960,2025-08-17 17:47,M01,P009,3,0,Mobile Money,31.0,M,4.0
T06961,2025-08-17 17:47,M01,P011,1,5,Mobile Money,31.0,F,3.0
T06962,2025-08-17 18:02,M02,P015,3,10,Espèces,27.0,M,2.0
T06963,2025-08-17 18:47,M01,P001,3,0,Mobile Money,23.0,F,1.0
T06964,2025-08-17 18:53,M03,P004,2,0,Espèces,37.0,F,4.0
T06965,2025-08-17 19:15,M04,P002,1,0,Espèces,36.0,M,1.0
T06966,2025-08-17 19:18,M06,P025,1,0,Espèces,47.0,F,3.0
T06967,2025-08-17 19:31,M02,P010,3,0,Mobile Money,34.0,M,4.0
T06968,2025-08-17 19:45,M02,P013,3,0,Mobile Money,,F,4.0
T06969,2025-08-17 20:08,M06,P013,2,0,Espèces,30.0,M,5.0
T06970,2025-08-17 20:58,M02,P007,4,0,Espèces,44.0,F,4.0
T06971,2025-08-18 10:00,M04,P023,1,0,Espèces,23.0,M,4.0
T06972,2025-08-18 10:28,M06,P012,3,0,Espèces,34.0,F,4.0
T06973,2025-08-18 10:33,M02,P024,3,15,Carte,42.0,M,4.0
T06974,2025-08-18 11:25,M02,P016,1,0,Mobile Money,37.0,F,2.0
T06976,2025-08-18 11:30,M02,P006,3,0,Carte,33.0,F,4.0
T06975,2025-08-18 11:30,M03,P007,3,0,Espèces,29.0,F,4.0
T06977,2025-08-18 11:32,M01,P001,2,0,Mobile Money,31.0,F,5.0
T06978,2025-08-18 11:39,M01,P021,1,0,Espèces,36.0,F,2.0
T06979,2025-08-18 12:14,M01,P012,3,15,Espèces,42.0,M,4.0
T06980,2025-08-18 12:37,M03,P003,3,15,Mobile Money,32.0,M,3.0
T06981,2025-08-18 12:38,M02,P007,2,5,Espèces,35.0,F,4.0
T06982,2025-08-18 13:11,M03,P014,6,0,Mobile Money,31.0,F,4.0
T06983,2025-08-18 13:17,M01,P002,3,5,Espèces,22.0,M,5.0
T06984,2025-08-18 14:45,M01,P024,1,5,Mobile Money,20.0,F,2.0
T06985,2025-08-18 15:08,M01,P010,3,0,Espèces,33.0,F,4.0
T06986,2025-08-18 15:28,M05,P005,4,10,Mobile Money,34.0,F,4.0
T06987,2025-08-18 15:45,M05,P014,2,0,Mobile Money,24.0,M,3.0
T06988,2025-08-18 16:31,M02,P013,3,0,Carte,37.0,M,4.0
T06989,2025-08-18 16:39,M02,P025,1,0,Espèces,26.0,M,3.0
T06990,2025-08-18 16:43,M02,P018,4,0,Espèces,27.0,F,3.0
T06991,2025-08-18 17:05,M05,P013,4,0,Mobile Money,27.0,M,4.0
T06992,2025-08-18 17:24,M05,P004,3,0,Espèces,32.0,M,5.0
T06993,2025-08-18 18:03,M04,P002,3,5,Espèces,44.0,M,2.0
T06994,2025-08-18 18:27,M04,P007,3,0,Mobile Money,29.0,F,3.0
T06995,2025-08-18 18:29,M01,P005,1,0,Mobile Money,40.0,F,3.0
T06996,2025-08-18 18:32,M05,P001,1,0,Espèces,34.0,M,4.0
T06997,2025-08-18 18:34,M04,P013,3,0,Espèces,53.0,M,2.0
T06998,2025-08-18 18:51,M01,P009,1,0,Mobile Money,40.0,F,2.0
T06999,2025-08-18 18:58,M05,P005,3,0,Espèces,21.0,F,4.0
T07000,2025-08-18 19:08,M05,P009,1,0,Espèces,47.0,F,3.0
T07001,2025-08-18 19:17,M06,P009,1,0,Espèces,25.0,F,4.0
T07002,2025-08-18 19:43,M02,P027,1,0,Mobile Money,52.0,F,4.0
T07003,2025-08-18 19:50,M03,P018,2,0,Mobile Money,25.0,F,2.0
T07005,2025-08-18 20:32,M01,P016,3,0,Mobile Money,59.0,F,4.0
T07004,2025-08-18 20:32,M05,P022,1,0,Espèces,27.0,F,3.0
T07006,2025-08-19 10:38,M03,P002,1,0,Espèces,34.0,M,4.0
T07007,2025-08-19 11:38,M03,P004,1,0,Espèces,21.0,F,4.0
T07008,2025-08-19 11:57,M03,P014,5,15,Espèces,27.0,M,3.0
T07009,2025-08-19 12:15,M02,P025,1,0,Mobile Money,44.0,F,3.0
T07010,2025-08-19 12:20,M06,P004,5,0,Espèces,38.0,F,4.0
T07011,2025-08-19 12:37,M03,P005,2,0,Espèces,30.0,F,3.0
T07012,2025-08-19 12:58,M03,P004,2,0,Mobile Money,46.0,F,4.0
T07013,2025-08-19 13:15,M04,P005,3,0,Espèces,52.0,F,3.0
T07014,2025-08-19 13:22,M01,P012,3,0,Mobile Money,27.0,M,3.0
T07015,2025-08-19 13:28,M06,P011,1,0,Mobile Money,46.0,M,3.0
T07016,2025-08-19 13:34,M06,P002,2,0,Mobile Money,17.0,M,4.0
T07017,2025-08-19 13:45,M01,P001,2,0,Mobile Money,35.0,F,3.0
T07018,2025-08-19 14:51,M01,P011,1,0,Espèces,51.0,F,3.0
T07019,2025-08-19 16:13,M03,P009,4,10,Espèces,21.0,F,2.0
T07020,2025-08-19 16:21,M01,P021,1,5,Espèces,28.0,F,3.0
T07021,2025-08-19 16:32,M04,P025,1,0,Espèces,32.0,F,2.0
T07022,2025-08-19 16:47,M01,P011,5,0,Mobile Money,33.0,M,5.0
T07023,2025-08-19 16:49,M01,P004,1,0,Espèces,40.0,F,5.0
T07024,2025-08-19 17:16,M02,P001,4,10,Espèces,25.0,M,3.0
T07025,2025-08-19 17:20,M04,P019,2,10,Mobile Money,33.0,M,1.0
T07026,2025-08-19 17:31,M01,P013,1,0,Mobile Money,42.0,F,3.0
T07027,2025-08-19 18:16,M02,P005,2,5,Carte,51.0,F,3.0
T07028,2025-08-19 18:17,M02,P026,2,10,Espèces,23.0,M,4.0
T07029,2025-08-19 18:44,M05,P012,2,0,Mobile Money,39.0,F,3.0
T07030,2025-08-19 19:10,M01,P016,6,0,Mobile Money,35.0,F,4.0
T07031,2025-08-19 19:11,M06,P025,1,0,Espèces,42.0,M,3.0
T07032,2025-08-19 19:51,M01,P006,3,0,Carte,43.0,M,2.0
T07033,2025-08-19 20:21,M01,P015,2,0,Espèces,44.0,F,4.0
T07034,2025-08-19 20:29,M01,P012,4,0,Mobile Money,45.0,F,3.0
T07035,2025-08-19 20:59,M03,P026,1,0,Mobile Money,35.0,M,4.0
T07036,2025-08-20 10:52,M05,P015,2,0,Mobile Money,31.0,F,4.0
T07037,2025-08-20 11:20,M05,P012,5,10,Carte,33.0,F,4.0
T07038,2025-08-20 11:27,M02,P006,2,0,Espèces,33.0,M,3.0
T07039,2025-08-20 12:31,M06,P013,3,0,Mobile Money,22.0,F,4.0
T07040,2025-08-20 12:45,M04,P011,4,0,Espèces,37.0,F,2.0
T07041,2025-08-20 12:53,M04,P001,2,15,Espèces,28.0,M,1.0
T07042,2025-08-20 13:11,M01,P003,3,0,Espèces,35.0,M,3.0
T07043,2025-08-20 13:19,M02,P020,1,0,Mobile Money,25.0,F,3.0
T07044,2025-08-20 14:02,M01,P002,2,0,Espèces,30.0,M,5.0
T07045,2025-08-20 15:39,M03,P003,2,0,Espèces,43.0,F,4.0
T07046,2025-08-20 16:13,M06,P005,3,0,Espèces,47.0,F,4.0
T07047,2025-08-20 16:27,M01,P009,2,0,Espèces,64.0,F,4.0
T07048,2025-08-20 16:46,M03,P018,2,0,Mobile Money,39.0,M,3.0
T07049,2025-08-20 17:12,M03,P012,2,0,Espèces,16.0,F,5.0
T07050,2025-08-20 17:21,M02,P009,3,0,Mobile Money,51.0,F,4.0
T07051,2025-08-20 17:49,M05,P001,2,0,Mobile Money,27.0,M,4.0
T07052,2025-08-20 17:58,M05,P009,3,0,Mobile Money,29.0,M,4.0
T07053,2025-08-20 18:21,M01,P015,1,0,Carte,46.0,M,5.0
T07054,2025-08-20 19:03,M03,P004,2,0,Espèces,44.0,F,5.0
T07055,2025-08-20 19:03,M06,P010,1,0,Mobile Money,32.0,F,1.0
T07056,2025-08-20 19:03,M05,P016,3,10,Espèces,49.0,M,3.0
T07057,2025-08-20 19:07,M05,P009,3,0,Mobile Money,34.0,F,4.0
T07058,2025-08-20 19:14,M05,P002,2,0,Espèces,30.0,F,4.0
T07059,2025-08-20 19:28,M01,P003,2,0,Mobile Money,53.0,F,3.0
T07060,2025-08-20 19:58,M01,P016,4,0,Espèces,27.0,M,4.0
T07061,2025-08-20 20:18,M01,P009,2,0,Espèces,23.0,F,3.0
T07062,2025-08-21 10:16,M05,P008,2,0,Mobile Money,16.0,F,3.0
T07063,2025-08-21 10:44,M03,P008,2,0,Mobile Money,21.0,F,4.0
T07064,2025-08-21 11:40,M03,P007,3,5,Mobile Money,33.0,M,4.0
T07065,2025-08-21 11:42,M06,P017,5,0,Espèces,54.0,M,5.0
T07066,2025-08-21 11:56,M06,P012,1,0,Mobile Money,25.0,F,2.0
T07068,2025-08-21 11:59,M01,P008,5,10,Espèces,18.0,M,4.0
T07067,2025-08-21 11:59,M06,P015,2,0,Mobile Money,50.0,F,3.0
T07069,2025-08-21 12:05,M04,P018,5,10,Mobile Money,27.0,F,1.0
T07070,2025-08-21 12:08,M03,P004,3,0,Espèces,33.0,M,2.0
T07071,2025-08-21 12:10,M05,P018,1,5,Espèces,33.0,F,3.0
T07072,2025-08-21 12:13,M03,P022,1,0,Mobile Money,35.0,M,4.0
T07073,2025-08-21 12:15,M02,P012,3,0,Espèces,,F,4.0
T07074,2025-08-21 12:23,M06,P013,5,0,Mobile Money,,F,3.0
T07075,2025-08-21 12:24,M05,P010,1,0,Espèces,25.0,F,5.0
T07076,2025-08-21 12:29,M01,P022,1,0,Espèces,26.0,F,2.0
T07077,2025-08-21 12:30,M03,P012,6,0,Mobile Money,36.0,F,5.0
T07078,2025-08-21 12:32,M05,P007,3,0,Espèces,38.0,F,4.0
T07079,2025-08-21 12:36,M06,P007,2,0,Espèces,48.0,M,4.0
T07080,2025-08-21 12:59,M02,P009,2,0,Espèces,40.0,F,4.0
T07081,2025-08-21 13:21,M06,P013,2,0,Mobile Money,21.0,F,3.0
T07082,2025-08-21 15:38,M03,P007,2,0,Mobile Money,28.0,F,4.0
T07083,2025-08-21 16:12,M05,P016,1,0,MoMo,26.0,F,2.0
T07084,2025-08-21 16:23,M01,P012,2,0,Mobile Money,24.0,F,5.0
T07085,2025-08-21 16:24,M01,P007,4,0,Mobile Money,30.0,F,4.0
T07086,2025-08-21 16:28,M02,P001,3,0,Espèces,43.0,M,3.0
T07087,2025-08-21 16:31,M01,P004,2,0,Mobile Money,33.0,F,5.0
T07088,2025-08-21 16:44,M04,P014,3,0,Espèces,44.0,F,4.0
T07089,2025-08-21 17:17,M01,P012,2,0,MoMo,16.0,F,4.0
T07090,2025-08-21 17:29,M01,P011,4,0,Espèces,41.0,M,3.0
T07091,2025-08-21 17:50,M05,P005,4,0,Mobile Money,42.0,F,5.0
T07092,2025-08-21 17:56,M03,P027,1,0,Mobile Money,31.0,M,4.0
T07093,2025-08-21 17:57,M01,P017,7,0,Espèces,31.0,M,1.0
T07094,2025-08-21 18:08,M06,P016,3,0,Espèces,24.0,M,4.0
T07095,2025-08-21 18:35,M02,P012,3,0,Mobile Money,43.0,M,3.0
T07096,2025-08-21 19:00,M06,P001,1,0,Mobile Money,27.0,F,4.0
T07097,2025-08-21 19:30,M01,P012,2,5,Mobile Money,,F,5.0
T07098,2025-08-21 19:30,M01,P012,4,0,Mobile Money,30.0,M,4.0
T07099,2025-08-21 19:44,M01,P014,1,0,Espèces,26.0,M,3.0
T07100,2025-08-21 20:00,M04,P017,2,0,Mobile Money,36.0,M,2.0
T07101,2025-08-21 20:02,M04,P001,3,5,Espèces,45.0,M,1.0
T07102,2025-08-22 10:59,M02,P007,3,0,Mobile Money,38.0,M,4.0
T07103,2025-08-22 11:55,M06,P003,2,0,Espèces,47.0,M,4.0
T07104,2025-08-22 12:08,M01,P010,3,0,Mobile Money,33.0,M,2.0
T07105,2025-08-22 12:22,M02,P007,4,0,Espèces,34.0,F,4.0
T07106,2025-08-22 12:25,M02,P014,1,0,Mobile Money,,M,3.0
T07107,2025-08-22 12:27,M03,P015,5,0,Espèces,33.0,M,3.0
T07108,2025-08-22 13:02,M01,P006,4,0,Mobile Money,29.0,M,5.0
T07109,2025-08-22 15:24,M06,P014,5,0,Espèces,18.0,F,3.0
T07110,2025-08-22 15:56,M03,P001,3,0,Mobile Money,25.0,M,4.0
T07111,2025-08-22 16:41,M01,P014,2,15,Mobile Money,44.0,M,3.0
T07112,2025-08-22 17:25,M04,P014,2,0,Mobile Money,,M,3.0
T07113,2025-08-22 17:50,M03,P005,2,0,Mobile Money,36.0,F,4.0
T07114,2025-08-22 17:55,M06,P016,3,0,Espèces,32.0,F,5.0
T07115,2025-08-22 18:13,M04,P013,4,15,Mobile Money,30.0,M,2.0
T07116,2025-08-22 18:48,M06,P009,2,5,Espèces,44.0,F,3.0
T07117,2025-08-22 19:13,M02,P013,2,0,Espèces,46.0,M,3.0
T07118,2025-08-22 19:31,M01,P009,4,0,Mobile Money,27.0,F,4.0
T07119,2025-08-22 20:38,M02,P012,3,0,Espèces,30.0,M,2.0
T07120,2025-08-22 20:39,M05,P018,4,0,Espèces,24.0,F,3.0
T07121,2025-08-22 20:51,M05,P007,6,0,Mobile Money,49.0,M,2.0
T07122,2025-08-23 10:11,M02,P003,3,0,Mobile Money,27.0,F,2.0
T07123,2025-08-23 10:30,M03,P021,1,0,Espèces,25.0,M,5.0
T07124,2025-08-23 10:43,M02,P004,2,0,Espèces,16.0,F,3.0
T07125,2025-08-23 11:32,M02,P010,2,0,Espèces,16.0,M,4.0
T07126,2025-08-23 11:45,M02,P004,2,0,Espèces,44.0,M,3.0
T07127,2025-08-23 12:06,M05,P013,1,0,Mobile Money,25.0,F,5.0
T07128,2025-08-23 12:18,M03,P001,2,0,Mobile Money,35.0,F,5.0
T07129,2025-08-23 12:41,M05,P004,1,0,Mobile Money,26.0,F,4.0
T07130,2025-08-23 12:57,M04,P007,4,0,Espèces,22.0,F,2.0
T07131,2025-08-23 13:19,M06,P024,3,10,Mobile Money,30.0,M,4.0
T07132,2025-08-23 13:21,M03,P014,1,0,Espèces,34.0,M,3.0
T07133,2025-08-23 14:01,M01,P022,1,0,Mobile Money,30.0,F,2.0
T07134,2025-08-23 14:03,M01,P009,1,0,Espèces,23.0,F,3.0
T07135,2025-08-23 14:16,M02,P025,1,0,Espèces,32.0,F,5.0
T07136,2025-08-23 15:24,M05,P018,1,0,Espèces,36.0,F,4.0
T07137,2025-08-23 15:26,M01,P027,1,0,Mobile Money,27.0,M,3.0
T07138,2025-08-23 16:10,M01,P022,1,0,Mobile Money,25.0,F,4.0
T07139,2025-08-23 16:33,M03,P005,4,0,Espèces,16.0,F,5.0
T07140,2025-08-23 16:36,M01,P002,3,5,Mobile Money,28.0,M,5.0
T07141,2025-08-23 16:48,M03,P001,3,0,Mobile Money,33.0,M,3.0
T07142,2025-08-23 17:01,M04,P012,5,0,Espèces,47.0,F,3.0
T07143,2025-08-23 17:22,M01,P006,4,0,Mobile Money,19.0,M,5.0
T07144,2025-08-23 17:23,M01,P013,3,15,Espèces,23.0,F,3.0
T07145,2025-08-23 17:24,M01,P010,3,10,Espèces,30.0,F,4.0
T07146,2025-08-23 17:31,M01,P021,1,0,Espèces,16.0,F,3.0
T07147,2025-08-23 17:40,M04,P014,1,0,Espèces,37.0,M,2.0
T07148,2025-08-23 17:47,M05,P025,1,0,Espèces,22.0,M,3.0
T07149,2025-08-23 17:55,M05,P015,3,0,Mobile Money,,M,2.0
T07150,2025-08-23 18:01,M01,P007,2,0,Mobile Money,25.0,M,5.0
T07151,2025-08-23 18:17,M02,P020,1,5,Espèces,31.0,F,2.0
T07152,2025-08-23 18:21,M02,P004,3,10,Espèces,38.0,M,3.0
T07153,2025-08-23 18:32,M02,P008,4,0,Carte,,F,4.0
T07154,2025-08-23 18:34,M01,P020,1,0,Espèces,31.0,M,5.0
T07155,2025-08-23 18:36,M01,P005,1,0,Espèces,37.0,F,5.0
T07156,2025-08-23 18:39,M01,P014,1,5,Espèces,39.0,F,5.0
T07157,2025-08-23 18:40,M01,P011,3,0,Carte,24.0,M,4.0
T07158,2025-08-23 18:48,M06,P025,2,10,Mobile Money,37.0,M,3.0
T07159,2025-08-23 18:52,M01,P014,3,0,Espèces,45.0,F,4.0
T07160,2025-08-23 19:02,M01,P002,3,5,Espèces,36.0,M,5.0
T07161,2025-08-23 19:04,M04,P004,1,0,Espèces,30.0,F,3.0
T07162,2025-08-23 19:40,M01,P026,1,0,Mobile Money,32.0,M,3.0
T07163,2025-08-23 19:43,M01,P027,1,0,Espèces,27.0,F,3.0
T07164,2025-08-23 19:47,M03,P001,5,0,Mobile Money,62.0,F,4.0
T07164,2025-08-23 19:47,M03,P001,5,0,Mobile Money,62.0,F,4.0
T07165,2025-08-23 20:24,M03,P014,2,0,Mobile Money,45.0,M,3.0
T07166,2025-08-23 20:32,M04,P018,4,0,Espèces,42.0,F,2.0
T07167,2025-08-24 11:13,M01,P018,1,0,Mobile Money,16.0,M,4.0
T07168,2025-08-24 11:43,M02,P009,4,0,Mobile Money,26.0,M,3.0
T07169,2025-08-24 12:17,M03,P017,3,10,Mobile Money,34.0,M,3.0
T07170,2025-08-24 12:37,M03,P012,1,0,Espèces,36.0,F,2.0
T07171,2025-08-24 12:56,M06,P007,1,0,Mobile Money,46.0,F,3.0
T07172,2025-08-24 13:00,M02,P008,4,0,Espèces,31.0,F,4.0
T07173,2025-08-24 13:11,M03,P003,2,10,Mobile Money,39.0,M,4.0
T07174,2025-08-24 13:20,M05,P004,2,5,Espèces,42.0,M,4.0
T07175,2025-08-24 14:14,M02,P004,2,5,Espèces,41.0,F,4.0
T07176,2025-08-24 14:29,M03,P010,2,0,Espèces,29.0,F,3.0
T07177,2025-08-24 14:45,M06,P005,6,0,Mobile Money,32.0,F,4.0
T07178,2025-08-24 14:59,M02,P011,1,0,Espèces,27.0,F,3.0
T07179,2025-08-24 15:29,M05,P003,2,0,Mobile Money,38.0,M,2.0
T07180,2025-08-24 15:34,M04,P005,5,0,Carte,37.0,M,1.0
T07181,2025-08-24 15:51,M03,P007,1,0,Espèces,40.0,M,4.0
T07182,2025-08-24 15:56,M06,P007,2,0,Mobile Money,44.0,F,4.0
T07183,2025-08-24 16:22,M04,P011,1,0,Mobile Money,19.0,M,2.0
T07184,2025-08-24 16:28,M01,P004,3,0,Espèces,20.0,F,4.0
T07185,2025-08-24 16:37,M02,P009,5,0,carte,58.0,F,4.0
T07186,2025-08-24 17:12,M04,P003,2,0,Espèces,24.0,F,3.0
T07187,2025-08-24 17:21,M04,P027,1,0,Mobile Money,56.0,M,2.0
T07188,2025-08-24 17:41,M02,P010,2,0,Espèces,45.0,F,2.0
T07189,2025-08-24 17:44,M02,P001,3,0,Espèces,18.0,F,5.0
T07190,2025-08-24 17:46,M05,P014,2,0,Espèces,,F,4.0
T07191,2025-08-24 17:57,M01,P009,1,0,Carte,16.0,M,4.0
T07193,2025-08-24 18:01,M02,P006,2,0,Espèces,25.0,M,3.0
T07192,2025-08-24 18:01,M03,P007,3,0,Mobile Money,36.0,F,4.0
T07194,2025-08-24 18:02,M05,P014,1,5,Espèces,32.0,M,4.0
T07195,2025-08-24 18:04,M03,P009,2,5,Espèces,20.0,F,4.0
T07196,2025-08-24 18:07,M01,P003,3,0,Mobile Money,45.0,M,4.0
T07197,2025-08-24 18:10,M03,P016,2,0,Mobile Money,43.0,F,3.0
T07198,2025-08-24 18:25,M04,P014,2,10,Espèces,52.0,M,1.0
T07199,2025-08-24 18:26,M04,P018,5,0,Mobile Money,39.0,F,2.0
T07200,2025-08-24 18:31,M05,P002,1,0,Espèces,23.0,M,3.0
T07201,2025-08-24 18:51,M03,P004,1,0,Mobile Money,17.0,M,4.0
T07202,2025-08-24 18:52,M01,P001,3,0,Espèces,16.0,F,4.0
T07203,2025-08-24 18:56,M06,P015,1,0,Mobile Money,30.0,M,3.0
T07204,2025-08-24 19:15,M03,P001,2,0,Espèces,23.0,F,4.0
T07205,2025-08-24 19:19,M02,P014,1,0,Espèces,46.0,M,4.0
T07206,2025-08-24 19:40,M01,P012,7,10,Mobile Money,31.0,M,3.0
T07207,2025-08-24 20:13,M04,P024,1,0,Espèces,30.0,M,1.0
T07208,2025-08-24 20:17,M01,P007,5,0,Espèces,34.0,M,3.0
T07209,2025-08-24 20:29,M02,P004,3,0,Espèces,31.0,F,3.0
T07210,2025-08-25 10:23,M05,P017,1,5,Mobile Money,34.0,M,1.0
T07211,2025-08-25 10:50,M01,P025,1,0,Mobile Money,25.0,M,4.0
T07212,2025-08-25 11:26,M04,P007,2,0,Mobile Money,25.0,F,1.0
T07213,2025-08-25 11:41,M03,P018,3,0,Carte,43.0,F,2.0
T07214,2025-08-25 12:00,M06,P004,2,0,Mobile Money,48.0,F,4.0
T07215,2025-08-25 12:03,M05,P016,1,0,Mobile Money,34.0,M,5.0
T07216,2025-08-25 12:09,M02,P008,2,0,Espèces,22.0,F,4.0
T07217,2025-08-25 12:40,M06,P025,1,0,Espèces,32.0,F,4.0
T07218,2025-08-25 13:08,M01,P001,1,0,Espèces,30.0,F,4.0
T07219,2025-08-25 13:12,M04,P003,1,0,Espèces,25.0,M,3.0
T07220,2025-08-25 14:26,M06,P002,2,0,Espèces,31.0,F,4.0
T07221,2025-08-25 14:28,M04,P012,2,0,Espèces,34.0,F,2.0
T07222,2025-08-25 16:04,M02,P010,3,0,Espèces,25.0,M,3.0
T07223,2025-08-25 16:18,M05,P018,2,0,Mobile Money,37.0,F,4.0
T07224,2025-08-25 16:56,M05,P010,6,0,Mobile Money,36.0,M,2.0
T07225,2025-08-25 16:57,M05,P004,5,10,Espèces,27.0,M,4.0
T07226,2025-08-25 16:58,M03,P007,3,0,Mobile Money,16.0,F,3.0
T07227,2025-08-25 17:11,M01,P008,4,0,Mobile Money,17.0,F,3.0
T07228,2025-08-25 17:44,M06,P003,2,0,Espèces,27.0,F,4.0
T07229,2025-08-25 17:53,M05,P006,3,0,Espèces,29.0,F,4.0
T07230,2025-08-25 18:04,M01,P003,3,0,Mobile Money,24.0,F,4.0
T07231,2025-08-25 18:04,M01,P003,2,0,Mobile Money,30.0,F,3.0
T07232,2025-08-25 18:10,M02,P006,3,5,Espèces,43.0,M,3.0
T07233,2025-08-25 18:26,M01,P003,3,0,Mobile Money,47.0,F,4.0
T07234,2025-08-25 18:38,M04,P023,1,0,Espèces,18.0,F,4.0
T07235,2025-08-25 18:39,M03,P005,-3,0,Carte,36.0,F,4.0
T07236,2025-08-25 18:44,M02,P007,1,0,Mobile Money,38.0,F,3.0
T07237,2025-08-25 18:56,M01,P011,2,0,Mobile Money,35.0,F,3.0
T07238,2025-08-25 19:06,M03,P006,6,10,Espèces,21.0,F,3.0
T07239,2025-08-25 19:06,M03,P007,1,0,Espèces,36.0,F,3.0
T07240,2025-08-25 19:11,M03,P014,4,10,Mobile Money,,M,3.0
T07241,2025-08-25 19:22,M02,P003,2,0,Mobile Money,32.0,M,2.0
T07242,2025-08-25 19:38,M01,P013,3,0,Espèces,16.0,F,4.0
T07243,2025-08-25 19:39,M06,P009,1,0,Espèces,29.0,F,4.0
T07244,2025-08-25 19:44,M03,P007,2,0,Mobile Money,25.0,F,3.0
T07245,2025-08-25 20:02,M02,P014,2,0,Espèces,33.0,F,2.0
T07246,2025-08-25 20:21,M05,P002,1,0,Carte,20.0,F,4.0
T07247,2025-08-25 20:27,M05,P006,2,5,Espèces,42.0,F,3.0
T07248,2025-08-25 20:41,M01,P003,2,0,Mobile Money,26.0,M,5.0
T07249,2025-08-26 10:07,M01,P009,2,0,Espèces,39.0,F,3.0
T07250,2025-08-26 10:22,M01,P007,2,15,especes,28.0,F,3.0
T07251,2025-08-26 10:41,M02,P015,3,0,Mobile Money,41.0,M,2.0
T07252,2025-08-26 11:15,M06,P005,3,0,Espèces,48.0,M,2.0
T07253,2025-08-26 12:09,M01,P004,3,0,Espèces,40.0,M,4.0
T07254,2025-08-26 12:11,M02,P005,2,0,Carte,46.0,F,2.0
T07255,2025-08-26 12:15,M06,P007,2,0,Espèces,36.0,M,4.0
T07256,2025-08-26 12:36,M02,P010,3,15,Espèces,25.0,M,4.0
T07257,2025-08-26 14:30,M01,P017,3,0,Espèces,30.0,F,4.0
T07258,2025-08-26 16:26,M01,P007,1,0,Espèces,35.0,M,3.0
T07259,2025-08-26 16:41,M03,P014,4,0,Espèces,24.0,M,3.0
T07260,2025-08-26 17:12,M04,P022,1,0,Espèces,,F,1.0
T07261,2025-08-26 18:32,M03,P009,2,0,Espèces,27.0,F,4.0
T07262,2025-08-26 18:39,M04,P009,5,10,Espèces,34.0,F,1.0
T07263,2025-08-26 19:02,M05,P008,1,0,Espèces,22.0,F,3.0
T07264,2025-08-26 19:06,M01,P022,1,0,Carte,32.0,M,4.0
T07265,2025-08-26 19:21,M03,P004,5,0,Espèces,47.0,M,3.0
T07266,2025-08-26 20:57,M04,P001,2,0,Mobile Money,32.0,M,2.0
T07267,2025-08-27 10:21,M03,P020,1,5,Mobile Money,36.0,M,2.0
T07268,2025-08-27 11:42,M01,P014,3,5,Mobile Money,45.0,M,3.0
T07269,2025-08-27 12:10,M01,P018,3,0,Carte,44.0,F,4.0
T07270,2025-08-27 12:18,M01,P011,4,0,Mobile Money,43.0,M,3.0
T07271,2025-08-27 12:19,M04,P004,3,0,Mobile Money,26.0,M,4.0
T07272,2025-08-27 12:31,M01,P006,1,0,Carte,37.0,F,3.0
T07273,2025-08-27 12:51,M01,P001,2,0,Mobile Money,50.0,M,3.0
T07274,2025-08-27 12:55,M05,P011,3,0,Mobile Money,63.0,F,4.0
T07275,2025-08-27 13:06,M01,P001,2,5,Mobile Money,38.0,F,5.0
T07276,2025-08-27 13:45,M03,P006,1,0,Espèces,49.0,M,4.0
T07277,2025-08-27 15:58,M02,P007,8,15,Espèces,26.0,F,4.0
T07278,2025-08-27 16:04,M03,P014,2,0,Carte,21.0,M,4.0
T07279,2025-08-27 16:09,M02,P014,2,5,Mobile Money,41.0,M,4.0
T07280,2025-08-27 16:31,M02,P013,3,0,Espèces,16.0,M,3.0
T07281,2025-08-27 16:53,M03,P008,4,5,Espèces,51.0,F,3.0
T07282,2025-08-27 16:59,M03,P003,1,0,Espèces,35.0,F,4.0
T07283,2025-08-27 17:02,M04,P025,1,0,Mobile Money,27.0,M,4.0
T07284,2025-08-27 17:35,M05,P007,3,0,Espèces,33.0,F,2.0
T07285,2025-08-27 17:39,M03,P003,1,0,Espèces,50.0,F,5.0
T07286,2025-08-27 17:46,M06,P012,3,0,Espèces,39.0,M,3.0
T07287,2025-08-27 17:48,M01,P009,4,0,Espèces,32.0,F,3.0
T07288,2025-08-27 18:06,M05,P005,1,0,Espèces,16.0,M,4.0
T07289,2025-08-27 18:07,M01,P015,2,0,Mobile Money,29.0,F,4.0
T07290,2025-08-27 18:09,M01,P007,2,0,Mobile Money,16.0,F,2.0
T07291,2025-08-27 18:29,M03,P014,3,0,Mobile Money,40.0,M,4.0
T07292,2025-08-27 18:34,M04,P003,2,0,Espèces,28.0,F,4.0
T07293,2025-08-27 18:40,M01,P011,3,0,Mobile Money,42.0,F,4.0
T07294,2025-08-27 18:43,M06,P016,3,0,Espèces,37.0,F,3.0
T07295,2025-08-27 18:50,M04,P002,5,0,Espèces,46.0,F,3.0
T07296,2025-08-27 19:16,M01,P015,5,0,Espèces,44.0,F,3.0
T07297,2025-08-27 20:09,M05,P025,2,10,Espèces,42.0,M,4.0
T07298,2025-08-27 20:20,M03,P014,2,0,Espèces,27.0,F,3.0
T07299,2025-08-28 11:11,M02,P001,3,0,Espèces,23.0,M,3.0
T07300,2025-08-28 11:29,M01,P004,4,0,Mobile Money,37.0,M,4.0
T07301,2025-08-28 11:37,M02,P006,1,0,Carte,48.0,M,3.0
T07302,2025-08-28 11:54,M05,P014,1,0,Carte,23.0,F,3.0
T07303,2025-08-28 12:26,M04,P015,4,0,Espèces,34.0,M,2.0
T07304,2025-08-28 12:29,M01,P003,3,0,Mobile Money,47.0,F,5.0
T07305,2025-08-28 12:44,M01,P022,1,0,Espèces,29.0,F,3.0
T07306,2025-08-28 12:51,M01,P009,4,0,Espèces,23.0,F,4.0
T07307,2025-08-28 13:09,M05,P016,3,0,mobile money,16.0,M,5.0
T07308,2025-08-28 13:11,M03,P004,1,5,Mobile Money,30.0,M,3.0
T07309,2025-08-28 13:15,M05,P001,3,0,Carte,22.0,F,3.0
T07310,2025-08-28 14:51,M06,P012,3,0,Mobile Money,23.0,M,4.0
T07311,2025-08-28 17:10,M04,P016,2,0,Mobile Money,21.0,F,3.0
T07312,2025-08-28 17:11,M01,P016,2,0,Mobile Money,33.0,F,5.0
T07313,2025-08-28 17:27,M02,P023,1,0,Mobile Money,28.0,M,5.0
T07314,2025-08-28 17:32,M04,P009,4,0,Espèces,27.0,M,2.0
T07315,2025-08-28 17:37,M01,P027,1,0,Espèces,31.0,M,3.0
T07316,2025-08-28 18:16,M03,P001,2,0,Mobile Money,32.0,M,3.0
T07317,2025-08-28 18:19,M04,P012,2,0,Espèces,24.0,F,2.0
T07318,2025-08-28 18:19,M02,P010,4,0,Espèces,34.0,F,3.0
T07319,2025-08-28 18:23,M01,P009,2,0,Espèces,16.0,M,4.0
T07320,2025-08-28 18:24,M01,P025,1,0,Espèces,42.0,M,3.0
T07321,2025-08-28 18:27,M03,P004,7,10,Mobile Money,27.0,F,4.0
T07322,2025-08-28 18:40,M03,P010,2,0,Mobile Money,31.0,M,3.0
T07323,2025-08-28 18:48,M05,P015,2,0,Espèces,25.0,F,5.0
T07324,2025-08-28 18:57,M06,P017,1,0,Carte,38.0,F,4.0
T07325,2025-08-28 20:51,M02,P020,1,0,Espèces,18.0,F,4.0
T07326,2025-08-29 11:07,M03,P009,1,0,Espèces,37.0,F,4.0
T07327,2025-08-29 11:08,M03,P008,3,0,Espèces,27.0,F,4.0
T07328,2025-08-29 11:16,M02,P002,3,0,Espèces,43.0,M,4.0
T07329,2025-08-29 12:05,M02,P004,2,0,Mobile Money,35.0,M,3.0
T07330,2025-08-29 12:08,M04,P010,5,0,Mobile Money,39.0,M,2.0
T07331,2025-08-29 12:34,M02,P003,2,0,Carte,33.0,F,3.0
T07332,2025-08-29 12:36,M01,P021,1,0,Mobile Money,25.0,F,4.0
T07333,2025-08-29 12:57,M03,P009,1,0,Mobile Money,26.0,F,4.0
T07334,2025-08-29 12:58,M01,P018,2,0,Mobile Money,36.0,F,4.0
T07335,2025-08-29 13:08,M06,P010,1,0,Espèces,33.0,F,5.0
T07336,2025-08-29 13:12,M04,P009,4,0,Espèces,34.0,M,3.0
T07337,2025-08-29 13:51,M01,P010,4,0,Mobile Money,41.0,F,1.0
T07338,2025-08-29 14:16,M02,P002,2,0,Mobile Money,22.0,M,3.0
T07339,2025-08-29 14:17,M01,P018,2,0,Mobile Money,30.0,M,4.0
T07340,2025-08-29 14:35,M04,P022,1,0,Espèces,29.0,M,2.0
T07341,2025-08-29 14:54,M01,P019,1,0,Espèces,33.0,F,5.0
T07342,2025-08-29 15:18,M01,P009,1,0,Espèces,23.0,F,2.0
T07343,2025-08-29 15:26,M05,P001,1,0,Espèces,16.0,M,3.0
T07344,2025-08-29 15:43,M04,P009,3,5,Espèces,47.0,M,3.0
T07345,2025-08-29 16:12,M04,P009,2,0,Mobile Money,28.0,F,1.0
T07346,2025-08-29 16:26,M03,P004,1,0,Espèces,21.0,M,4.0
T07347,2025-08-29 16:47,M04,P007,5,10,Espèces,44.0,M,2.0
T07348,2025-08-29 17:05,M05,P013,1,5,Mobile Money,33.0,M,4.0
T07349,2025-08-29 17:07,M02,P023,1,0,Mobile Money,28.0,M,4.0
T07350,2025-08-29 17:11,M01,P009,4,0,Carte,45.0,F,4.0
T07351,2025-08-29 17:25,M01,P003,6,0,Carte,34.0,F,3.0
T07352,2025-08-29 17:27,M03,P014,2,10,Mobile Money,21.0,M,4.0
T07353,2025-08-29 17:30,M03,P023,1,0,Mobile Money,23.0,M,4.0
T07354,2025-08-29 17:46,M05,P003,6,10,Mobile Money,33.0,F,4.0
T07355,2025-08-29 18:03,M06,P024,1,0,Mobile Money,63.0,F,3.0
T07356,2025-08-29 18:21,M01,P003,1,0,Espèces,37.0,F,5.0
T07357,2025-08-29 18:35,M02,P012,2,0,Mobile Money,40.0,F,4.0
T07358,2025-08-29 18:45,M01,P015,2,0,Espèces,,M,3.0
T07359,2025-08-29 19:22,M04,P010,3,0,Espèces,29.0,F,2.0
T07360,2025-08-29 19:24,M03,P004,2,0,Espèces,30.0,M,2.0
T07361,2025-08-29 19:29,M03,P026,1,0,Espèces,32.0,F,4.0
T07362,2025-08-29 19:44,M06,P002,3,0,Mobile Money,43.0,F,2.0
T07363,2025-08-29 21:37,M02,P003,4,0,Espèces,42.0,M,2.0
T07364,2025-08-30 10:30,M02,P016,2,0,Carte,50.0,F,2.0
T07365,2025-08-30 10:40,M06,P005,1,0,espèces,34.0,F,4.0
T07366,2025-08-30 10:53,M05,P009,1,5,Mobile Money,43.0,M,4.0
T07367,2025-08-30 11:06,M03,P025,2,10,Espèces,18.0,F,4.0
T07368,2025-08-30 11:09,M06,P004,4,0,Mobile Money,27.0,F,5.0
T07369,2025-08-30 11:22,M02,P010,2,0,Mobile Money,26.0,F,4.0
T07370,2025-08-30 11:37,M02,P003,5,0,Mobile Money,44.0,F,4.0
T07371,2025-08-30 11:41,M01,P019,1,0,Mobile Money,29.0,M,3.0
T07372,2025-08-30 11:57,M05,P003,2,0,Espèces,44.0,M,4.0
T07373,2025-08-30 11:58,M02,P002,2,0,Mobile Money,44.0,F,4.0
T07374,2025-08-30 12:10,M02,P009,5,0,Espèces,29.0,M,3.0
T07375,2025-08-30 12:33,M05,P025,1,0,Mobile Money,38.0,M,4.0
T07376,2025-08-30 12:42,M04,P003,2,5,Espèces,33.0,F,2.0
T07377,2025-08-30 12:48,M03,P014,3,5,Mobile Money,29.0,F,3.0
T07378,2025-08-30 12:54,M06,P025,1,0,Espèces,44.0,F,4.0
T07379,2025-08-30 13:01,M02,P020,3,10,Mobile Money,28.0,M,4.0
T07380,2025-08-30 13:11,M01,P015,5,0,Espèces,50.0,F,4.0
T07381,2025-08-30 13:20,M03,P007,1,0,Espèces,27.0,F,3.0
T07382,2025-08-30 13:33,M04,P002,3,0,Mobile Money,16.0,M,3.0
T07383,2025-08-30 13:40,M03,P001,2,0,Espèces,47.0,F,3.0
T07384,2025-08-30 13:40,M03,P008,4,15,Espèces,34.0,M,4.0
T07385,2025-08-30 13:54,M02,P017,2,0,Espèces,25.0,M,3.0
T07386,2025-08-30 14:22,M02,P020,1,5,Mobile Money,17.0,F,4.0
T07387,2025-08-30 14:52,M04,P001,4,0,Espèces,32.0,F,2.0
T07388,2025-08-30 15:36,M06,P012,1,0,Espèces,25.0,M,3.0
T07389,2025-08-30 15:52,M06,P006,4,0,Mobile Money,37.0,M,4.0
T07390,2025-08-30 15:53,M03,P003,2,0,Carte,48.0,F,5.0
T07391,2025-08-30 16:19,M03,P015,2,0,Espèces,19.0,F,4.0
T07392,2025-08-30 16:34,M05,P010,3,0,Mobile Money,39.0,F,3.0
T07393,2025-08-30 16:56,M03,P002,1,0,Mobile Money,23.0,M,5.0
T07394,2025-08-30 16:58,M02,P005,3,5,Espèces,29.0,M,3.0
T07395,2025-08-30 17:20,M05,P006,3,0,Espèces,18.0,F,3.0
T07396,2025-08-30 17:23,M02,P005,4,15,Espèces,,F,4.0
T07397,2025-08-30 17:24,M03,P010,3,5,Espèces,37.0,M,2.0
T07398,2025-08-30 17:25,M02,P001,6,5,Mobile Money,49.0,M,3.0
T07399,2025-08-30 17:41,M01,P027,1,0,Espèces,24.0,F,5.0
T07400,2025-08-30 17:41,M02,P006,3,0,Espèces,43.0,F,4.0
T07401,2025-08-30 17:46,M04,P004,3,0,Mobile Money,18.0,F,1.0
T07402,2025-08-30 17:47,M04,P006,2,0,Espèces,31.0,M,4.0
T07403,2025-08-30 17:54,M02,P001,2,0,Espèces,32.0,M,4.0
T07404,2025-08-30 18:02,M02,P016,4,10,Mobile Money,,M,4.0
T07406,2025-08-30 18:03,M04,P001,1,0,Mobile Money,36.0,F,3.0
T07405,2025-08-30 18:03,M04,P020,1,0,Espèces,23.0,M,2.0
T07407,2025-08-30 18:21,M03,P004,5,0,Espèces,29.0,F,5.0
T07408,2025-08-30 18:24,M03,P010,3,0,Espèces,42.0,F,3.0
T07409,2025-08-30 18:26,M01,P001,1,0,Mobile Money,38.0,M,4.0
T07410,2025-08-30 18:45,M04,P009,1,0,Espèces,19.0,F,4.0
T07411,2025-08-30 18:50,M02,P002,1,0,Mobile Money,30.0,M,2.0
T07412,2025-08-30 18:58,M01,P022,1,0,Mobile Money,30.0,F,5.0
T07413,2025-08-30 19:08,M03,P026,1,0,Espèces,43.0,F,4.0
T07414,2025-08-30 19:44,M01,P010,1,15,Espèces,27.0,F,4.0
T07415,2025-08-30 20:16,M03,P002,5,0,Mobile Money,22.0,F,4.0
T07416,2025-08-30 20:27,M01,P009,3,0,Espèces,16.0,F,4.0
T07417,2025-08-30 20:42,M01,P015,5,0,Mobile Money,39.0,M,3.0
T07418,2025-08-31 09:30,M03,P001,3,0,Mobile Money,43.0,F,4.0
T07419,2025-08-31 10:05,M03,P002,2,0,Espèces,38.0,F,5.0
T07420,2025-08-31 10:43,M02,P011,1,5,Carte,27.0,F,2.0
T07421,2025-08-31 10:49,M03,P027,1,0,Mobile Money,23.0,M,4.0
T07422,2025-08-31 11:00,M05,P025,1,0,Espèces,27.0,F,4.0
T07423,2025-08-31 11:22,M04,P001,3,0,Espèces,28.0,F,3.0
T07424,2025-08-31 11:54,M04,P001,2,0,Espèces,28.0,F,2.0
T07425,2025-08-31 12:24,M03,P002,4,5,Espèces,35.0,F,3.0
T07426,2025-08-31 12:34,M02,P007,4,5,Espèces,25.0,M,4.0
T07427,2025-08-31 12:43,M05,P025,1,15,Espèces,40.0,F,3.0
T07428,2025-08-31 13:00,M04,P011,1,0,Mobile Money,24.0,M,2.0
T07429,2025-08-31 13:09,M02,P012,4,0,Carte,31.0,F,3.0
T07430,2025-08-31 13:32,M02,P016,2,0,Mobile Money,31.0,F,4.0
T07431,2025-08-31 14:24,M01,P013,4,0,Mobile Money,26.0,M,4.0
T07432,2025-08-31 15:13,M05,P004,3,0,Mobile Money,31.0,F,4.0
T07433,2025-08-31 15:55,M01,P022,1,0,Mobile Money,19.0,M,4.0
T07434,2025-08-31 16:18,M01,P010,2,15,Espèces,30.0,M,3.0
T07435,2025-08-31 16:20,M01,P005,2,0,Carte,26.0,F,5.0
T07436,2025-08-31 16:47,M04,P015,1,0,Espèces,43.0,F,2.0
T07437,2025-08-31 16:53,M01,P021,1,0,Espèces,23.0,F,4.0
T07438,2025-08-31 16:59,M04,P015,3,0,Espèces,23.0,M,3.0
T07439,2025-08-31 17:07,M04,P005,2,0,Espèces,51.0,F,3.0
T07440,2025-08-31 17:08,M01,P026,1,0,Carte,28.0,F,5.0
T07441,2025-08-31 17:11,M01,P005,2,0,Espèces,45.0,M,3.0
T07442,2025-08-31 17:15,M02,P004,2,0,Espèces,45.0,F,1.0
T07443,2025-08-31 17:21,M04,P006,2,0,Espèces,30.0,M,1.0
T07444,2025-08-31 17:41,M01,P005,3,0,Mobile Money,23.0,F,4.0
T07445,2025-08-31 17:43,M01,P012,3,0,Espèces,37.0,F,4.0
T07446,2025-08-31 17:55,M04,P009,4,10,Mobile Money,45.0,F,1.0
T07447,2025-08-31 17:56,M03,P013,2,0,Espèces,28.0,F,3.0
T07448,2025-08-31 18:25,M04,P002,2,0,Espèces,34.0,F,4.0
T07449,2025-08-31 18:39,M02,P015,1,0,Espèces,31.0,F,2.0
T07450,2025-08-31 18:40,M01,P007,4,0,Espèces,35.0,M,4.0
T07451,2025-08-31 18:47,M01,P001,2,0,Mobile Money,53.0,F,3.0
T07452,2025-08-31 19:00,M01,P005,3,10,Carte,30.0,M,3.0
T07453,2025-08-31 19:12,M02,P007,4,15,Espèces,20.0,M,2.0
T07454,2025-08-31 19:26,M01,P017,3,0,espèces,38.0,F,2.0
T07455,2025-08-31 19:44,M05,P003,3,5,Mobile Money,52.0,M,4.0
T07456,2025-08-31 20:11,M02,P016,2,0,Espèces,41.0,M,3.0
T07457,2025-08-31 20:11,M05,P010,2,0,Carte,41.0,F,3.0
T07458,2025-08-31 21:16,M01,P010,3,0,Espèces,31.0,M,4.0
T07459,2025-08-31 21:53,M04,P017,2,0,Espèces,35.0,F,2.0
T07460,2025-09-01 10:05,M02,P010,4,0,Carte,50.0,F,3.0
T07461,2025-09-01 10:24,M03,P022,1,0,Mobile Money,,M,2.0
T07462,2025-09-01 12:09,M02,P014,2,0,Mobile Money,18.0,F,3.0
T07463,2025-09-01 12:43,M03,P003,5,10,Mobile Money,26.0,F,3.0
T07464,2025-09-01 13:34,M02,P001,1,0,Espèces,32.0,M,4.0
T07465,2025-09-01 13:45,M04,P012,1,0,Mobile Money,16.0,F,3.0
T07466,2025-09-01 14:00,M01,P010,5,0,Espèces,28.0,F,5.0
T07467,2025-09-01 14:28,M01,P018,2,0,Mobile Money,43.0,F,4.0
T07468,2025-09-01 15:05,M02,P001,1,5,Carte,36.0,M,4.0
T07469,2025-09-01 15:22,M03,P003,3,0,Mobile Money,29.0,F,3.0
T07470,2025-09-01 15:46,M04,P006,5,0,Espèces,33.0,F,2.0
T07471,2025-09-01 16:42,M05,P006,3,0,Mobile Money,43.0,M,5.0
T07472,2025-09-01 17:05,M05,P002,3,0,Espèces,36.0,F,3.0
T07473,2025-09-01 18:13,M03,P006,5,0,Mobile Money,37.0,F,4.0
T07474,2025-09-01 18:20,M02,P020,1,0,Carte,39.0,F,4.0
T07475,2025-09-01 18:53,M01,P025,3,10,Mobile Money,23.0,F,3.0
T07476,2025-09-01 19:08,M01,P015,3,0,Mobile Money,28.0,F,3.0
T07477,2025-09-01 19:09,M04,P022,1,0,Espèces,34.0,F,2.0
T07478,2025-09-01 19:28,M06,P017,5,0,Espèces,33.0,F,4.0
T07479,2025-09-01 19:35,M05,P027,1,0,Mobile Money,25.0,F,3.0
T07480,2025-09-01 19:51,M01,P009,2,0,Espèces,34.0,F,4.0
T07481,2025-09-01 19:57,M04,P011,4,0,Mobile Money,29.0,M,2.0
T07482,2025-09-01 20:35,M05,P003,3,0,Espèces,41.0,M,3.0
T07483,2025-09-01 21:25,M04,P002,1,10,Mobile Money,33.0,M,3.0
T07484,2025-09-02 10:12,M05,P006,1,0,Mobile Money,26.0,F,5.0
T07485,2025-09-02 10:39,M05,P009,4,0,Mobile Money,18.0,M,3.0
T07486,2025-09-02 12:34,M06,P006,3,0,Espèces,25.0,F,4.0
T07487,2025-09-02 12:41,M01,P014,1,0,Espèces,24.0,F,3.0
T07488,2025-09-02 12:54,M02,P004,3,10,Carte,25.0,F,4.0
T07489,2025-09-02 13:41,M02,P008,5,0,Carte,52.0,M,4.0
T07490,2025-09-02 14:18,M02,P005,3,0,Espèces,32.0,M,5.0
T07491,2025-09-02 14:46,M04,P004,2,0,Mobile Money,30.0,M,2.0
T07492,2025-09-02 15:18,M05,P008,1,0,Espèces,33.0,M,5.0
T07493,2025-09-02 15:24,M01,P004,3,0,Mobile Money,29.0,F,3.0
T07494,2025-09-02 15:56,M02,P017,2,0,Mobile Money,19.0,F,5.0
T07495,2025-09-02 16:07,M01,P005,3,0,Espèces,16.0,F,4.0
T07496,2025-09-02 16:39,M03,P012,2,0,Mobile Money,48.0,M,2.0
T07497,2025-09-02 16:42,M03,P010,3,0,Espèces,52.0,F,3.0
T07498,2025-09-02 16:50,M01,P008,3,0,Espèces,28.0,M,3.0
T07499,2025-09-02 16:59,M02,P027,1,0,Mobile Money,41.0,F,2.0
T07500,2025-09-02 17:11,M04,P017,2,5,Espèces,50.0,M,2.0
T07501,2025-09-02 17:12,M02,P002,2,0,Carte,22.0,F,5.0
T07502,2025-09-02 17:23,M02,P004,2,0,Carte,47.0,M,3.0
T07503,2025-09-02 17:29,M03,P012,3,10,Espèces,35.0,F,5.0
T07504,2025-09-02 18:00,M01,P016,3,0,Mobile Money,29.0,M,4.0
T07505,2025-09-02 18:37,M02,P007,4,0,Mobile Money,56.0,M,3.0
T07506,2025-09-02 19:19,M03,P013,3,0,Mobile Money,36.0,F,5.0
T07507,2025-09-02 19:26,M01,P014,2,0,Mobile Money,18.0,F,4.0
T07508,2025-09-02 19:42,M01,P009,3,0,Carte,19.0,F,3.0
T07509,2025-09-02 19:44,M01,P007,8,0,Espèces,43.0,F,4.0
T07510,2025-09-02 19:55,M02,P012,5,0,Mobile Money,39.0,M,4.0
T07511,2025-09-02 20:47,M05,P027,1,0,Mobile Money,33.0,F,3.0
T07512,2025-09-02 21:53,M06,P016,3,0,Espèces,16.0,M,4.0
T07513,2025-09-03 10:16,M06,P005,2,5,Espèces,60.0,F,4.0
T07514,2025-09-03 10:42,M03,P003,2,0,Espèces,40.0,F,3.0
T07515,2025-09-03 10:59,M04,P004,5,10,Mobile Money,39.0,F,3.0
T07516,2025-09-03 12:46,M01,P010,4,5,Mobile Money,50.0,F,3.0
T07517,2025-09-03 12:47,M05,P007,7,10,Espèces,45.0,M,4.0
T07518,2025-09-03 12:59,M06,P010,2,0,Espèces,51.0,M,4.0
T07519,2025-09-03 13:13,M04,P017,1,0,Mobile Money,20.0,F,2.0
T07520,2025-09-03 13:14,M03,P010,4,0,Espèces,40.0,M,3.0
T07521,2025-09-03 13:27,M02,P008,2,0,Mobile Money,16.0,M,4.0
T07522,2025-09-03 13:28,M01,P010,3,0,Espèces,27.0,M,5.0
T07523,2025-09-03 13:56,M02,P017,1,0,Espèces,55.0,F,3.0
T07524,2025-09-03 14:35,M05,P022,1,0,Mobile Money,25.0,M,4.0
T07525,2025-09-03 15:23,M03,P010,3,15,Espèces,30.0,M,4.0
T07526,2025-09-03 15:50,M02,P010,2,0,Mobile Money,28.0,M,3.0
T07527,2025-09-03 16:52,M01,P012,4,0,Mobile Money,32.0,F,3.0
T07528,2025-09-03 17:19,M01,P007,4,0,Mobile Money,28.0,F,3.0
T07529,2025-09-03 17:23,M01,P014,1,0,Espèces,49.0,F,5.0
T07530,2025-09-03 17:42,M04,P009,4,0,Mobile Money,27.0,F,3.0
T07531,2025-09-03 17:45,M03,P002,1,0,Espèces,31.0,M,5.0
T07532,2025-09-03 17:49,M02,P009,4,0,Mobile Money,29.0,M,2.0
T07533,2025-09-03 17:50,M04,P018,3,0,Espèces,31.0,F,4.0
T07534,2025-09-03 17:58,M05,P001,1,0,Espèces,43.0,F,2.0
T07535,2025-09-03 18:04,M02,P022,1,5,Mobile Money,28.0,F,3.0
T07536,2025-09-03 18:06,M02,P001,2,0,Carte,34.0,F,4.0
T07537,2025-09-03 18:25,M04,P007,5,0,Mobile Money,43.0,M,3.0
T07538,2025-09-03 18:35,M03,P001,2,0,Mobile Money,19.0,F,3.0
T07539,2025-09-03 18:56,M06,P016,4,0,Espèces,23.0,F,3.0
T07540,2025-09-03 19:00,M03,P022,1,0,Mobile Money,29.0,F,4.0
T07541,2025-09-03 19:11,M01,P024,1,0,Mobile Money,17.0,M,2.0
T07542,2025-09-03 19:38,M02,P001,2,0,Mobile Money,29.0,F,4.0
T07543,2025-09-03 20:10,M06,P018,5,0,Mobile Money,53.0,M,3.0
T07544,2025-09-03 20:52,M01,P010,2,5,Mobile Money,35.0,F,4.0
T07545,2025-09-03 20:57,M01,P017,2,0,Carte,34.0,F,4.0
T07546,2025-09-04 10:58,M01,P020,1,0,Espèces,20.0,F,3.0
T07547,2025-09-04 11:17,M03,P004,2,0,Mobile Money,56.0,F,4.0
T07548,2025-09-04 11:22,M01,P011,1,0,Espèces,,M,5.0
T07549,2025-09-04 11:57,M04,P007,2,0,Mobile Money,35.0,F,3.0
T07550,2025-09-04 12:09,M03,P006,3,0,Carte,32.0,M,5.0
T07551,2025-09-04 12:34,M01,P006,3,0,Mobile Money,19.0,F,3.0
T07552,2025-09-04 12:39,M04,P001,4,0,Mobile Money,24.0,M,2.0
T07553,2025-09-04 12:43,M05,P008,3,10,Mobile Money,41.0,M,4.0
T07554,2025-09-04 13:07,M05,P016,1,0,Espèces,31.0,F,3.0
T07555,2025-09-04 13:23,M04,P004,2,0,Mobile Money,24.0,F,3.0
T07556,2025-09-04 13:24,M06,P016,3,0,Mobile Money,24.0,F,4.0
T07557,2025-09-04 13:55,M02,P007,3,0,Espèces,44.0,F,4.0
T07558,2025-09-04 14:43,M03,P004,1,0,Espèces,38.0,M,3.0
T07559,2025-09-04 15:55,M03,P011,6,0,Espèces,53.0,M,3.0
T07560,2025-09-04 16:13,M03,P010,2,0,Espèces,39.0,M,5.0
T07561,2025-09-04 16:46,M02,P014,2,0,Espèces,39.0,M,2.0
T07562,2025-09-04 16:46,M01,P006,1,0,Mobile Money,42.0,F,4.0
T07563,2025-09-04 17:03,M04,P006,5,0,mobile money,28.0,M,3.0
T07564,2025-09-04 17:15,M01,P018,2,5,Espèces,30.0,F,3.0
T07565,2025-09-04 17:17,M03,P014,1,5,Mobile Money,40.0,M,4.0
T07566,2025-09-04 17:24,M04,P025,1,0,Espèces,29.0,M,1.0
T07567,2025-09-04 17:38,M01,P012,3,0,Espèces,35.0,M,3.0
T07568,2025-09-04 18:01,M03,P002,5,0,Espèces,16.0,M,4.0
T07569,2025-09-04 18:24,M02,P016,6,5,Carte,44.0,F,3.0
T07570,2025-09-04 18:44,M01,P025,2,10,Mobile Money,25.0,M,3.0
T07571,2025-09-04 18:59,M01,P002,3,0,Mobile Money,36.0,M,3.0
T07572,2025-09-04 19:06,M05,P009,2,0,Mobile Money,36.0,F,3.0
T07573,2025-09-04 19:27,M01,P025,1,0,Espèces,33.0,M,3.0
T07574,2025-09-04 19:44,M03,P005,2,0,Espèces,24.0,F,5.0
T07575,2025-09-04 19:57,M06,P020,1,0,Espèces,24.0,F,3.0
T07576,2025-09-04 20:08,M04,P012,2,0,Espèces,19.0,M,3.0
T07577,2025-09-05 12:37,M02,P016,1,0,Espèces,48.0,F,2.0
T07578,2025-09-05 13:50,M03,P009,4,0,Mobile Money,19.0,F,3.0
T07579,2025-09-05 14:04,M04,P027,1,0,Espèces,39.0,F,1.0
T07580,2025-09-05 15:27,M05,P001,3,0,Espèces,37.0,F,3.0
T07581,2025-09-05 15:55,M05,P013,3,10,Espèces,32.0,F,4.0
T07582,2025-09-05 16:08,M01,P002,2,0,Espèces,37.0,M,3.0
T07583,2025-09-05 16:10,M01,P022,1,0,Mobile Money,16.0,M,4.0
T07584,2025-09-05 16:22,M03,P010,2,0,Mobile Money,31.0,F,4.0
T07585,2025-09-05 17:39,M02,P001,4,10,Espèces,41.0,M,4.0
T07586,2025-09-05 17:49,M03,P003,5,0,Espèces,25.0,M,2.0
T07587,2025-09-05 17:50,M04,P012,1,0,Espèces,42.0,F,4.0
T07588,2025-09-05 18:06,M03,P011,2,0,Mobile Money,37.0,M,3.0
T07589,2025-09-05 18:20,M05,P007,1,5,Mobile Money,38.0,F,2.0
T07590,2025-09-05 18:51,M01,P003,3,0,Espèces,40.0,F,4.0
T07591,2025-09-05 19:12,M01,P014,1,0,Mobile Money,44.0,F,4.0
T07592,2025-09-05 19:26,M01,P011,4,0,Espèces,47.0,F,3.0
T07593,2025-09-05 19:41,M01,P011,5,0,Espèces,37.0,F,3.0
T07594,2025-09-05 19:43,M01,P004,2,0,Mobile Money,27.0,F,4.0
T07595,2025-09-05 19:44,M01,P014,1,0,Mobile Money,30.0,M,4.0
T07596,2025-09-05 19:46,M02,P009,4,0,Espèces,26.0,F,4.0
T07597,2025-09-05 19:52,M01,P014,1,0,Mobile Money,31.0,F,5.0
T07598,2025-09-05 19:53,M04,P014,2,0,Espèces,36.0,M,3.0
T07599,2025-09-05 21:11,M01,P009,2,5,Mobile Money,26.0,F,3.0
T07600,2025-09-05 21:53,M06,P009,1,0,Mobile Money,37.0,F,4.0
T07601,2025-09-06 09:55,M02,P003,2,0,Espèces,25.0,F,4.0
T07602,2025-09-06 10:48,M01,P005,3,5,Mobile Money,33.0,M,5.0
T07603,2025-09-06 10:49,M05,P012,4,0,Carte,34.0,F,3.0
T07604,2025-09-06 11:44,M01,P001,1,0,Espèces,28.0,F,4.0
T07605,2025-09-06 12:00,M05,P012,1,0,Espèces,21.0,M,4.0
T07606,2025-09-06 12:30,M02,P014,2,0,Espèces,52.0,F,3.0
T07607,2025-09-06 12:32,M01,P003,2,0,Mobile Money,24.0,F,3.0
T07608,2025-09-06 13:34,M01,P001,1,0,Espèces,28.0,F,4.0
T07609,2025-09-06 13:43,M04,P004,1,0,Espèces,23.0,M,1.0
T07610,2025-09-06 14:02,M03,P002,3,0,Mobile Money,44.0,M,5.0
T07611,2025-09-06 14:12,M06,P007,2,0,Espèces,26.0,M,3.0
T07612,2025-09-06 14:25,M01,P017,2,5,Espèces,27.0,F,4.0
T07613,2025-09-06 14:39,M01,P012,3,0,espèces,17.0,M,3.0
T07614,2025-09-06 14:58,M06,P012,2,0,Espèces,19.0,M,4.0
T07615,2025-09-06 15:02,M02,P019,-1,0,Carte,28.0,F,4.0
T07616,2025-09-06 15:05,M01,P006,4,0,Espèces,23.0,M,4.0
T07617,2025-09-06 15:23,M06,P012,1,5,Espèces,52.0,M,3.0
T07618,2025-09-06 16:11,M06,P005,2,0,Espèces,21.0,F,4.0
T07619,2025-09-06 16:22,M05,P019,1,0,Espèces,28.0,M,3.0
T07620,2025-09-06 16:27,M03,P004,4,0,Espèces,43.0,M,4.0
T07621,2025-09-06 16:28,M05,P017,4,10,Mobile Money,36.0,F,4.0
T07622,2025-09-06 16:48,M03,P009,7,0,Mobile Money,28.0,M,3.0
T07623,2025-09-06 16:50,M03,P009,2,5,Espèces,35.0,F,4.0
T07624,2025-09-06 17:00,M05,P005,4,0,Espèces,33.0,F,5.0
T07625,2025-09-06 17:07,M01,P001,3,0,Espèces,35.0,F,4.0
T07626,2025-09-06 17:18,M05,P012,4,0,Espèces,,M,4.0
T07627,2025-09-06 17:26,M06,P008,3,0,Mobile Money,19.0,F,5.0
T07628,2025-09-06 17:34,M03,P004,3,0,Espèces,34.0,F,5.0
T07629,2025-09-06 17:47,M01,P024,1,0,Mobile Money,36.0,M,4.0
T07630,2025-09-06 18:01,M05,P002,4,10,Espèces,41.0,M,5.0
T07631,2025-09-06 18:13,M04,P001,1,0,Mobile Money,34.0,F,4.0
T07633,2025-09-06 18:39,M03,P019,1,0,Mobile Money,34.0,M,4.0
T07632,2025-09-06 18:39,M01,P002,2,0,Mobile Money,53.0,F,3.0
T07634,2025-09-06 18:42,M02,P015,3,0,Mobile Money,38.0,F,4.0
T07635,2025-09-06 18:49,M03,P007,3,5,Espèces,47.0,M,5.0
T07636,2025-09-06 19:01,M03,P002,2,0,Espèces,31.0,M,4.0
T07637,2025-09-06 19:08,M01,P012,2,0,Mobile Money,19.0,M,2.0
T07638,2025-09-06 19:13,M03,P004,4,0,Mobile Money,30.0,M,3.0
T07639,2025-09-06 19:39,M03,P023,1,0,Espèces,30.0,F,5.0
T07640,2025-09-06 20:07,M02,P009,1,0,Mobile Money,20.0,M,4.0
T07641,2025-09-06 20:21,M01,P007,4,0,Espèces,35.0,M,3.0
T07642,2025-09-06 20:23,M01,P001,3,5,Mobile Money,49.0,M,2.0
T07643,2025-09-06 20:42,M03,P007,2,0,Espèces,40.0,F,3.0
T07644,2025-09-06 20:51,M02,P018,2,0,Mobile Money,17.0,M,3.0
T07645,2025-09-06 21:10,M01,P020,1,0,Espèces,35.0,M,2.0
T07646,2025-09-07 09:57,M01,P001,1,15,Mobile Money,25.0,F,5.0
T07647,2025-09-07 10:34,M04,P022,1,10,Espèces,29.0,F,4.0
T07648,2025-09-07 11:11,M04,P009,2,0,Espèces,34.0,F,2.0
T07649,2025-09-07 11:24,M06,P014,3,0,Espèces,32.0,M,4.0
T07650,2025-09-07 11:57,M03,P018,1,5,Espèces,31.0,M,3.0
T07651,2025-09-07 12:17,M01,P003,3,15,Mobile Money,36.0,F,5.0
T07652,2025-09-07 12:23,M01,P018,3,0,Espèces,40.0,F,3.0
T07653,2025-09-07 13:25,M01,P022,1,10,Mobile Money,19.0,M,5.0
T07654,2025-09-07 14:28,M01,P005,1,0,Espèces,49.0,F,3.0
T07655,2025-09-07 14:37,M02,P001,3,0,Carte,28.0,M,5.0
T07656,2025-09-07 14:52,M01,P010,2,0,Mobile Money,40.0,M,4.0
T07657,2025-09-07 15:12,M01,P017,3,0,Espèces,16.0,M,5.0
T07658,2025-09-07 15:32,M05,P001,2,0,Mobile Money,37.0,F,3.0
T07659,2025-09-07 15:40,M03,P008,3,0,Mobile Money,22.0,M,4.0
T07660,2025-09-07 15:40,M05,P001,4,0,Mobile Money,27.0,M,5.0
T07661,2025-09-07 15:44,M04,P002,3,0,Mobile Money,38.0,M,4.0
T07662,2025-09-07 16:00,M03,P010,4,0,Mobile Money,28.0,M,4.0
T07663,2025-09-07 16:11,M03,P012,2,0,Espèces,28.0,F,5.0
T07664,2025-09-07 16:20,M05,P010,1,0,Espèces,51.0,F,4.0
T07665,2025-09-07 16:27,M06,P004,1,5,Espèces,30.0,M,5.0
T07666,2025-09-07 16:36,M03,P004,2,0,Mobile Money,39.0,M,4.0
T07667,2025-09-07 16:41,M01,P013,2,5,Espèces,41.0,F,4.0
T07668,2025-09-07 16:44,M03,P005,2,0,Mobile Money,38.0,M,3.0
T07669,2025-09-07 16:57,M04,P002,3,0,Mobile Money,39.0,F,3.0
T07670,2025-09-07 17:07,M05,P009,3,0,Espèces,35.0,M,4.0
T07671,2025-09-07 17:22,M01,P007,4,0,Mobile Money,40.0,F,3.0
T07672,2025-09-07 17:27,M03,P014,3,10,Espèces,53.0,M,4.0
T07673,2025-09-07 17:34,M05,P001,1,0,Espèces,43.0,M,3.0
T07674,2025-09-07 17:39,M01,P022,1,0,Mobile Money,17.0,F,2.0
T07675,2025-09-07 17:46,M01,P002,1,0,Espèces,16.0,M,4.0
T07676,2025-09-07 17:49,M01,P014,2,0,Mobile Money,40.0,F,5.0
T07677,2025-09-07 17:50,M02,P007,5,10,Mobile Money,21.0,F,2.0
T07678,2025-09-07 18:08,M04,P016,7,0,Mobile Money,36.0,M,
T07679,2025-09-07 18:11,M02,P016,4,0,Mobile Money,44.0,F,4.0
T07680,2025-09-07 18:18,M04,P002,3,0,Espèces,35.0,M,3.0
T07681,2025-09-07 18:43,M01,P007,2,0,Espèces,37.0,M,2.0
T07682,2025-09-07 18:44,M03,P014,4,0,Espèces,30.0,F,4.0
T07683,2025-09-07 19:09,M04,P009,4,0,Espèces,27.0,M,3.0
T07684,2025-09-07 19:36,M03,P013,1,0,Espèces,30.0,F,4.0
T07685,2025-09-07 19:47,M03,P010,3,15,Espèces,44.0,F,4.0
T07686,2025-09-07 21:20,M06,P018,6,0,Carte,37.0,F,5.0
T07687,2025-09-08 10:21,M02,P005,2,0,Mobile Money,23.0,F,4.0
T07688,2025-09-08 10:27,M01,P017,2,0,Espèces,48.0,F,4.0
T07689,2025-09-08 11:05,M01,P001,2,0,Mobile Money,39.0,M,3.0
T07690,2025-09-08 11:15,M04,P008,3,0,Mobile Money,49.0,M,5.0
T07691,2025-09-08 11:39,M01,P017,1,0,Espèces,50.0,F,4.0
T07692,2025-09-08 11:44,M05,P019,1,0,Mobile Money,25.0,F,3.0
T07693,2025-09-08 12:07,M03,P025,1,0,Mobile Money,27.0,M,3.0
T07694,2025-09-08 12:30,M02,P014,4,5,Mobile Money,46.0,F,4.0
T07695,2025-09-08 12:41,M03,P024,1,5,Espèces,29.0,M,2.0
T07696,2025-09-08 12:49,M01,P003,2,0,Espèces,30.0,F,4.0
T07697,2025-09-08 12:59,M02,P015,2,0,Carte,35.0,F,2.0
T07698,2025-09-08 13:39,M03,P025,1,0,especes,41.0,M,4.0
T07699,2025-09-08 13:50,M05,P014,3,0,Carte,39.0,F,3.0
T07700,2025-09-08 14:01,M04,P002,3,0,Espèces,41.0,F,3.0
T07701,2025-09-08 14:04,M04,P014,2,0,Carte,25.0,F,1.0
T07702,2025-09-08 14:30,M01,P015,1,0,Mobile Money,24.0,M,5.0
T07703,2025-09-08 15:24,M05,P016,2,0,Mobile Money,32.0,M,4.0
T07704,2025-09-08 16:42,M05,P024,1,0,Espèces,48.0,M,4.0
T07705,2025-09-08 16:50,M01,P015,1,15,Mobile Money,30.0,M,4.0
T07706,2025-09-08 16:52,M03,P002,3,5,espèces,34.0,F,4.0
T07707,2025-09-08 16:54,M01,P002,1,0,Espèces,39.0,M,4.0
T07708,2025-09-08 17:03,M01,P004,6,0,Espèces,25.0,M,4.0
T07709,2025-09-08 17:08,M04,P001,3,0,Mobile Money,32.0,M,3.0
T07710,2025-09-08 17:08,M01,P011,4,0,Espèces,28.0,M,5.0
T07711,2025-09-08 17:19,M01,P003,3,0,Mobile Money,21.0,M,4.0
T07712,2025-09-08 17:40,M03,P007,1,0,Espèces,35.0,F,4.0
T07713,2025-09-08 17:41,M04,P013,2,0,Mobile Money,31.0,M,3.0
T07714,2025-09-08 17:48,M02,P005,3,10,Espèces,34.0,F,4.0
T07715,2025-09-08 18:07,M04,P017,2,0,Espèces,25.0,F,2.0
T07716,2025-09-08 18:13,M01,P023,1,5,Mobile Money,,M,4.0
T07717,2025-09-08 18:37,M02,P022,1,0,Carte,29.0,F,
T07718,2025-09-08 18:49,M01,P010,5,0,Mobile Money,22.0,F,3.0
T07719,2025-09-08 18:59,M04,P005,2,0,Espèces,33.0,F,3.0
T07720,2025-09-08 19:19,M03,P013,4,0,Espèces,40.0,F,4.0
T07721,2025-09-08 19:40,M03,P003,4,0,Mobile Money,40.0,F,3.0
T07722,2025-09-08 20:20,M01,P012,2,0,Espèces,44.0,M,3.0
T07723,2025-09-08 20:30,M03,P012,1,0,Espèces,36.0,F,3.0
T07724,2025-09-09 11:10,M02,P020,1,5,Mobile Money,33.0,F,3.0
T07725,2025-09-09 11:42,M01,P004,3,0,Mobile Money,,M,4.0
T07726,2025-09-09 11:54,M02,P016,2,0,Carte,20.0,M,4.0
T07727,2025-09-09 12:17,M02,P014,2,0,Mobile Money,27.0,F,2.0
T07728,2025-09-09 12:55,M04,P006,4,0,Mobile Money,58.0,M,2.0
T07729,2025-09-09 13:04,M02,P017,3,0,Mobile Money,43.0,F,4.0
T07730,2025-09-09 13:18,M05,P011,3,0,Espèces,24.0,F,4.0
T07731,2025-09-09 14:14,M01,P024,3,10,Carte,37.0,F,3.0
T07732,2025-09-09 14:27,M03,P011,1,0,Espèces,51.0,M,4.0
T07733,2025-09-09 15:32,M03,P012,2,0,Mobile Money,38.0,M,4.0
T07734,2025-09-09 16:48,M05,P004,2,5,Mobile Money,18.0,F,4.0
T07735,2025-09-09 16:54,M01,P027,1,0,Espèces,30.0,M,3.0
T07736,2025-09-09 17:13,M04,P009,2,10,Espèces,23.0,F,4.0
T07737,2025-09-09 17:37,M01,P003,2,0,Espèces,36.0,F,5.0
T07738,2025-09-09 17:43,M06,P001,1,0,Espèces,35.0,M,3.0
T07739,2025-09-09 17:59,M03,P017,5,10,Espèces,23.0,F,4.0
T07740,2025-09-09 18:06,M01,P010,2,0,Espèces,24.0,F,3.0
T07741,2025-09-09 18:17,M05,P005,3,0,Espèces,49.0,M,5.0
T07742,2025-09-09 18:58,M02,P012,1,5,Espèces,18.0,M,3.0
T07743,2025-09-09 19:41,M03,P002,3,0,Mobile Money,41.0,M,3.0
T07744,2025-09-09 19:44,M02,P007,2,0,Mobile Money,24.0,F,4.0
T07745,2025-09-09 19:45,M01,P010,1,10,Mobile Money,34.0,F,2.0
T07746,2025-09-10 10:12,M06,P007,1,5,Espèces,50.0,F,4.0
T07747,2025-09-10 10:17,M03,P013,2,0,Mobile Money,32.0,M,3.0
T07748,2025-09-10 11:49,M05,P014,3,0,Espèces,38.0,M,5.0
T07749,2025-09-10 11:52,M01,P003,2,0,Mobile Money,27.0,F,4.0
T07750,2025-09-10 12:11,M04,P011,5,0,Espèces,40.0,M,3.0
T07751,2025-09-10 12:12,M04,P005,5,0,Mobile Money,27.0,F,3.0
T07752,2025-09-10 12:28,M01,P014,1,5,Espèces,37.0,F,5.0
T07753,2025-09-10 12:33,M05,P021,1,0,Mobile Money,25.0,F,4.0
T07755,2025-09-10 13:17,M02,P022,1,0,Espèces,19.0,M,3.0
T07754,2025-09-10 13:17,M05,P003,3,0,Espèces,33.0,F,4.0
T07756,2025-09-10 13:37,M03,P011,3,0,Espèces,,F,3.0
T07757,2025-09-10 13:49,M02,P004,2,0,Espèces,29.0,M,1.0
T07758,2025-09-10 14:09,M03,P010,5,5,Espèces,34.0,M,3.0
T07759,2025-09-10 15:11,M06,P012,1,0,Espèces,34.0,F,3.0
T07760,2025-09-10 16:55,M01,P004,4,0,Espèces,32.0,M,4.0
T07761,2025-09-10 16:58,M02,P001,3,0,Espèces,41.0,M,4.0
T07762,2025-09-10 17:04,M05,P004,4,0,Mobile Money,22.0,F,4.0
T07763,2025-09-10 17:07,M03,P003,3,0,Mobile Money,27.0,M,3.0
T07764,2025-09-10 17:28,M06,P007,1,0,Espèces,36.0,M,3.0
T07765,2025-09-10 17:43,M04,P013,4,0,Espèces,32.0,M,4.0
T07766,2025-09-10 17:51,M03,P005,3,0,Espèces,33.0,F,4.0
T07767,2025-09-10 17:52,M03,P010,2,0,Espèces,37.0,F,5.0
T07768,2025-09-10 18:00,M05,P009,1,0,Mobile Money,20.0,M,2.0
T07769,2025-09-10 18:01,M01,P009,1,0,Mobile Money,20.0,M,3.0
T07770,2025-09-10 18:09,M02,P017,2,0,Mobile Money,32.0,F,3.0
T07771,2025-09-10 18:15,M04,P003,1,0,Espèces,45.0,F,2.0
T07772,2025-09-10 18:33,M02,P001,2,0,Espèces,47.0,M,2.0
T07773,2025-09-10 18:34,M06,P007,1,5,Espèces,18.0,F,2.0
T07774,2025-09-10 18:40,M01,P016,3,0,Espèces,47.0,F,5.0
T07775,2025-09-10 18:58,M01,P011,1,0,Espèces,33.0,F,4.0
T07776,2025-09-10 19:13,M03,P001,1,5,Espèces,21.0,F,3.0
T07777,2025-09-10 19:35,M01,P018,3,5,Carte,37.0,F,4.0
T07778,2025-09-10 20:12,M02,P017,4,0,Espèces,21.0,F,4.0
T07779,2025-09-10 20:13,M01,P013,3,0,Mobile Money,29.0,M,3.0
T07780,2025-09-11 11:23,M04,P003,2,5,Mobile Money,30.0,M,3.0
T07781,2025-09-11 12:05,M01,P002,2,0,Espèces,20.0,F,4.0
T07782,2025-09-11 13:13,M03,P010,3,0,Espèces,29.0,F,4.0
T07783,2025-09-11 13:43,M01,P013,3,0,Espèces,32.0,F,3.0
T07784,2025-09-11 14:01,M02,P009,2,5,Espèces,48.0,M,3.0
T07785,2025-09-11 14:12,M03,P009,1,0,Espèces,33.0,F,4.0
T07786,2025-09-11 14:15,M05,P001,2,0,especes,22.0,F,4.0
T07787,2025-09-11 15:04,M01,P004,3,0,Espèces,34.0,F,4.0
T07788,2025-09-11 16:11,M04,P014,1,0,Mobile Money,31.0,M,3.0
T07789,2025-09-11 16:14,M05,P009,2,0,Espèces,49.0,F,3.0
T07790,2025-09-11 16:21,M06,P011,2,0,Mobile Money,,F,4.0
T07791,2025-09-11 16:21,M03,P005,3,0,Espèces,,F,4.0
T07792,2025-09-11 16:29,M04,P005,2,5,Espèces,40.0,M,3.0
T07793,2025-09-11 16:41,M01,P017,2,0,Espèces,35.0,M,3.0
T07794,2025-09-11 16:50,M01,P009,2,0,Mobile Money,33.0,F,4.0
T07795,2025-09-11 16:50,M01,P010,6,0,Mobile Money,53.0,F,3.0
T07796,2025-09-11 16:54,M05,P003,5,0,Espèces,16.0,M,3.0
T07797,2025-09-11 17:03,M01,P001,2,0,Carte,42.0,F,3.0
T07798,2025-09-11 17:17,M03,P014,2,0,Mobile Money,38.0,M,4.0
T07799,2025-09-11 17:33,M03,P020,1,5,Mobile Money,37.0,F,4.0
T07800,2025-09-11 17:39,M02,P009,1,0,Espèces,44.0,M,1.0
T07801,2025-09-11 17:48,M02,P004,2,0,Mobile Money,21.0,M,1.0
T07802,2025-09-11 17:56,M06,P016,5,10,Mobile Money,41.0,F,3.0
T07803,2025-09-11 18:27,M03,P011,1,0,Mobile Money,37.0,M,4.0
T07804,2025-09-11 18:42,M04,P018,3,0,Espèces,43.0,M,1.0
T07805,2025-09-11 18:54,M01,P006,2,0,Mobile Money,17.0,M,2.0
T07806,2025-09-11 18:55,M01,P002,5,0,Mobile Money,40.0,F,3.0
T07807,2025-09-11 18:58,M01,P007,2,0,Espèces,45.0,M,3.0
T07808,2025-09-11 19:03,M05,P018,1,5,Espèces,50.0,F,4.0
T07809,2025-09-11 19:06,M01,P014,2,5,Espèces,45.0,F,4.0
T07810,2025-09-11 19:10,M03,P014,4,0,MoMo,20.0,M,4.0
T07811,2025-09-11 19:22,M06,P001,1,0,Espèces,32.0,F,4.0
T07812,2025-09-11 19:59,M04,P020,1,0,Espèces,29.0,M,4.0
T07813,2025-09-11 21:02,M01,P014,2,0,Mobile Money,28.0,M,4.0
T07814,2025-09-12 09:19,M03,P014,3,0,Mobile Money,55.0,M,4.0
T07815,2025-09-12 10:22,M02,P007,3,0,Mobile Money,28.0,F,4.0
T07816,2025-09-12 10:23,M06,P012,2,0,Mobile Money,28.0,F,4.0
T07817,2025-09-12 11:16,M04,P013,2,5,Mobile Money,34.0,M,2.0
T07818,2025-09-12 11:38,M01,P015,3,0,Espèces,24.0,M,1.0
T07819,2025-09-12 11:45,M02,P009,2,0,Mobile Money,26.0,M,2.0
T07820,2025-09-12 11:54,M04,P003,2,5,Espèces,32.0,M,3.0
T07821,2025-09-12 12:12,M05,P017,3,0,Espèces,16.0,F,3.0
T07822,2025-09-12 12:27,M02,P007,3,0,Espèces,27.0,F,4.0
T07823,2025-09-12 12:41,M01,P008,-2,0,Mobile Money,44.0,F,5.0
T07824,2025-09-12 12:52,M01,P024,1,0,Espèces,27.0,M,4.0
T07825,2025-09-12 13:12,M06,P007,2,0,Mobile Money,27.0,M,4.0
T07826,2025-09-12 13:13,M04,P002,4,0,Mobile Money,29.0,M,3.0
T07827,2025-09-12 13:20,M01,P003,2,0,Mobile Money,40.0,F,3.0
T07828,2025-09-12 13:39,M04,P025,1,0,Mobile Money,16.0,F,2.0
T07829,2025-09-12 13:41,M04,P001,3,0,Mobile Money,40.0,M,2.0
T07830,2025-09-12 14:10,M03,P009,3,0,Carte,43.0,M,4.0
T07831,2025-09-12 14:56,M06,P012,2,0,Espèces,30.0,F,1.0
T07832,2025-09-12 15:22,M06,P007,4,10,Espèces,31.0,F,4.0
T07833,2025-09-12 15:35,M06,P009,4,0,Mobile Money,34.0,M,4.0
T07834,2025-09-12 15:50,M04,P015,3,0,Carte,32.0,M,2.0
T07835,2025-09-12 16:44,M04,P009,6,10,Mobile Money,41.0,F,2.0
T07836,2025-09-12 17:00,M05,P002,4,0,Espèces,45.0,M,4.0
T07837,2025-09-12 17:17,M02,P002,4,0,Carte,37.0,F,4.0
T07838,2025-09-12 17:30,M03,P009,2,0,Mobile Money,19.0,M,5.0
T07839,2025-09-12 17:36,M04,P001,3,0,Espèces,29.0,M,4.0
T07840,2025-09-12 17:38,M02,P003,3,0,Mobile Money,31.0,F,3.0
T07841,2025-09-12 17:38,M01,P016,3,0,Mobile Money,42.0,F,2.0
T07842,2025-09-12 18:06,M01,P014,6,10,Mobile Money,36.0,F,4.0
T07843,2025-09-12 18:07,M01,P003,7,0,Espèces,27.0,M,3.0
T07844,2025-09-12 18:09,M01,P004,3,0,Espèces,24.0,F,4.0
T07845,2025-09-12 18:18,M01,P019,1,5,Mobile Money,29.0,M,4.0
T07846,2025-09-12 18:53,M01,P003,1,0,Mobile Money,37.0,F,4.0
T07847,2025-09-12 18:54,M02,P002,1,0,Mobile Money,21.0,M,2.0
T07848,2025-09-12 18:54,M01,P014,3,10,Espèces,22.0,F,5.0
T07849,2025-09-12 19:03,M02,P011,3,0,Mobile Money,42.0,F,4.0
T07850,2025-09-12 19:24,M01,P009,4,0,Carte,43.0,M,4.0
T07851,2025-09-12 19:47,M06,P007,5,0,Espèces,34.0,F,1.0
T07852,2025-09-12 20:29,M05,P020,1,0,Espèces,24.0,M,4.0
T07853,2025-09-13 10:13,M04,P018,4,0,Mobile Money,,M,2.0
T07854,2025-09-13 10:52,M02,P002,1,5,Mobile Money,48.0,F,4.0
T07855,2025-09-13 11:28,M05,P015,2,0,Espèces,38.0,M,3.0
T07856,2025-09-13 12:26,M05,P018,5,0,Mobile Money,17.0,F,4.0
T07857,2025-09-13 13:30,M05,P006,2,0,Mobile Money,28.0,F,3.0
T07858,2025-09-13 13:54,M03,P001,5,0,Mobile Money,26.0,F,3.0
T07859,2025-09-13 14:01,M01,P006,6,0,Espèces,35.0,F,4.0
T07860,2025-09-13 14:05,M03,P015,3,0,Mobile Money,43.0,M,4.0
T07861,2025-09-13 14:55,M01,P004,2,0,Espèces,19.0,F,4.0
T07862,2025-09-13 15:25,M01,P002,2,0,Mobile Money,46.0,M,5.0
T07863,2025-09-13 16:04,M03,P009,2,0,Espèces,16.0,F,3.0
T07864,2025-09-13 16:20,M01,P011,1,0,Espèces,29.0,M,3.0
T07865,2025-09-13 16:30,M02,P016,2,0,Carte,29.0,F,5.0
T07866,2025-09-13 16:39,M05,P016,4,0,Espèces,36.0,M,2.0
T07867,2025-09-13 16:42,M03,P014,2,0,Espèces,26.0,F,3.0
T07868,2025-09-13 17:20,M01,P009,1,0,Mobile Money,24.0,M,3.0
T07869,2025-09-13 17:30,M02,P001,5,10,Espèces,30.0,M,3.0
T07870,2025-09-13 17:32,M06,P004,5,15,Mobile Money,35.0,F,3.0
T07871,2025-09-13 17:38,M02,P005,3,0,Mobile Money,28.0,F,4.0
T07872,2025-09-13 17:43,M06,P007,4,0,Mobile Money,32.0,F,4.0
T07873,2025-09-13 17:45,M01,P002,2,0,Mobile Money,,M,5.0
T07874,2025-09-13 17:47,M01,P018,1,0,Espèces,23.0,M,4.0
T07875,2025-09-13 17:52,M05,P006,6,0,Mobile Money,55.0,F,5.0
T07876,2025-09-13 17:57,M03,P009,3,0,Carte,34.0,M,5.0
T07877,2025-09-13 18:07,M01,P020,1,5,Carte,35.0,F,4.0
T07878,2025-09-13 18:12,M04,P024,1,0,Espèces,32.0,M,4.0
T07879,2025-09-13 18:19,M01,P001,4,0,Carte,26.0,F,4.0
T07880,2025-09-13 18:24,M03,P010,3,0,Espèces,19.0,M,4.0
T07881,2025-09-13 18:26,M05,P013,6,0,Espèces,28.0,F,3.0
T07882,2025-09-13 18:28,M03,P015,2,0,Mobile Money,23.0,M,5.0
T07883,2025-09-13 18:28,M03,P025,1,0,Espèces,51.0,M,3.0
T07884,2025-09-13 18:58,M03,P003,3,0,Mobile Money,52.0,M,3.0
T07885,2025-09-13 19:05,M01,P016,2,5,Carte,27.0,M,2.0
T07886,2025-09-13 19:16,M03,P001,6,0,Mobile Money,30.0,F,3.0
T07887,2025-09-13 19:17,M01,P002,3,0,Mobile Money,16.0,M,3.0
T07888,2025-09-13 19:49,M01,P005,2,10,Espèces,38.0,F,4.0
T07889,2025-09-13 20:12,M04,P008,2,0,Mobile Money,35.0,M,3.0
T07890,2025-09-13 20:35,M03,P001,3,0,Mobile Money,25.0,M,3.0
T07891,2025-09-13 20:37,M01,P018,1,0,Espèces,17.0,M,2.0
T07892,2025-09-13 20:45,M01,P016,4,10,Mobile Money,43.0,F,4.0
T07893,2025-09-13 20:47,M05,P004,3,0,Mobile Money,16.0,M,3.0
T07894,2025-09-13 21:01,M04,P004,2,0,Mobile Money,48.0,M,4.0
T07895,2025-09-14 11:14,M02,P001,1,0,Espèces,39.0,M,4.0
T07896,2025-09-14 11:24,M03,P002,6,0,Espèces,31.0,F,3.0
T07897,2025-09-14 11:39,M01,P006,1,0,Espèces,35.0,M,2.0
T07898,2025-09-14 12:04,M02,P010,3,0,Espèces,38.0,M,3.0
T07899,2025-09-14 12:46,M03,P004,3,15,Mobile Money,34.0,M,3.0
T07900,2025-09-14 12:49,M05,P001,1,0,Espèces,55.0,F,4.0
T07901,2025-09-14 12:50,M02,P010,1,0,Mobile Money,63.0,F,4.0
T07902,2025-09-14 12:53,M02,P004,2,0,Carte,41.0,F,4.0
T07903,2025-09-14 13:02,M06,P022,1,0,Mobile Money,16.0,F,3.0
T07904,2025-09-14 13:03,M04,P022,1,5,Mobile Money,21.0,M,3.0
T07905,2025-09-14 13:08,M03,P008,2,0,Mobile Money,36.0,M,4.0
T07906,2025-09-14 13:23,M03,P004,3,0,especes,33.0,F,4.0
T07907,2025-09-14 13:56,M04,P008,5,0,Mobile Money,32.0,F,4.0
T07908,2025-09-14 15:08,M01,P008,2,0,Espèces,38.0,F,3.0
T07909,2025-09-14 15:47,M05,P006,2,0,Mobile Money,31.0,M,3.0
T07910,2025-09-14 16:10,M04,P014,3,0,Mobile Money,37.0,F,2.0
T07911,2025-09-14 16:17,M01,P020,1,0,Espèces,24.0,M,3.0
T07912,2025-09-14 16:20,M05,P009,3,5,Espèces,28.0,M,3.0
T07913,2025-09-14 17:07,M01,P007,4,15,Carte,16.0,F,4.0
T07914,2025-09-14 17:14,M03,P010,2,0,Mobile Money,37.0,M,4.0
T07915,2025-09-14 17:19,M06,P013,2,0,Mobile Money,31.0,F,3.0
T07916,2025-09-14 17:23,M04,P025,3,10,Espèces,16.0,F,3.0
T07917,2025-09-14 17:30,M05,P009,3,0,Espèces,41.0,F,4.0
T07918,2025-09-14 17:35,M05,P003,3,0,Mobile Money,16.0,M,3.0
T07919,2025-09-14 17:48,M03,P007,3,0,Espèces,27.0,F,3.0
T07920,2025-09-14 17:49,M02,P024,1,0,Espèces,27.0,M,2.0
T07921,2025-09-14 17:54,M06,P009,3,0,Mobile Money,,M,5.0
T07922,2025-09-14 18:13,M01,P003,1,0,Mobile Money,22.0,M,3.0
T07923,2025-09-14 18:14,M01,P019,1,15,Mobile Money,22.0,M,3.0
T07924,2025-09-14 18:35,M01,P002,2,0,Carte,32.0,M,3.0
T07925,2025-09-14 18:52,M02,P001,4,0,Espèces,29.0,F,2.0
T07926,2025-09-14 18:54,M02,P003,3,0,Espèces,34.0,F,3.0
T07927,2025-09-14 19:02,M03,P002,1,0,Espèces,18.0,M,1.0
T07928,2025-09-14 20:28,M05,P003,2,0,Espèces,39.0,F,5.0
T07929,2025-09-15 10:49,M03,P009,2,0,Carte,,F,5.0
T07930,2025-09-15 11:14,M02,P002,1,0,Espèces,37.0,M,3.0
T07931,2025-09-15 11:36,M05,P003,2,0,Espèces,40.0,M,4.0
T07932,2025-09-15 11:37,M01,P015,5,10,Mobile Money,26.0,M,4.0
T07933,2025-09-15 12:03,M04,P016,3,0,Espèces,29.0,F,3.0
T07934,2025-09-15 12:43,M03,P017,1,0,Mobile Money,39.0,F,2.0
T07935,2025-09-15 12:44,M01,P004,2,0,Espèces,28.0,M,4.0
T07936,2025-09-15 12:51,M01,P008,1,0,Mobile Money,17.0,M,5.0
T07937,2025-09-15 13:05,M01,P009,3,0,Espèces,17.0,M,3.0
T07938,2025-09-15 13:25,M01,P023,1,0,Espèces,19.0,M,5.0
T07939,2025-09-15 13:56,M02,P003,5,0,Carte,33.0,F,4.0
T07940,2025-09-15 14:42,M05,P027,1,0,Espèces,32.0,F,4.0
T07941,2025-09-15 14:46,M06,P021,1,0,Mobile Money,20.0,M,4.0
T07942,2025-09-15 15:06,M06,P016,2,0,Mobile Money,43.0,M,4.0
T07943,2025-09-15 15:47,M03,P018,4,0,Mobile Money,16.0,M,4.0
T07944,2025-09-15 15:51,M01,P009,2,5,Mobile Money,28.0,M,5.0
T07945,2025-09-15 16:01,M03,P011,1,0,Espèces,36.0,F,4.0
T07946,2025-09-15 16:14,M02,P006,3,0,Mobile Money,30.0,F,4.0
T07947,2025-09-15 16:35,M03,P019,1,0,Espèces,26.0,F,4.0
T07948,2025-09-15 16:41,M02,P024,1,0,Carte,33.0,M,4.0
T07949,2025-09-15 16:47,M03,P002,3,0,Mobile Money,37.0,M,5.0
T07950,2025-09-15 16:54,M05,P003,4,0,Espèces,33.0,F,2.0
T07951,2025-09-15 16:58,M01,P022,1,0,Mobile Money,32.0,M,4.0
T07952,2025-09-15 17:11,M02,P001,2,5,Espèces,43.0,M,2.0
T07953,2025-09-15 17:58,M01,P003,1,0,Espèces,,F,2.0
T07954,2025-09-15 18:04,M03,P003,4,10,Espèces,20.0,F,4.0
T07955,2025-09-15 18:14,M02,P010,2,0,Espèces,25.0,M,3.0
T07956,2025-09-15 18:21,M04,P001,3,0,Espèces,26.0,F,4.0
T07957,2025-09-15 18:35,M03,P006,4,5,Espèces,32.0,M,4.0
T07958,2025-09-15 18:40,M02,P007,3,0,Mobile Money,49.0,M,3.0
T07959,2025-09-15 18:43,M03,P003,2,0,Espèces,31.0,M,3.0
T07960,2025-09-15 18:52,M02,P015,3,5,Mobile Money,28.0,F,2.0
T07961,2025-09-15 18:57,M02,P004,3,0,Mobile Money,40.0,F,4.0
T07962,2025-09-15 19:48,M05,P019,1,0,Mobile Money,25.0,M,4.0
T07963,2025-09-15 20:43,M06,P014,2,0,Espèces,46.0,M,3.0
T07964,2025-09-16 10:07,M05,P009,4,0,Mobile Money,42.0,F,4.0
T07965,2025-09-16 11:23,M03,P001,1,5,Mobile Money,30.0,M,3.0
T07966,2025-09-16 11:36,M02,P026,1,5,Espèces,41.0,M,4.0
T07967,2025-09-16 11:46,M02,P011,1,0,Carte,30.0,M,3.0
T07968,2025-09-16 12:07,M03,P003,5,0,Espèces,32.0,F,5.0
T07969,2025-09-16 12:10,M01,P012,1,5,Espèces,24.0,F,5.0
T07970,2025-09-16 12:40,M01,P001,4,10,Carte,36.0,F,3.0
T07971,2025-09-16 13:04,M05,P024,1,0,Mobile Money,35.0,M,4.0
T07972,2025-09-16 13:16,M01,P013,3,5,Espèces,16.0,M,4.0
T07973,2025-09-16 13:20,M02,P007,2,5,Espèces,31.0,F,3.0
T07974,2025-09-16 13:25,M03,P014,5,0,Mobile Money,39.0,M,3.0
T07975,2025-09-16 13:28,M03,P025,1,0,Mobile Money,31.0,F,4.0
T07976,2025-09-16 13:53,M01,P027,1,0,Mobile Money,29.0,M,3.0
T07977,2025-09-16 14:36,M01,P022,1,0,Espèces,29.0,M,3.0
T07978,2025-09-16 15:15,M04,P013,5,15,Mobile Money,28.0,F,3.0
T07979,2025-09-16 15:25,M05,P015,3,0,Mobile Money,23.0,F,4.0
T07980,2025-09-16 15:28,M04,P007,2,0,Espèces,37.0,F,3.0
T07981,2025-09-16 15:30,M05,P022,2,10,Mobile Money,27.0,F,4.0
T07982,2025-09-16 16:38,M02,P009,2,0,Espèces,35.0,F,4.0
T07983,2025-09-16 16:43,M03,P014,2,5,Mobile Money,28.0,F,3.0
T07984,2025-09-16 16:56,M03,P005,2,0,Mobile Money,16.0,M,4.0
T07985,2025-09-16 17:15,M06,P011,3,0,Espèces,42.0,M,4.0
T07986,2025-09-16 17:22,M04,P004,8,10,Mobile Money,16.0,M,2.0
T07987,2025-09-16 17:32,M05,P024,1,5,Carte,40.0,F,3.0
T07988,2025-09-16 17:34,M02,P012,2,0,Mobile Money,36.0,F,1.0
T07989,2025-09-16 17:55,M03,P020,1,5,Mobile Money,27.0,F,4.0
T07990,2025-09-16 18:18,M06,P006,2,0,Espèces,31.0,M,2.0
T07991,2025-09-16 18:44,M04,P002,2,5,Mobile Money,40.0,M,4.0
T07992,2025-09-16 19:19,M03,P009,2,0,Mobile Money,31.0,F,4.0
T07993,2025-09-16 19:54,M03,P006,2,0,Espèces,37.0,M,2.0
T07994,2025-09-17 10:12,M02,P002,4,0,Carte,18.0,F,3.0
T07995,2025-09-17 10:55,M02,P006,4,15,Espèces,35.0,F,3.0
T07996,2025-09-17 11:30,M01,P023,1,0,Mobile Money,18.0,F,4.0
T07997,2025-09-17 11:58,M02,P013,5,0,Espèces,26.0,M,2.0
T07998,2025-09-17 11:59,M04,P004,2,0,Mobile Money,47.0,F,3.0
T07999,2025-09-17 12:01,M02,P004,2,0,Espèces,35.0,F,4.0
T08000,2025-09-17 12:04,M05,P014,3,0,Espèces,36.0,M,5.0
T08001,2025-09-17 12:05,M05,P015,3,0,Espèces,32.0,F,4.0
T08002,2025-09-17 12:12,M06,P013,3,0,Espèces,16.0,F,4.0
T08003,2025-09-17 12:20,M01,P007,2,0,Espèces,43.0,F,4.0
T08004,2025-09-17 12:24,M02,P012,4,10,Espèces,16.0,F,3.0
T08005,2025-09-17 12:30,M02,P005,1,5,Espèces,28.0,F,4.0
T08006,2025-09-17 13:36,M03,P010,6,0,Espèces,28.0,M,4.0
T08007,2025-09-17 13:44,M05,P012,1,0,Carte,44.0,F,3.0
T08008,2025-09-17 14:08,M01,P003,2,0,Mobile Money,42.0,F,3.0
T08009,2025-09-17 16:34,M05,P019,1,5,Mobile Money,25.0,F,4.0
T08010,2025-09-17 17:06,M06,P005,4,10,Espèces,29.0,F,4.0
T08011,2025-09-17 17:50,M03,P002,1,0,Mobile Money,46.0,F,4.0
T08012,2025-09-17 18:01,M06,P021,1,0,Espèces,24.0,F,4.0
T08013,2025-09-17 18:07,M02,P002,2,0,Espèces,53.0,F,4.0
T08014,2025-09-17 18:26,M05,P007,2,0,Mobile Money,39.0,F,5.0
T08015,2025-09-17 18:28,M02,P010,1,0,mobile money,44.0,F,3.0
T08016,2025-09-17 18:54,M06,P002,2,0,Mobile Money,49.0,F,4.0
T08017,2025-09-17 19:22,M04,P006,4,0,Mobile Money,42.0,F,3.0
T08018,2025-09-17 19:29,M02,P005,2,10,Carte,32.0,F,2.0
T08019,2025-09-17 20:00,M03,P025,1,10,Espèces,33.0,F,4.0
T08020,2025-09-17 20:01,M04,P004,2,0,Carte,16.0,F,4.0
T08021,2025-09-18 10:46,M01,P027,1,0,Mobile Money,31.0,M,3.0
T08022,2025-09-18 11:29,M03,P005,1,0,Mobile Money,28.0,F,5.0
T08023,2025-09-18 11:36,M04,P017,2,0,Mobile Money,17.0,F,1.0
T08024,2025-09-18 12:00,M06,P009,4,0,Espèces,43.0,F,3.0
T08025,2025-09-18 12:04,M05,P004,2,0,Mobile Money,35.0,F,3.0
T08026,2025-09-18 12:20,M01,P010,4,0,Mobile Money,51.0,M,5.0
T08027,2025-09-18 12:28,M06,P004,6,0,Mobile Money,33.0,F,4.0
T08028,2025-09-18 12:40,M06,P025,1,0,Mobile Money,46.0,M,4.0
T08029,2025-09-18 12:54,M05,P014,1,0,Espèces,37.0,F,4.0
T08030,2025-09-18 12:55,M02,P019,2,10,espèces,31.0,M,3.0
T08031,2025-09-18 13:25,M06,P016,2,0,Mobile Money,35.0,F,5.0
T08032,2025-09-18 13:50,M05,P008,3,0,Mobile Money,38.0,F,4.0
T08033,2025-09-18 13:51,M03,P015,3,10,Espèces,,M,4.0
T08034,2025-09-18 13:58,M02,P014,3,0,Mobile Money,37.0,M,5.0
T08035,2025-09-18 14:39,M01,P011,3,0,Espèces,26.0,F,4.0
T08036,2025-09-18 14:44,M05,P004,5,0,Espèces,25.0,M,3.0
T08037,2025-09-18 15:38,M04,P010,1,0,Espèces,21.0,M,2.0
T08038,2025-09-18 15:43,M04,P013,2,0,Mobile Money,35.0,M,1.0
T08039,2025-09-18 15:54,M01,P008,5,10,Mobile Money,24.0,F,4.0
T08040,2025-09-18 16:21,M01,P001,2,0,Espèces,37.0,M,4.0
T08041,2025-09-18 16:24,M01,P016,2,0,Mobile Money,23.0,F,4.0
T08042,2025-09-18 16:47,M01,P016,2,0,Carte,49.0,F,3.0
T08043,2025-09-18 17:20,M04,P004,2,0,Espèces,32.0,F,3.0
T08044,2025-09-18 17:21,M03,P001,4,0,Espèces,25.0,F,5.0
T08045,2025-09-18 17:26,M04,P001,3,0,Mobile Money,37.0,M,2.0
T08046,2025-09-18 17:37,M02,P021,1,0,Carte,21.0,F,3.0
T08047,2025-09-18 17:39,M01,P009,2,0,Carte,33.0,F,4.0
T08048,2025-09-18 17:56,M03,P015,2,0,Espèces,30.0,M,3.0
T08049,2025-09-18 18:08,M04,P001,2,0,Mobile Money,44.0,M,2.0
T08050,2025-09-18 18:14,M06,P003,4,0,Espèces,25.0,F,3.0
T08051,2025-09-18 18:20,M02,P013,1,0,Espèces,28.0,M,3.0
T08052,2025-09-18 18:43,M04,P014,3,0,Espèces,31.0,F,2.0
T08053,2025-09-18 19:25,M01,P013,4,10,Espèces,41.0,M,3.0
T08054,2025-09-18 19:52,M05,P015,1,0,Mobile Money,34.0,F,4.0
T08055,2025-09-18 19:57,M04,P002,2,10,Espèces,37.0,M,3.0
T08056,2025-09-18 20:02,M03,P006,4,0,Mobile Money,37.0,M,5.0
T08057,2025-09-19 10:35,M01,P007,4,0,Espèces,26.0,M,4.0
T08058,2025-09-19 10:49,M02,P012,2,0,Espèces,24.0,F,4.0
T08059,2025-09-19 11:56,M01,P008,4,0,Mobile Money,44.0,F,4.0
T08060,2025-09-19 11:59,M04,P013,4,0,Mobile Money,34.0,F,2.0
T08061,2025-09-19 12:00,M01,P003,2,0,Mobile Money,25.0,M,4.0
T08062,2025-09-19 12:02,M01,P015,4,0,Espèces,53.0,F,4.0
T08063,2025-09-19 12:49,M03,P009,3,0,Espèces,53.0,M,5.0
T08064,2025-09-19 12:59,M04,P005,3,0,Mobile Money,28.0,F,3.0
T08065,2025-09-19 13:09,M01,P015,3,15,Mobile Money,39.0,F,4.0
T08066,2025-09-19 13:29,M04,P003,3,0,Espèces,31.0,F,2.0
T08067,2025-09-19 14:08,M02,P011,2,0,Espèces,27.0,F,3.0
T08068,2025-09-19 14:11,M01,P018,2,0,Mobile Money,46.0,F,3.0
T08069,2025-09-19 14:30,M04,P001,3,0,Espèces,31.0,F,4.0
T08070,2025-09-19 14:38,M02,P001,3,0,carte,21.0,F,3.0
T08071,2025-09-19 15:46,M05,P019,1,0,Espèces,16.0,F,4.0
T08072,2025-09-19 15:49,M01,P010,2,5,mobile money,35.0,M,5.0
T08073,2025-09-19 15:51,M01,P009,1,0,Mobile Money,34.0,M,4.0
T08074,2025-09-19 15:52,M04,P017,1,0,Carte,,M,2.0
T08075,2025-09-19 16:27,M02,P025,1,5,Espèces,43.0,M,5.0
T08076,2025-09-19 16:33,M03,P005,3,5,Espèces,39.0,M,5.0
T08077,2025-09-19 16:38,M02,P013,3,0,Carte,36.0,F,3.0
T08078,2025-09-19 17:01,M01,P010,3,0,Mobile Money,51.0,F,4.0
T08079,2025-09-19 17:03,M01,P017,1,0,Mobile Money,23.0,F,4.0
T08080,2025-09-19 17:35,M05,P009,2,10,Mobile Money,21.0,F,5.0
T08081,2025-09-19 17:37,M02,P007,3,0,Espèces,40.0,F,5.0
T08082,2025-09-19 18:02,M03,P003,2,0,Espèces,23.0,F,3.0
T08083,2025-09-19 18:29,M06,P018,3,0,Espèces,26.0,F,4.0
T08084,2025-09-19 18:37,M01,P025,1,5,Mobile Money,31.0,F,5.0
T08085,2025-09-19 19:27,M03,P005,2,10,Espèces,25.0,F,2.0
T08086,2025-09-19 19:50,M03,P020,1,0,Mobile Money,28.0,F,4.0
T08087,2025-09-19 20:00,M01,P009,4,5,Mobile Money,37.0,F,3.0
T08088,2025-09-19 20:05,M02,P003,2,0,Carte,35.0,M,4.0
T08089,2025-09-19 20:14,M01,P017,3,0,Mobile Money,19.0,M,4.0
T08090,2025-09-19 21:53,M01,P012,1,0,Mobile Money,20.0,F,2.0
T08091,2025-09-20 09:50,M01,P025,1,0,Espèces,32.0,M,4.0
T08092,2025-09-20 11:06,M01,P005,3,5,Mobile Money,29.0,M,5.0
T08093,2025-09-20 11:14,M04,P006,1,0,Espèces,49.0,M,4.0
T08094,2025-09-20 11:17,M03,P003,4,0,Espèces,29.0,M,5.0
T08095,2025-09-20 11:52,M01,P018,3,0,mobile money,43.0,F,4.0
T08096,2025-09-20 12:17,M04,P004,3,0,Mobile Money,37.0,M,3.0
T08097,2025-09-20 12:36,M04,P001,2,0,Carte,26.0,F,3.0
T08098,2025-09-20 13:23,M02,P011,1,0,Carte,35.0,F,2.0
T08099,2025-09-20 13:38,M01,P005,2,0,Espèces,42.0,F,3.0
T08100,2025-09-20 13:46,M06,P015,1,0,Mobile Money,41.0,F,4.0
T08101,2025-09-20 15:17,M03,P003,3,0,Mobile Money,41.0,M,4.0
T08102,2025-09-20 15:41,M02,P011,2,0,Carte,24.0,M,2.0
T08103,2025-09-20 16:34,M04,P011,2,0,Espèces,30.0,F,2.0
T08104,2025-09-20 16:36,M05,P007,2,0,Espèces,32.0,M,4.0
T08105,2025-09-20 16:36,M05,P021,1,0,Mobile Money,27.0,F,4.0
T08106,2025-09-20 16:49,M05,P010,2,0,Mobile Money,18.0,F,3.0
T08107,2025-09-20 16:54,M02,P009,2,0,Espèces,18.0,M,3.0
T08108,2025-09-20 16:57,M03,P019,1,0,Mobile Money,22.0,F,4.0
T08109,2025-09-20 16:59,M02,P009,1,0,Mobile Money,31.0,M,4.0
T08110,2025-09-20 17:04,M03,P002,3,0,Espèces,47.0,M,2.0
T08111,2025-09-20 17:11,M01,P024,1,0,Espèces,40.0,F,3.0
T08112,2025-09-20 17:11,M05,P009,5,0,Espèces,33.0,F,4.0
T08113,2025-09-20 17:26,M02,P025,1,0,Mobile Money,34.0,F,4.0
T08114,2025-09-20 17:43,M05,P009,1,5,Espèces,16.0,F,4.0
T08115,2025-09-20 17:48,M03,P005,2,0,Espèces,48.0,M,5.0
T08116,2025-09-20 18:18,M03,P010,1,0,Espèces,26.0,M,4.0
T08117,2025-09-20 18:43,M06,P022,1,0,Espèces,39.0,F,4.0
T08118,2025-09-20 19:22,M01,P016,6,0,Mobile Money,20.0,F,3.0
T08119,2025-09-20 19:24,M05,P013,1,0,Mobile Money,23.0,F,3.0
T08120,2025-09-20 20:04,M02,P009,4,0,Mobile Money,16.0,F,5.0
T08121,2025-09-20 20:15,M02,P022,1,0,Carte,32.0,M,3.0
T08122,2025-09-20 20:38,M05,P005,3,0,Mobile Money,31.0,F,3.0
T08123,2025-09-20 21:53,M01,P020,1,0,Mobile Money,26.0,M,3.0
T08124,2025-09-21 10:10,M02,P016,1,5,Mobile Money,36.0,M,2.0
T08125,2025-09-21 10:37,M06,P009,2,0,Mobile Money,16.0,F,4.0
T08126,2025-09-21 10:41,M02,P017,2,10,Espèces,24.0,M,3.0
T08127,2025-09-21 12:15,M02,P003,3,0,Carte,27.0,M,5.0
T08128,2025-09-21 12:27,M03,P007,2,0,Espèces,44.0,M,5.0
T08129,2025-09-21 12:38,M06,P006,3,0,Espèces,35.0,F,4.0
T08130,2025-09-21 13:12,M01,P018,3,0,Mobile Money,42.0,F,4.0
T08131,2025-09-21 14:20,M03,P002,3,5,Espèces,50.0,F,5.0
T08132,2025-09-21 14:39,M03,P011,2,10,Espèces,35.0,F,4.0
T08133,2025-09-21 14:42,M02,P022,1,0,Mobile Money,22.0,F,3.0
T08134,2025-09-21 14:47,M03,P009,2,0,Mobile Money,46.0,M,3.0
T08135,2025-09-21 15:23,M03,P003,2,0,Carte,34.0,F,4.0
T08136,2025-09-21 15:50,M03,P007,3,0,Espèces,37.0,M,4.0
T08137,2025-09-21 16:20,M01,P011,2,0,Mobile Money,16.0,F,5.0
T08138,2025-09-21 16:50,M06,P014,4,0,Mobile Money,32.0,M,3.0
T08139,2025-09-21 17:18,M05,P010,4,5,Espèces,38.0,F,4.0
T08140,2025-09-21 17:34,M02,P002,2,0,Espèces,33.0,M,5.0
T08141,2025-09-21 18:08,M05,P001,1,0,Mobile Money,27.0,M,4.0
T08142,2025-09-21 18:31,M01,P002,3,0,Espèces,35.0,F,5.0
T08143,2025-09-21 18:43,M01,P015,2,0,Mobile Money,42.0,F,4.0
T08144,2025-09-21 18:50,M04,P010,4,0,Espèces,30.0,M,3.0
T08145,2025-09-21 19:24,M01,P006,3,0,Espèces,30.0,M,4.0
T08146,2025-09-21 19:31,M04,P004,2,5,Espèces,33.0,F,2.0
T08147,2025-09-21 19:51,M01,P002,2,0,Mobile Money,36.0,F,4.0
T08148,2025-09-21 19:54,M03,P012,3,0,Mobile Money,46.0,F,2.0
T08149,2025-09-21 19:57,M05,P010,4,5,Mobile Money,46.0,M,1.0
T08150,2025-09-21 19:59,M02,P002,1,0,Espèces,20.0,M,2.0
T08151,2025-09-21 20:01,M03,P011,1,0,Espèces,27.0,F,5.0
T08152,2025-09-21 20:04,M03,P008,3,0,Espèces,24.0,M,2.0
T08153,2025-09-21 20:08,M03,P012,5,10,Mobile Money,,F,3.0
T08154,2025-09-21 20:18,M01,P010,3,0,Espèces,38.0,F,3.0
T08155,2025-09-21 20:23,M01,P010,5,0,Mobile Money,30.0,M,4.0
T08156,2025-09-21 20:25,M05,P008,5,0,Espèces,22.0,F,3.0
T08157,2025-09-21 20:43,M02,P009,1,0,Mobile Money,24.0,M,5.0
T08158,2025-09-21 21:10,M04,P004,2,0,Espèces,40.0,F,2.0
T08159,2025-09-21 21:53,M01,P005,2,0,Mobile Money,38.0,F,4.0
T08160,2025-09-22 10:42,M01,P019,1,0,Carte,28.0,F,4.0
T08161,2025-09-22 11:07,M03,P003,2,0,Espèces,28.0,M,5.0
T08162,2025-09-22 12:06,M01,P006,4,0,Mobile Money,32.0,F,4.0
T08163,2025-09-22 12:21,M01,P001,1,0,Mobile Money,43.0,M,3.0
T08164,2025-09-22 12:23,M03,P002,3,10,Carte,16.0,M,5.0
T08165,2025-09-22 12:27,M02,P009,4,0,Espèces,26.0,M,5.0
T08166,2025-09-22 12:29,M06,P008,4,0,Mobile Money,47.0,M,4.0
T08167,2025-09-22 12:53,M04,P006,1,5,Espèces,28.0,F,3.0
T08168,2025-09-22 13:01,M05,P015,3,0,Espèces,26.0,F,3.0
T08169,2025-09-22 14:14,M03,P006,1,0,Espèces,49.0,M,5.0
T08170,2025-09-22 15:00,M01,P006,7,15,Mobile Money,16.0,M,4.0
T08171,2025-09-22 15:56,M02,P014,1,0,Mobile Money,16.0,F,3.0
T08172,2025-09-22 16:41,M02,P004,5,10,Mobile Money,33.0,M,4.0
T08173,2025-09-22 16:51,M04,P021,1,0,Mobile Money,28.0,M,3.0
T08174,2025-09-22 17:39,M01,P006,2,0,Mobile Money,28.0,F,5.0
T08175,2025-09-22 17:45,M01,P009,1,5,Espèces,50.0,F,5.0
T08176,2025-09-22 18:51,M03,P002,2,5,Espèces,33.0,F,4.0
T08177,2025-09-22 18:53,M01,P010,6,0,Espèces,37.0,M,3.0
T08178,2025-09-22 19:28,M02,P017,5,5,Espèces,34.0,F,1.0
T08179,2025-09-22 19:33,M04,P002,3,0,Espèces,57.0,M,5.0
T08180,2025-09-22 19:41,M01,P006,3,0,Espèces,35.0,M,3.0
T08181,2025-09-23 10:40,M01,P005,3,0,Mobile Money,42.0,M,5.0
T08182,2025-09-23 11:22,M06,P011,2,0,Espèces,20.0,F,3.0
T08183,2025-09-23 11:47,M02,P003,4,0,Espèces,31.0,M,4.0
T08184,2025-09-23 11:50,M03,P014,4,10,Mobile Money,34.0,F,3.0
T08185,2025-09-23 11:55,M05,P002,4,0,Mobile Money,33.0,F,4.0
T08186,2025-09-23 12:07,M03,P024,1,5,Mobile Money,24.0,F,4.0
T08187,2025-09-23 12:09,M01,P005,5,0,Carte,37.0,M,4.0
T08188,2025-09-23 12:11,M02,P017,2,0,Espèces,36.0,F,3.0
T08189,2025-09-23 12:23,M02,P007,1,0,Mobile Money,25.0,F,4.0
T08190,2025-09-23 12:49,M03,P016,3,0,Mobile Money,33.0,M,4.0
T08191,2025-09-23 12:55,M01,P002,5,10,Carte,39.0,M,3.0
T08192,2025-09-23 13:15,M05,P014,2,0,Mobile Money,45.0,M,5.0
T08193,2025-09-23 13:40,M01,P015,4,0,Espèces,21.0,F,3.0
T08194,2025-09-23 13:53,M05,P014,2,0,Mobile Money,53.0,M,5.0
T08195,2025-09-23 14:42,M01,P019,1,0,Mobile Money,30.0,M,4.0
T08196,2025-09-23 15:45,M04,P007,5,10,Mobile Money,40.0,F,2.0
T08197,2025-09-23 15:48,M06,P010,2,0,Espèces,28.0,F,4.0
T08198,2025-09-23 16:23,M06,P006,2,0,Espèces,32.0,M,4.0
T08199,2025-09-23 16:32,M03,P013,3,0,Espèces,34.0,M,2.0
T08200,2025-09-23 16:49,M02,P011,1,0,Mobile Money,29.0,M,3.0
T08201,2025-09-23 16:54,M04,P012,3,0,Mobile Money,66.0,M,3.0
T08202,2025-09-23 17:16,M01,P002,3,0,Espèces,39.0,F,4.0
T08203,2025-09-23 17:30,M03,P022,1,5,Mobile Money,31.0,M,3.0
T08204,2025-09-23 17:32,M03,P008,3,0,Mobile Money,,M,3.0
T08205,2025-09-23 17:37,M03,P001,2,0,Espèces,22.0,F,3.0
T08206,2025-09-23 18:04,M04,P003,3,0,Mobile Money,41.0,M,2.0
T08207,2025-09-23 18:12,M04,P013,4,0,Espèces,50.0,F,3.0
T08208,2025-09-23 18:39,M01,P003,1,0,Mobile Money,16.0,M,3.0
T08209,2025-09-23 18:52,M03,P014,5,5,Espèces,22.0,F,3.0
T08210,2025-09-23 19:22,M05,P027,1,0,Espèces,20.0,F,4.0
T08211,2025-09-23 19:36,M02,P015,3,0,Carte,33.0,M,3.0
T08212,2025-09-23 20:25,M06,P007,3,5,Carte,39.0,F,3.0
T08213,2025-09-23 20:31,M05,P005,1,0,Espèces,50.0,F,1.0
T08214,2025-09-23 21:43,M02,P014,2,0,Mobile Money,34.0,M,3.0
T08215,2025-09-24 10:52,M02,P005,3,10,Espèces,36.0,F,4.0
T08216,2025-09-24 11:40,M05,P011,2,0,Mobile Money,59.0,M,2.0
T08217,2025-09-24 12:14,M04,P007,3,0,Espèces,43.0,F,2.0
T08218,2025-09-24 12:24,M01,P013,2,0,Carte,41.0,F,4.0
T08219,2025-09-24 12:38,M02,P020,1,5,Espèces,30.0,M,4.0
T08220,2025-09-24 12:45,M01,P027,1,0,Mobile Money,21.0,M,4.0
T08222,2025-09-24 12:46,M06,P012,1,5,Espèces,20.0,F,4.0
T08221,2025-09-24 12:46,M03,P016,4,0,Mobile Money,30.0,F,5.0
T08223,2025-09-24 12:51,M01,P009,5,0,Espèces,37.0,M,3.0
T08224,2025-09-24 13:02,M02,P009,2,0,Mobile Money,41.0,M,5.0
T08225,2025-09-24 13:06,M06,P009,3,0,Espèces,35.0,M,3.0
T08226,2025-09-24 13:25,M01,P002,4,10,Espèces,22.0,M,3.0
T08227,2025-09-24 14:25,M02,P022,1,0,Mobile Money,27.0,F,3.0
T08228,2025-09-24 14:31,M01,P011,2,0,Mobile Money,42.0,M,4.0
T08229,2025-09-24 16:05,M05,P014,4,10,Espèces,40.0,F,4.0
T08230,2025-09-24 16:35,M02,P015,3,0,Espèces,47.0,M,4.0
T08231,2025-09-24 16:35,M05,P007,1,0,Mobile Money,25.0,M,3.0
T08232,2025-09-24 16:50,M05,P006,2,0,Mobile Money,29.0,M,5.0
T08233,2025-09-24 17:02,M02,P009,2,0,Mobile Money,33.0,M,3.0
T08234,2025-09-24 17:06,M03,P008,3,0,Carte,35.0,F,5.0
T08235,2025-09-24 17:08,M02,P008,8,0,Mobile Money,40.0,M,4.0
T08236,2025-09-24 17:31,M01,P010,2,0,Mobile Money,31.0,M,4.0
T08237,2025-09-24 17:31,M01,P009,3,0,Mobile Money,30.0,F,5.0
T08238,2025-09-24 17:46,M03,P011,3,0,Espèces,29.0,F,5.0
T08239,2025-09-24 17:50,M04,P007,3,0,Mobile Money,38.0,M,4.0
T08240,2025-09-24 18:18,M03,P007,3,5,Espèces,27.0,F,4.0
T08241,2025-09-24 18:32,M05,P025,1,0,Mobile Money,41.0,F,3.0
T08242,2025-09-24 18:54,M03,P017,3,0,Espèces,42.0,M,3.0
T08243,2025-09-24 19:00,M01,P011,5,0,Mobile Money,37.0,F,4.0
T08244,2025-09-24 19:04,M05,P007,3,0,Espèces,35.0,F,2.0
T08245,2025-09-24 19:10,M05,P013,3,10,Espèces,42.0,M,2.0
T08246,2025-09-24 19:19,M05,P015,1,0,Mobile Money,33.0,M,1.0
T08247,2025-09-24 19:30,M02,P001,3,0,Mobile Money,39.0,M,3.0
T08248,2025-09-24 19:44,M05,P027,1,0,Mobile Money,16.0,M,5.0
T08249,2025-09-24 20:03,M01,P005,2,0,Espèces,29.0,F,4.0
T08250,2025-09-24 20:12,M01,P016,2,0,Espèces,34.0,M,3.0
T08251,2025-09-24 21:41,M02,P005,3,5,Espèces,34.0,F,2.0
T08252,2025-09-25 08:00,M01,P007,3,0,Espèces,38.0,F,3.0
T08253,2025-09-25 10:56,M03,P012,1,0,Mobile Money,28.0,F,4.0
T08254,2025-09-25 11:25,M03,P025,1,5,Espèces,28.0,M,4.0
T08255,2025-09-25 11:26,M04,P017,3,0,Mobile Money,37.0,F,3.0
T08256,2025-09-25 11:33,M02,P009,4,0,Mobile Money,41.0,F,3.0
T08257,2025-09-25 11:55,M04,P023,1,5,Espèces,32.0,F,4.0
T08258,2025-09-25 12:00,M04,P007,4,0,Mobile Money,16.0,F,2.0
T08259,2025-09-25 12:13,M03,P018,2,0,Mobile Money,29.0,M,4.0
T08260,2025-09-25 12:58,M05,P004,4,0,Espèces,30.0,F,5.0
T08261,2025-09-25 13:17,M06,P003,5,10,Espèces,18.0,F,3.0
T08262,2025-09-25 13:18,M03,P002,3,10,Espèces,22.0,F,5.0
T08263,2025-09-25 13:29,M01,P014,5,0,Mobile Money,44.0,M,3.0
T08264,2025-09-25 13:36,M04,P001,3,0,Mobile Money,33.0,M,3.0
T08265,2025-09-25 14:01,M05,P017,2,0,Espèces,22.0,M,2.0
T08266,2025-09-25 15:57,M03,P018,2,0,Espèces,29.0,F,4.0
T08267,2025-09-25 16:33,M03,P004,1,0,Espèces,44.0,F,4.0
T08268,2025-09-25 17:03,M06,P004,3,0,Mobile Money,47.0,M,3.0
T08269,2025-09-25 17:24,M04,P014,2,0,Mobile Money,36.0,M,4.0
T08270,2025-09-25 17:38,M02,P007,1,5,Mobile Money,28.0,M,3.0
T08271,2025-09-25 17:40,M04,P011,1,0,Espèces,35.0,F,4.0
T08272,2025-09-25 18:29,M03,P016,1,0,Espèces,32.0,M,4.0
T08273,2025-09-25 18:41,M03,P015,1,10,Espèces,40.0,F,3.0
T08274,2025-09-25 19:44,M03,P008,3,0,Mobile Money,31.0,M,3.0
T08275,2025-09-25 19:49,M04,P009,3,0,Mobile Money,19.0,M,2.0
T08276,2025-09-25 20:11,M04,P001,2,0,Espèces,30.0,M,1.0
T08277,2025-09-26 09:54,M06,P016,3,10,Espèces,45.0,F,4.0
T08278,2025-09-26 11:02,M03,P002,6,10,Espèces,27.0,F,4.0
T08279,2025-09-26 11:42,M03,P002,2,0,Mobile Money,22.0,F,3.0
T08280,2025-09-26 11:46,M06,P010,1,0,Mobile Money,39.0,M,4.0
T08281,2025-09-26 11:59,M01,P022,1,5,Carte,29.0,M,2.0
T08282,2025-09-26 12:13,M03,P025,1,0,Espèces,16.0,M,5.0
T08283,2025-09-26 12:17,M01,P004,1,5,Espèces,46.0,F,5.0
T08284,2025-09-26 12:29,M05,P009,2,15,Mobile Money,30.0,M,2.0
T08285,2025-09-26 12:40,M06,P014,4,10,Mobile Money,36.0,F,4.0
T08286,2025-09-26 13:11,M02,P010,2,5,Espèces,33.0,F,3.0
T08287,2025-09-26 13:31,M05,P013,2,0,Mobile Money,33.0,F,4.0
T08288,2025-09-26 13:39,M01,P007,3,10,Espèces,16.0,M,4.0
T08289,2025-09-26 13:40,M03,P005,4,0,Espèces,24.0,M,2.0
T08290,2025-09-26 13:55,M01,P004,4,0,Mobile Money,31.0,F,3.0
T08291,2025-09-26 14:29,M01,P004,1,15,Mobile Money,26.0,M,3.0
T08292,2025-09-26 15:29,M02,P007,3,0,Espèces,,F,3.0
T08293,2025-09-26 16:38,M05,P017,2,0,Mobile Money,33.0,F,3.0
T08294,2025-09-26 16:50,M01,P007,1,0,Espèces,28.0,M,5.0
T08295,2025-09-26 17:47,M01,P007,2,0,Carte,36.0,M,4.0
T08296,2025-09-26 17:50,M03,P010,2,0,Espèces,,F,2.0
T08297,2025-09-26 17:59,M02,P001,1,0,Mobile Money,31.0,F,3.0
T08298,2025-09-26 18:01,M02,P014,1,0,Mobile Money,44.0,F,3.0
T08299,2025-09-26 18:09,M04,P011,4,0,Mobile Money,20.0,F,5.0
T08300,2025-09-26 18:23,M04,P002,2,0,Mobile Money,29.0,F,5.0
T08301,2025-09-26 18:27,M05,P001,3,0,Espèces,37.0,M,3.0
T08302,2025-09-26 18:33,M02,P006,5,0,Espèces,35.0,F,3.0
T08303,2025-09-26 18:39,M01,P005,2,0,Carte,24.0,F,4.0
T08304,2025-09-26 19:11,M02,P014,2,5,Mobile Money,43.0,M,4.0
T08305,2025-09-26 19:21,M03,P007,2,0,Mobile Money,25.0,M,4.0
T08306,2025-09-26 19:35,M02,P017,4,0,Mobile Money,34.0,F,5.0
T08307,2025-09-26 20:27,M02,P001,3,0,Carte,42.0,M,3.0
T08308,2025-09-26 21:53,M04,P002,4,0,Espèces,23.0,F,1.0
T08309,2025-09-27 09:59,M01,P015,4,5,Espèces,48.0,F,4.0
T08310,2025-09-27 10:43,M02,P004,2,0,Carte,34.0,M,3.0
T08311,2025-09-27 11:06,M03,P024,3,15,Espèces,29.0,M,4.0
T08312,2025-09-27 11:08,M05,P018,4,0,Mobile Money,23.0,M,5.0
T08313,2025-09-27 11:34,M01,P003,5,0,Mobile Money,36.0,M,3.0
T08314,2025-09-27 11:39,M01,P012,2,0,Mobile Money,19.0,M,5.0
T08315,2025-09-27 11:42,M04,P014,2,10,Mobile Money,39.0,M,3.0
T08316,2025-09-27 11:53,M05,P020,1,0,Mobile Money,27.0,M,3.0
T08317,2025-09-27 11:57,M02,P015,3,0,Mobile Money,,M,3.0
T08318,2025-09-27 11:59,M03,P011,1,0,Espèces,27.0,F,2.0
T08319,2025-09-27 12:02,M03,P009,4,10,Espèces,32.0,F,3.0
T08320,2025-09-27 12:07,M02,P010,3,0,Mobile Money,31.0,F,4.0
T08321,2025-09-27 12:12,M04,P010,3,0,Espèces,24.0,F,3.0
T08322,2025-09-27 13:15,M01,P004,2,0,Espèces,37.0,M,4.0
T08323,2025-09-27 13:26,M02,P027,1,0,Espèces,17.0,M,3.0
T08324,2025-09-27 13:52,M06,P001,5,5,Espèces,40.0,F,4.0
T08325,2025-09-27 13:53,M02,P001,2,0,Mobile Money,22.0,M,4.0
T08326,2025-09-27 14:55,M06,P009,2,0,Espèces,45.0,F,5.0
T08327,2025-09-27 15:16,M03,P002,4,0,Espèces,51.0,M,3.0
T08328,2025-09-27 16:20,M04,P002,2,0,Mobile Money,36.0,F,2.0
T08329,2025-09-27 16:23,M04,P007,6,10,Mobile Money,49.0,F,3.0
T08330,2025-09-27 16:29,M03,P007,2,0,Espèces,37.0,F,4.0
T08331,2025-09-27 16:32,M01,P001,2,0,Espèces,40.0,F,4.0
T08332,2025-09-27 17:06,M03,P003,2,0,Espèces,37.0,F,5.0
T08333,2025-09-27 17:08,M03,P007,3,10,Mobile Money,30.0,F,5.0
T08334,2025-09-27 17:11,M05,P010,2,10,Mobile Money,44.0,F,3.0
T08335,2025-09-27 17:17,M05,P014,4,0,Espèces,60.0,F,5.0
T08336,2025-09-27 17:39,M01,P012,3,0,Mobile Money,38.0,M,4.0
T08337,2025-09-27 17:40,M04,P012,1,0,Espèces,42.0,F,4.0
T08338,2025-09-27 17:40,M06,P002,2,0,Mobile Money,22.0,M,4.0
T08339,2025-09-27 17:52,M03,P003,1,0,Mobile Money,26.0,F,4.0
T08340,2025-09-27 17:53,M02,P018,4,0,Mobile Money,50.0,F,5.0
T08341,2025-09-27 17:54,M01,P019,1,0,Espèces,27.0,M,2.0
T08342,2025-09-27 18:00,M04,P014,1,0,Espèces,18.0,M,4.0
T08343,2025-09-27 18:03,M02,P003,3,0,Mobile Money,50.0,F,2.0
T08344,2025-09-27 18:07,M06,P010,1,0,Espèces,21.0,F,5.0
T08345,2025-09-27 18:16,M02,P001,1,0,Mobile Money,33.0,F,4.0
T08346,2025-09-27 18:30,M03,P027,2,10,Mobile Money,41.0,F,3.0
T08347,2025-09-27 18:43,M04,P025,1,0,Mobile Money,41.0,F,3.0
T08348,2025-09-27 18:53,M04,P012,3,0,Mobile Money,43.0,F,1.0
T08349,2025-09-27 19:02,M02,P007,2,0,Mobile Money,17.0,F,3.0
T08350,2025-09-27 19:05,M02,P003,4,0,Mobile Money,,F,3.0
T08351,2025-09-27 19:20,M05,P001,3,0,Mobile Money,16.0,M,4.0
T08352,2025-09-27 19:36,M04,P019,1,0,Espèces,16.0,F,2.0
T08353,2025-09-27 20:03,M05,P009,4,0,Espèces,28.0,F,3.0
T08354,2025-09-27 20:08,M06,P010,3,0,Espèces,25.0,M,4.0
T08355,2025-09-27 20:29,M05,P007,4,0,mobile money,38.0,M,4.0
T08356,2025-09-27 21:51,M04,P019,2,10,Espèces,24.0,M,2.0
T08357,2025-09-27 21:53,M04,P025,1,0,Mobile Money,24.0,F,3.0
T08358,2025-09-28 10:20,M05,P001,1,0,Espèces,16.0,F,4.0
T08359,2025-09-28 10:30,M05,P024,1,0,Espèces,35.0,M,3.0
T08360,2025-09-28 11:12,M03,P014,2,0,Espèces,35.0,M,5.0
T08361,2025-09-28 11:48,M03,P011,2,0,Espèces,34.0,M,4.0
T08362,2025-09-28 12:01,M01,P025,1,0,Espèces,33.0,M,4.0
T08363,2025-09-28 12:04,M02,P014,4,0,Mobile Money,49.0,F,5.0
T08364,2025-09-28 12:40,M03,P005,3,0,Mobile Money,47.0,F,4.0
T08365,2025-09-28 12:47,M03,P002,3,0,carte,30.0,F,4.0
T08366,2025-09-28 12:47,M01,P016,1,0,Mobile Money,30.0,F,4.0
T08367,2025-09-28 12:50,M01,P021,2,10,Espèces,29.0,M,4.0
T08368,2025-09-28 12:54,M06,P001,2,5,Mobile Money,29.0,M,3.0
T08369,2025-09-28 13:04,M03,P001,4,10,Espèces,28.0,M,5.0
T08370,2025-09-28 13:31,M02,P020,1,0,Espèces,18.0,M,3.0
T08371,2025-09-28 13:38,M02,P014,2,5,Mobile Money,20.0,M,4.0
T08372,2025-09-28 13:51,M03,P009,1,0,Mobile Money,48.0,M,4.0
T08373,2025-09-28 14:02,M01,P018,3,15,Mobile Money,35.0,M,2.0
T08374,2025-09-28 15:13,M01,P009,2,0,Mobile Money,37.0,M,3.0
T08375,2025-09-28 15:21,M02,P006,1,0,Mobile Money,41.0,F,4.0
T08376,2025-09-28 15:44,M06,P027,1,0,Espèces,39.0,F,4.0
T08377,2025-09-28 15:46,M05,P004,6,10,Mobile Money,20.0,M,4.0
T08378,2025-09-28 16:18,M03,P027,1,0,Espèces,21.0,F,3.0
T08379,2025-09-28 16:24,M03,P004,3,0,Espèces,31.0,M,4.0
T08380,2025-09-28 16:37,M02,P008,6,10,espèces,21.0,M,4.0
T08381,2025-09-28 16:39,M01,P007,2,5,Mobile Money,39.0,F,3.0
T08382,2025-09-28 16:58,M02,P005,3,0,Espèces,27.0,F,3.0
T08384,2025-09-28 17:10,M01,P001,2,0,Mobile Money,30.0,F,3.0
T08383,2025-09-28 17:10,M01,P002,1,0,Carte,17.0,M,3.0
T08385,2025-09-28 17:12,M04,P016,1,0,mobile money,38.0,F,4.0
T08386,2025-09-28 17:17,M02,P011,2,0,Mobile Money,32.0,F,5.0
T08387,2025-09-28 17:20,M01,P023,1,0,Mobile Money,24.0,M,5.0
T08388,2025-09-28 17:29,M01,P011,3,0,Espèces,44.0,F,4.0
T08389,2025-09-28 17:33,M03,P014,3,0,Espèces,16.0,F,4.0
T08390,2025-09-28 17:35,M04,P008,2,0,Carte,37.0,F,1.0
T08391,2025-09-28 17:47,M03,P011,2,0,Mobile Money,48.0,M,3.0
T08392,2025-09-28 17:58,M03,P006,2,0,Espèces,50.0,M,4.0
T08393,2025-09-28 18:04,M02,P014,5,0,Espèces,31.0,M,1.0
T08394,2025-09-28 18:36,M04,P006,3,5,Mobile Money,38.0,F,2.0
T08395,2025-09-28 18:49,M01,P014,4,5,Mobile Money,20.0,M,4.0
T08396,2025-09-28 19:11,M03,P009,4,0,Mobile Money,40.0,M,5.0
T08397,2025-09-28 19:34,M02,P012,4,15,Mobile Money,27.0,M,3.0
T08398,2025-09-28 20:54,M02,P013,1,5,Espèces,31.0,F,3.0
T08399,2025-09-29 10:33,M06,P005,1,0,Mobile Money,39.0,F,3.0
T08400,2025-09-29 11:33,M03,P010,4,0,Mobile Money,32.0,M,5.0
T08401,2025-09-29 11:45,M03,P004,3,0,Espèces,38.0,F,4.0
T08402,2025-09-29 12:47,M05,P016,4,0,Espèces,48.0,F,3.0
T08403,2025-09-29 13:32,M06,P014,1,0,Espèces,29.0,M,2.0
T08404,2025-09-29 13:48,M02,P025,1,5,Espèces,35.0,M,4.0
T08405,2025-09-29 14:01,M05,P014,3,0,Espèces,23.0,M,5.0
T08406,2025-09-29 14:21,M04,P005,2,5,Carte,32.0,M,3.0
T08407,2025-09-29 15:13,M03,P014,2,0,Espèces,36.0,F,5.0
T08408,2025-09-29 15:39,M01,P008,3,0,Mobile Money,31.0,F,4.0
T08409,2025-09-29 16:38,M06,P008,2,0,Espèces,20.0,F,4.0
T08410,2025-09-29 16:50,M06,P007,3,10,Mobile Money,44.0,F,3.0
T08411,2025-09-29 16:52,M02,P015,2,0,Espèces,37.0,F,5.0
T08412,2025-09-29 16:55,M05,P001,1,0,Espèces,24.0,F,4.0
T08413,2025-09-29 17:21,M05,P008,3,0,Mobile Money,,M,4.0
T08414,2025-09-29 17:25,M02,P018,1,5,Carte,29.0,F,4.0
T08416,2025-09-29 18:17,M01,P008,1,0,Carte,44.0,F,3.0
T08415,2025-09-29 18:17,M02,P014,1,0,Espèces,38.0,F,3.0
T08417,2025-09-29 19:14,M03,P005,2,0,Mobile Money,47.0,M,3.0
T08418,2025-09-29 20:11,M01,P017,2,0,Espèces,36.0,M,5.0
T08419,2025-09-29 20:18,M01,P012,3,0,Mobile Money,19.0,M,3.0
T08420,2025-09-29 20:25,M01,P009,5,10,Espèces,30.0,M,4.0
T08421,2025-09-29 20:29,M05,P002,2,0,Mobile Money,34.0,M,3.0
T08422,2025-09-29 20:36,M05,P022,1,0,Carte,25.0,F,3.0
T08423,2025-09-29 20:39,M06,P004,3,0,Espèces,28.0,M,4.0
T08424,2025-09-29 21:08,M01,P005,3,0,Espèces,36.0,F,2.0
T08425,2025-09-30 09:35,M06,P001,2,0,Espèces,48.0,F,5.0
T08426,2025-09-30 10:01,M03,P004,3,10,Mobile Money,28.0,F,5.0
T08427,2025-09-30 10:50,M04,P006,5,0,Mobile Money,23.0,F,5.0
T08428,2025-09-30 11:58,M06,P012,2,10,Mobile Money,38.0,F,3.0
T08429,2025-09-30 12:08,M04,P022,1,0,Espèces,31.0,M,3.0
T08430,2025-09-30 12:35,M01,P014,4,5,Espèces,30.0,M,5.0
T08431,2025-09-30 12:54,M01,P021,1,0,Mobile Money,34.0,M,4.0
T08432,2025-09-30 12:55,M02,P013,2,0,Mobile Money,30.0,F,5.0
T08433,2025-09-30 13:02,M02,P003,3,0,Mobile Money,28.0,M,2.0
T08434,2025-09-30 13:25,M04,P010,2,0,Mobile Money,28.0,F,2.0
T08435,2025-09-30 13:28,M03,P003,2,0,Espèces,46.0,F,4.0
T08436,2025-09-30 14:15,M02,P005,1,0,Espèces,31.0,M,4.0
T08437,2025-09-30 14:16,M01,P025,1,0,Mobile Money,37.0,M,5.0
T08438,2025-09-30 15:08,M06,P003,2,0,Mobile Money,35.0,F,5.0
T08439,2025-09-30 15:38,M01,P001,4,0,Mobile Money,33.0,F,4.0
T08440,2025-09-30 16:08,M03,P001,1,5,Espèces,26.0,M,1.0
T08441,2025-09-30 16:14,M01,P009,1,0,Espèces,35.0,F,5.0
T08442,2025-09-30 16:17,M06,P010,1,0,Espèces,34.0,F,5.0
T08443,2025-09-30 16:39,M03,P008,1,0,Mobile Money,36.0,F,4.0
T08444,2025-09-30 16:50,M01,P010,2,0,Mobile Money,23.0,F,3.0
T08445,2025-09-30 17:07,M05,P012,300,0,Espèces,46.0,F,5.0
T08446,2025-09-30 17:32,M05,P009,3,0,Espèces,28.0,F,5.0
T08447,2025-09-30 17:40,M06,P005,1,0,Mobile Money,37.0,M,4.0
T08448,2025-09-30 18:23,M04,P003,4,0,Mobile Money,43.0,F,2.0
T08449,2025-09-30 18:24,M03,P006,1,0,Espèces,22.0,F,3.0
T08450,2025-09-30 18:25,M06,P014,4,0,Espèces,35.0,F,3.0
T08451,2025-09-30 18:36,M01,P012,3,0,Espèces,31.0,F,3.0
T08452,2025-09-30 19:08,M01,P014,2,0,Espèces,32.0,F,4.0
T08453,2025-09-30 19:21,M06,P007,2,0,Mobile Money,43.0,M,3.0
T08454,2025-09-30 19:57,M06,P005,4,0,Mobile Money,30.0,F,3.0
T08455,2025-09-30 20:04,M05,P003,3,10,Espèces,52.0,F,3.0
T08456,2025-09-30 20:10,M06,P009,3,0,Espèces,16.0,F,3.0
T08457,2025-09-30 20:17,M02,P002,4,0,Espèces,33.0,F,3.0
T08458,2025-09-30 21:26,M01,P005,4,0,Mobile Money,24.0,F,4.0
T08459,2025-10-01 09:50,M01,P011,2,0,Espèces,21.0,M,4.0
T08460,2025-10-01 10:43,M05,P023,1,0,Mobile Money,29.0,F,4.0
T08461,2025-10-01 11:08,M03,P003,3,0,Espèces,18.0,F,3.0
T08462,2025-10-01 11:52,M03,P015,2,0,Carte,29.0,M,4.0
T08463,2025-10-01 12:00,M05,P009,4,0,Espèces,35.0,F,3.0
T08464,2025-10-01 12:16,M05,P011,2,0,Espèces,37.0,M,5.0
T08465,2025-10-01 12:56,M06,P026,1,0,Mobile Money,40.0,M,3.0
T08466,2025-10-01 14:02,M05,P025,1,0,Mobile Money,29.0,F,2.0
T08467,2025-10-01 14:41,M06,P004,2,0,Espèces,35.0,M,4.0
T08468,2025-10-01 14:48,M01,P016,3,5,Mobile Money,42.0,M,4.0
T08469,2025-10-01 15:28,M01,P026,1,0,Espèces,16.0,F,4.0
T08470,2025-10-01 15:44,M05,P009,3,0,Mobile Money,36.0,F,5.0
T08471,2025-10-01 16:39,M06,P002,1,0,Mobile Money,17.0,F,5.0
T08472,2025-10-01 16:52,M03,P002,5,0,Mobile Money,35.0,M,4.0
T08473,2025-10-01 17:09,M03,P013,7,10,Espèces,38.0,M,2.0
T08474,2025-10-01 17:33,M01,P014,1,5,Mobile Money,35.0,F,5.0
T08475,2025-10-01 18:15,M01,P007,3,0,Espèces,42.0,F,5.0
T08476,2025-10-01 18:18,M01,P022,1,0,Mobile Money,30.0,M,5.0
T08477,2025-10-01 18:50,M06,P008,2,0,Mobile Money,35.0,M,1.0
T08478,2025-10-01 18:51,M04,P010,3,0,Espèces,16.0,M,3.0
T08479,2025-10-01 20:11,M02,P015,1,0,Mobile Money,38.0,F,4.0
T08480,2025-10-01 20:38,M02,P007,3,0,Mobile Money,22.0,F,5.0
T08481,2025-10-02 11:04,M02,P015,3,0,Carte,35.0,M,4.0
T08482,2025-10-02 12:05,M03,P021,1,0,Mobile Money,21.0,M,2.0
T08483,2025-10-02 12:15,M01,P009,1,0,Carte,35.0,M,2.0
T08484,2025-10-02 12:25,M03,P010,3,5,Espèces,35.0,F,4.0
T08485,2025-10-02 12:42,M04,P005,3,0,Espèces,29.0,M,3.0
T08486,2025-10-02 12:49,M01,P005,2,0,Espèces,20.0,F,3.0
T08487,2025-10-02 13:03,M04,P010,6,0,Espèces,30.0,F,1.0
T08488,2025-10-02 13:25,M03,P001,1,0,Mobile Money,36.0,M,5.0
T08489,2025-10-02 13:50,M05,P014,4,5,Espèces,26.0,M,5.0
T08490,2025-10-02 14:46,M02,P011,3,0,Mobile Money,23.0,M,3.0
T08491,2025-10-02 16:06,M01,P014,3,0,Espèces,40.0,F,3.0
T08492,2025-10-02 16:10,M03,P012,2,0,Carte,38.0,F,4.0
T08493,2025-10-02 16:52,M02,P001,2,0,Mobile Money,39.0,F,2.0
T08495,2025-10-02 17:05,M01,P016,2,10,Carte,32.0,M,4.0
T08494,2025-10-02 17:05,M03,P014,4,0,Espèces,44.0,F,5.0
T08496,2025-10-02 17:10,M02,P002,1,0,Mobile Money,40.0,F,2.0
T08497,2025-10-02 17:20,M06,P002,1,0,Espèces,16.0,F,4.0
T08498,2025-10-02 17:21,M01,P004,2,0,Espèces,34.0,F,4.0
T08499,2025-10-02 17:25,M06,P011,3,0,Mobile Money,23.0,M,4.0
T08500,2025-10-02 17:31,M03,P001,3,0,Mobile Money,39.0,M,3.0
T08501,2025-10-02 17:32,M05,P016,2,0,Espèces,30.0,M,2.0
T08502,2025-10-02 17:34,M03,P012,2,0,Mobile Money,25.0,M,4.0
T08503,2025-10-02 17:37,M02,P013,5,0,Mobile Money,39.0,F,3.0
T08504,2025-10-02 18:25,M03,P015,2,0,Espèces,42.0,F,3.0
T08505,2025-10-02 18:35,M05,P012,4,10,Espèces,42.0,F,3.0
T08506,2025-10-02 19:02,M04,P007,1,0,Espèces,26.0,F,4.0
T08507,2025-10-02 19:28,M02,P011,1,0,Carte,34.0,F,4.0
T08508,2025-10-02 19:29,M04,P014,3,0,Espèces,28.0,M,1.0
T08509,2025-10-02 19:29,M03,P004,2,0,Mobile Money,16.0,F,4.0
T08510,2025-10-02 19:40,M01,P016,3,0,Mobile Money,30.0,F,3.0
T08511,2025-10-02 19:53,M06,P015,3,5,Mobile Money,33.0,M,3.0
T08512,2025-10-02 20:01,M05,P014,1,0,Mobile Money,27.0,F,4.0
T08513,2025-10-03 09:47,M02,P003,1,0,Mobile Money,49.0,F,3.0
T08514,2025-10-03 10:58,M02,P002,2,0,Mobile Money,40.0,F,2.0
T08515,2025-10-03 11:23,M05,P012,3,0,Mobile Money,32.0,F,4.0
T08516,2025-10-03 11:48,M02,P006,2,0,Espèces,47.0,M,3.0
T08517,2025-10-03 12:29,M01,P014,2,10,Espèces,42.0,M,4.0
T08518,2025-10-03 12:34,M01,P009,1,0,Espèces,44.0,M,5.0
T08519,2025-10-03 12:37,M02,P020,1,0,Mobile Money,16.0,M,4.0
T08520,2025-10-03 12:42,M06,P005,3,0,Mobile Money,23.0,F,4.0
T08521,2025-10-03 13:05,M01,P025,2,10,Espèces,31.0,F,3.0
T08522,2025-10-03 13:12,M03,P003,5,0,Espèces,22.0,F,3.0
T08523,2025-10-03 13:23,M01,P005,3,5,Mobile Money,26.0,F,4.0
T08524,2025-10-03 13:30,M06,P009,3,0,Espèces,52.0,F,3.0
T08525,2025-10-03 13:53,M06,P012,4,0,Espèces,17.0,F,4.0
T08526,2025-10-03 14:00,M03,P018,2,5,Mobile Money,33.0,M,2.0
T08527,2025-10-03 14:18,M01,P025,1,0,Mobile Money,28.0,F,4.0
T08528,2025-10-03 14:21,M02,P006,1,15,Mobile Money,34.0,F,3.0
T08529,2025-10-03 15:17,M01,P004,1,0,Mobile Money,31.0,M,3.0
T08530,2025-10-03 15:53,M04,P025,1,5,Espèces,46.0,F,4.0
T08531,2025-10-03 16:26,M01,P008,2,0,Espèces,40.0,F,4.0
T08532,2025-10-03 17:03,M04,P027,3,10,Mobile Money,21.0,F,1.0
T08533,2025-10-03 17:12,M01,P004,3,0,Espèces,36.0,F,5.0
T08534,2025-10-03 17:13,M06,P009,2,0,Mobile Money,39.0,M,3.0
T08535,2025-10-03 17:15,M01,P006,2,0,Mobile Money,26.0,F,4.0
T08536,2025-10-03 17:18,M03,P019,1,0,Mobile Money,22.0,F,5.0
T08537,2025-10-03 17:22,M01,P006,2,5,Mobile Money,34.0,M,4.0
T08538,2025-10-03 17:22,M05,P014,4,10,Mobile Money,38.0,F,4.0
T08539,2025-10-03 17:41,M01,P019,1,0,Mobile Money,30.0,M,3.0
T08540,2025-10-03 17:54,M01,P002,2,0,Mobile Money,25.0,F,2.0
T08541,2025-10-03 18:01,M05,P003,3,0,Mobile Money,39.0,M,4.0
T08542,2025-10-03 18:18,M03,P002,3,0,Mobile Money,33.0,M,4.0
T08543,2025-10-03 18:34,M01,P004,3,0,Carte,38.0,F,5.0
T08544,2025-10-03 18:50,M05,P004,2,0,Mobile Money,47.0,F,3.0
T08545,2025-10-03 18:59,M01,P011,1,0,Mobile Money,16.0,M,5.0
T08546,2025-10-03 19:21,M06,P009,4,0,Espèces,16.0,F,4.0
T08547,2025-10-03 19:27,M04,P010,1,0,Mobile Money,37.0,F,2.0
T08548,2025-10-03 19:32,M03,P015,3,0,Mobile Money,27.0,F,5.0
T08549,2025-10-03 19:45,M01,P001,2,0,Mobile Money,16.0,F,4.0
T08549,2025-10-03 19:45,M01,P001,2,0,Mobile Money,16.0,F,4.0
T08550,2025-10-03 19:46,M04,P019,1,0,Espèces,22.0,F,3.0
T08551,2025-10-03 19:57,M01,P007,2,0,Espèces,23.0,F,2.0
T08552,2025-10-03 20:18,M02,P019,1,0,Mobile Money,23.0,M,2.0
T08553,2025-10-03 21:21,M03,P004,2,0,Espèces,30.0,F,4.0
T08554,2025-10-04 10:44,M06,P025,1,0,Mobile Money,33.0,F,3.0
T08555,2025-10-04 10:49,M03,P014,5,0,Espèces,43.0,F,3.0
T08556,2025-10-04 11:05,M04,P011,1,0,Espèces,16.0,M,3.0
T08557,2025-10-04 11:45,M06,P013,4,0,Espèces,44.0,F,2.0
T08558,2025-10-04 11:59,M03,P010,4,0,Mobile Money,25.0,F,3.0
T08559,2025-10-04 12:01,M03,P008,1,5,Espèces,31.0,M,3.0
T08560,2025-10-04 12:16,M01,P018,3,0,Espèces,41.0,M,5.0
T08561,2025-10-04 12:20,M04,P003,3,0,Espèces,27.0,F,3.0
T08562,2025-10-04 12:53,M01,P009,4,10,Mobile Money,39.0,M,4.0
T08563,2025-10-04 13:01,M01,P017,7,15,Mobile Money,34.0,F,1.0
T08564,2025-10-04 13:26,M01,P022,1,5,Mobile Money,30.0,F,3.0
T08565,2025-10-04 13:50,M01,P003,2,0,Espèces,16.0,F,5.0
T08566,2025-10-04 14:30,M04,P010,1,0,Mobile Money,41.0,M,4.0
T08567,2025-10-04 14:43,M02,P005,3,10,Espèces,39.0,F,3.0
T08568,2025-10-04 14:48,M01,P008,1,0,Espèces,35.0,M,3.0
T08569,2025-10-04 15:14,M01,P003,3,10,Mobile Money,39.0,F,4.0
T08570,2025-10-04 15:44,M05,P008,4,0,Espèces,32.0,M,4.0
T08571,2025-10-04 15:45,M02,P014,3,0,Mobile Money,27.0,M,3.0
T08572,2025-10-04 16:17,M02,P002,2,0,Espèces,36.0,F,3.0
T08573,2025-10-04 16:23,M02,P009,1,0,Mobile Money,54.0,F,2.0
T08574,2025-10-04 16:36,M06,P017,4,0,Espèces,40.0,M,4.0
T08575,2025-10-04 16:40,M01,P010,1,0,Espèces,28.0,M,3.0
T08576,2025-10-04 16:42,M02,P004,3,0,Mobile Money,26.0,F,3.0
T08577,2025-10-04 16:54,M05,P012,1,0,Mobile Money,33.0,F,3.0
T08578,2025-10-04 17:02,M03,P007,3,0,Espèces,42.0,F,4.0
T08579,2025-10-04 17:04,M04,P020,1,0,Mobile Money,24.0,M,2.0
T08580,2025-10-04 17:14,M06,P025,1,5,Mobile Money,26.0,F,3.0
T08581,2025-10-04 17:16,M05,P015,4,5,Mobile Money,32.0,F,3.0
T08582,2025-10-04 17:20,M02,P017,3,0,Mobile Money,30.0,F,5.0
T08583,2025-10-04 17:24,M02,P019,1,0,Espèces,16.0,F,4.0
T08584,2025-10-04 17:36,M05,P011,3,0,Carte,16.0,F,2.0
T08585,2025-10-04 17:49,M06,P003,3,0,Espèces,40.0,F,4.0
T08586,2025-10-04 17:52,M05,P004,4,0,Espèces,28.0,F,4.0
T08587,2025-10-04 17:53,M02,P013,2,0,Carte,29.0,F,5.0
T08588,2025-10-04 17:57,M02,P013,2,0,Espèces,49.0,M,3.0
T08589,2025-10-04 17:58,M01,P011,3,0,Espèces,18.0,F,3.0
T08590,2025-10-04 18:02,M04,P001,3,5,Carte,30.0,M,2.0
T08591,2025-10-04 18:03,M03,P003,3,0,Espèces,26.0,F,4.0
T08592,2025-10-04 18:10,M02,P011,2,5,Espèces,24.0,M,3.0
T08593,2025-10-04 18:17,M05,P018,4,0,Mobile Money,26.0,F,4.0
T08594,2025-10-04 18:25,M01,P007,3,0,Mobile Money,20.0,F,4.0
T08595,2025-10-04 18:34,M01,P001,2,0,Mobile Money,34.0,F,2.0
T08596,2025-10-04 18:47,M05,P024,1,0,mobile money,35.0,F,3.0
T08597,2025-10-04 18:49,M05,P001,1,0,Mobile Money,38.0,M,3.0
T08598,2025-10-04 19:19,M01,P001,5,0,Espèces,16.0,F,3.0
T08599,2025-10-04 19:35,M02,P007,2,0,Mobile Money,44.0,F,5.0
T08600,2025-10-04 19:45,M01,P001,1,5,Mobile Money,20.0,F,3.0
T08601,2025-10-04 19:50,M05,P010,1,5,Mobile Money,19.0,F,4.0
T08602,2025-10-04 19:50,M01,P002,2,15,Espèces,27.0,F,2.0
T08604,2025-10-04 19:51,M05,P005,5,0,Mobile Money,45.0,M,3.0
T08603,2025-10-04 19:51,M04,P009,4,0,Mobile Money,23.0,M,3.0
T08605,2025-10-04 20:00,M01,P019,1,0,Espèces,35.0,M,3.0
T08606,2025-10-05 11:12,M01,P011,2,0,Mobile Money,20.0,F,3.0
T08607,2025-10-05 11:14,M06,P004,6,0,Mobile Money,21.0,F,2.0
T08608,2025-10-05 11:14,M01,P005,1,5,Espèces,18.0,M,3.0
T08609,2025-10-05 11:27,M02,P009,3,5,Mobile Money,49.0,F,3.0
T08610,2025-10-05 11:31,M06,P014,2,0,Mobile Money,32.0,F,5.0
T08611,2025-10-05 11:34,M02,P022,1,5,Mobile Money,19.0,F,5.0
T08612,2025-10-05 11:38,M01,P025,1,0,Espèces,39.0,M,5.0
T08613,2025-10-05 12:32,M03,P005,4,0,Mobile Money,36.0,F,4.0
T08614,2025-10-05 12:35,M05,P015,2,0,Mobile Money,36.0,F,2.0
T08615,2025-10-05 12:41,M01,P007,3,10,Mobile Money,36.0,F,3.0
T08616,2025-10-05 12:43,M03,P005,4,0,Carte,39.0,M,3.0
T08617,2025-10-05 12:49,M02,P003,3,0,Mobile Money,31.0,F,5.0
T08618,2025-10-05 13:12,M04,P002,4,0,Espèces,34.0,F,3.0
T08619,2025-10-05 13:18,M01,P021,1,0,Carte,25.0,F,3.0
T08620,2025-10-05 13:31,M03,P005,1,0,Mobile Money,25.0,F,3.0
T08621,2025-10-05 13:33,M06,P008,2,0,Espèces,35.0,F,4.0
T08622,2025-10-05 13:50,M05,P009,3,0,Mobile Money,25.0,F,4.0
T08623,2025-10-05 14:17,M05,P017,2,0,Carte,30.0,F,3.0
T08624,2025-10-05 14:38,M04,P018,4,0,Espèces,54.0,M,3.0
T08625,2025-10-05 14:52,M04,P007,2,0,Espèces,24.0,F,2.0
T08626,2025-10-05 15:32,M01,P008,4,0,Mobile Money,27.0,F,2.0
T08627,2025-10-05 16:06,M05,P007,2,0,Mobile Money,35.0,M,4.0
T08628,2025-10-05 16:08,M02,P008,3,0,Mobile Money,24.0,F,5.0
T08629,2025-10-05 17:09,M01,P001,2,0,Mobile Money,29.0,F,4.0
T08630,2025-10-05 17:21,M04,P015,2,0,Mobile Money,39.0,F,3.0
T08631,2025-10-05 17:26,M01,P010,4,0,mobile money,25.0,M,3.0
T08632,2025-10-05 17:26,M04,P002,5,0,Mobile Money,48.0,F,4.0
T08633,2025-10-05 17:35,M03,P017,2,0,Espèces,35.0,M,4.0
T08634,2025-10-05 17:39,M03,P016,2,5,Carte,16.0,M,3.0
T08635,2025-10-05 17:52,M05,P001,2,0,Mobile Money,,F,4.0
T08636,2025-10-05 18:07,M06,P007,1,0,Espèces,44.0,F,4.0
T08637,2025-10-05 18:09,M06,P026,1,0,Espèces,22.0,F,5.0
T08638,2025-10-05 18:11,M05,P026,1,0,Mobile Money,45.0,M,4.0
T08639,2025-10-05 18:20,M02,P002,3,0,Espèces,41.0,M,3.0
T08640,2025-10-05 18:42,M05,P001,2,0,Espèces,51.0,F,3.0
T08641,2025-10-05 18:53,M05,P022,1,0,mobile money,17.0,M,5.0
T08642,2025-10-05 19:13,M02,P001,1,0,Mobile Money,31.0,F,2.0
T08643,2025-10-05 19:22,M04,P010,2,0,Mobile Money,44.0,M,2.0
T08644,2025-10-05 19:38,M03,P007,2,0,Mobile Money,49.0,F,3.0
T08645,2025-10-05 19:47,M03,P014,250,10,Espèces,21.0,F,5.0
T08646,2025-10-05 19:50,M03,P002,2,0,Mobile Money,43.0,F,2.0
T08647,2025-10-05 19:51,M05,P021,1,0,Mobile Money,21.0,M,3.0
T08648,2025-10-05 21:28,M02,P013,2,0,Mobile Money,33.0,M,3.0
T08649,2025-10-06 09:46,M01,P010,3,0,Mobile Money,37.0,M,3.0
T08650,2025-10-06 10:36,M04,P014,1,0,Espèces,24.0,M,4.0
T08651,2025-10-06 12:00,M01,P010,4,0,Carte,40.0,F,4.0
T08652,2025-10-06 12:18,M03,P003,2,0,Mobile Money,46.0,F,4.0
T08653,2025-10-06 12:47,M05,P007,3,5,Mobile Money,18.0,F,4.0
T08654,2025-10-06 12:55,M02,P003,1,0,Mobile Money,20.0,M,2.0
T08655,2025-10-06 12:56,M05,P008,3,0,Espèces,43.0,F,4.0
T08656,2025-10-06 16:12,M01,P005,2,0,Mobile Money,32.0,F,3.0
T08657,2025-10-06 16:30,M05,P012,2,0,Mobile Money,,M,4.0
T08658,2025-10-06 17:07,M02,P007,3,10,Mobile Money,37.0,F,3.0
T08659,2025-10-06 17:54,M02,P005,1,10,Espèces,34.0,F,4.0
T08660,2025-10-06 17:55,M02,P015,2,0,Mobile Money,46.0,M,4.0
T08661,2025-10-06 18:45,M05,P017,4,0,Mobile Money,,F,3.0
T08662,2025-10-06 19:01,M02,P009,3,0,Mobile Money,26.0,F,2.0
T08663,2025-10-06 19:06,M06,P007,3,0,Mobile Money,47.0,F,4.0
T08664,2025-10-06 19:22,M03,P009,2,0,Mobile Money,32.0,F,2.0
T08665,2025-10-06 20:00,M05,P007,1,0,Mobile Money,33.0,M,3.0
T08666,2025-10-06 20:07,M03,P024,1,0,Espèces,36.0,M,4.0
T08667,2025-10-06 20:23,M01,P002,2,0,Espèces,50.0,M,4.0
T08668,2025-10-06 20:58,M05,P007,2,5,Mobile Money,36.0,F,3.0
T08669,2025-10-07 10:13,M04,P018,2,0,Espèces,42.0,M,3.0
T08670,2025-10-07 10:33,M02,P012,4,0,Mobile Money,20.0,F,4.0
T08671,2025-10-07 10:34,M01,P009,5,0,Mobile Money,32.0,F,3.0
T08672,2025-10-07 11:30,M01,P002,3,5,Mobile Money,34.0,F,3.0
T08673,2025-10-07 11:33,M02,P009,1,0,Mobile Money,30.0,F,3.0
T08674,2025-10-07 12:10,M06,P020,1,0,Espèces,33.0,M,5.0
T08675,2025-10-07 12:27,M04,P017,5,0,Espèces,26.0,M,2.0
T08676,2025-10-07 13:03,M05,P002,8,0,Espèces,44.0,M,5.0
T08677,2025-10-07 13:32,M04,P006,3,10,Espèces,36.0,F,3.0
T08678,2025-10-07 13:54,M06,P009,2,5,Mobile Money,27.0,M,3.0
T08679,2025-10-07 14:02,M04,P009,3,0,Mobile Money,31.0,F,3.0
T08680,2025-10-07 14:34,M06,P003,3,0,Espèces,30.0,F,4.0
T08681,2025-10-07 15:49,M06,P025,1,0,Mobile Money,28.0,M,4.0
T08682,2025-10-07 15:59,M03,P006,3,0,Mobile Money,34.0,F,3.0
T08683,2025-10-07 16:01,M01,P004,3,0,Espèces,59.0,F,3.0
T08684,2025-10-07 16:08,M04,P014,2,0,Mobile Money,46.0,M,2.0
T08685,2025-10-07 16:36,M01,P007,2,15,Espèces,44.0,F,5.0
T08686,2025-10-07 16:47,M03,P016,5,0,Mobile Money,40.0,M,5.0
T08687,2025-10-07 16:56,M02,P005,1,0,Espèces,30.0,M,2.0
T08688,2025-10-07 17:07,M04,P018,3,10,Espèces,35.0,F,1.0
T08689,2025-10-07 17:15,M03,P004,4,10,Espèces,25.0,M,3.0
T08690,2025-10-07 17:22,M02,P006,3,0,Espèces,32.0,M,3.0
T08691,2025-10-07 17:24,M06,P022,1,0,Espèces,16.0,M,4.0
T08692,2025-10-07 17:45,M05,P016,5,0,Mobile Money,34.0,M,4.0
T08693,2025-10-07 17:56,M02,P009,1,0,Carte,51.0,F,2.0
T08694,2025-10-07 18:10,M01,P009,5,0,Carte,41.0,F,5.0
T08695,2025-10-07 18:48,M04,P001,3,0,Espèces,54.0,F,5.0
T08696,2025-10-07 19:16,M02,P007,2,5,Mobile Money,30.0,F,3.0
T08697,2025-10-07 19:33,M06,P012,1,0,Mobile Money,35.0,F,4.0
T08698,2025-10-07 19:36,M03,P012,2,0,Mobile Money,26.0,F,4.0
T08699,2025-10-07 19:49,M03,P006,3,0,Mobile Money,16.0,F,4.0
T08700,2025-10-07 20:46,M02,P016,1,0,Mobile Money,30.0,F,5.0
T08701,2025-10-07 20:47,M06,P002,1,0,Espèces,54.0,M,2.0
T08702,2025-10-08 11:21,M06,P001,4,0,Espèces,59.0,M,5.0
T08703,2025-10-08 11:26,M01,P007,2,0,Carte,36.0,F,3.0
T08704,2025-10-08 12:17,M01,P012,1,0,Espèces,,F,4.0
T08705,2025-10-08 12:26,M02,P013,3,10,Espèces,31.0,F,2.0
T08706,2025-10-08 12:29,M02,P003,2,0,Mobile Money,22.0,F,4.0
T08707,2025-10-08 14:21,M01,P005,1,0,Espèces,16.0,M,3.0
T08708,2025-10-08 15:06,M06,P021,1,0,Espèces,24.0,M,3.0
T08709,2025-10-08 15:47,M03,P013,2,0,Mobile Money,31.0,F,5.0
T08710,2025-10-08 15:57,M01,P009,2,0,Mobile Money,31.0,M,3.0
T08711,2025-10-08 16:47,M04,P009,3,0,Espèces,36.0,F,3.0
T08712,2025-10-08 16:49,M05,P027,1,0,Mobile Money,22.0,F,4.0
T08713,2025-10-08 17:00,M02,P019,1,0,Espèces,26.0,F,4.0
T08714,2025-10-08 17:13,M01,P010,1,0,Espèces,50.0,M,3.0
T08715,2025-10-08 17:27,M05,P012,3,0,Mobile Money,31.0,F,4.0
T08716,2025-10-08 17:54,M02,P009,3,0,Mobile Money,42.0,M,4.0
T08717,2025-10-08 18:01,M01,P002,1,0,Mobile Money,37.0,F,2.0
T08718,2025-10-08 19:01,M01,P025,1,15,Espèces,31.0,M,3.0
T08719,2025-10-08 19:10,M03,P002,4,0,Espèces,26.0,M,2.0
T08720,2025-10-08 19:18,M05,P012,-2,10,Mobile Money,42.0,M,2.0
T08721,2025-10-08 19:19,M02,P011,3,0,Mobile Money,18.0,M,5.0
T08722,2025-10-08 19:20,M04,P010,4,0,Mobile Money,34.0,F,2.0
T08723,2025-10-08 19:38,M01,P016,5,0,Mobile Money,37.0,F,3.0
T08724,2025-10-08 20:44,M01,P016,1,0,Carte,29.0,F,3.0
T08725,2025-10-09 08:00,M06,P017,7,0,Mobile Money,28.0,M,5.0
T08726,2025-10-09 09:50,M01,P003,2,0,Mobile Money,17.0,M,4.0
T08727,2025-10-09 11:43,M02,P009,3,0,Carte,39.0,F,3.0
T08728,2025-10-09 12:13,M01,P001,2,0,Espèces,,F,4.0
T08729,2025-10-09 12:39,M02,P010,2,0,Mobile Money,42.0,M,5.0
T08730,2025-10-09 13:30,M05,P020,1,0,Espèces,28.0,F,5.0
T08731,2025-10-09 13:43,M06,P016,2,0,Mobile Money,31.0,F,3.0
T08732,2025-10-09 13:57,M01,P010,3,0,Mobile Money,34.0,M,4.0
T08733,2025-10-09 14:22,M01,P002,1,0,Mobile Money,30.0,F,4.0
T08734,2025-10-09 15:53,M06,P027,1,0,Carte,45.0,M,4.0
T08735,2025-10-09 15:55,M01,P013,3,15,Espèces,40.0,M,4.0
T08736,2025-10-09 17:00,M03,P006,7,10,Mobile Money,28.0,F,3.0
T08737,2025-10-09 17:04,M01,P013,2,0,Mobile Money,31.0,F,4.0
T08738,2025-10-09 17:20,M06,P022,1,0,Espèces,22.0,M,4.0
T08739,2025-10-09 18:21,M06,P025,1,0,Espèces,20.0,M,3.0
T08740,2025-10-09 19:17,M02,P004,3,5,Carte,29.0,F,3.0
T08741,2025-10-09 19:54,M03,P014,7,0,Mobile Money,29.0,F,3.0
T08742,2025-10-09 19:57,M01,P006,1,0,Espèces,,F,4.0
T08743,2025-10-09 20:00,M06,P020,1,0,Mobile Money,,M,3.0
T08744,2025-10-09 20:50,M01,P003,1,0,Carte,29.0,F,4.0
T08745,2025-10-09 21:28,M03,P013,6,0,Mobile Money,29.0,F,3.0
T08746,2025-10-09 21:53,M01,P016,2,0,Espèces,32.0,F,4.0
T08747,2025-10-10 10:00,M06,P010,3,0,Espèces,39.0,F,2.0
T08748,2025-10-10 10:15,M02,P006,6,0,Mobile Money,33.0,F,3.0
T08749,2025-10-10 10:41,M05,P010,4,0,Espèces,32.0,F,2.0
T08750,2025-10-10 10:42,M01,P010,4,0,Espèces,36.0,F,5.0
T08751,2025-10-10 10:55,M04,P003,4,0,Mobile Money,50.0,F,4.0
T08752,2025-10-10 11:03,M02,P011,3,5,Espèces,28.0,F,3.0
T08753,2025-10-10 11:07,M02,P009,2,0,Espèces,28.0,F,4.0
T08754,2025-10-10 11:58,M05,P024,2,10,Espèces,38.0,F,3.0
T08755,2025-10-10 11:59,M02,P018,1,0,Carte,16.0,F,4.0
T08756,2025-10-10 12:01,M01,P022,1,15,Carte,30.0,F,3.0
T08757,2025-10-10 12:34,M05,P025,1,0,Espèces,27.0,F,4.0
T08758,2025-10-10 12:41,M05,P012,1,0,Mobile Money,47.0,F,4.0
T08759,2025-10-10 12:50,M01,P002,3,0,Carte,39.0,F,5.0
T08760,2025-10-10 12:55,M01,P003,1,0,Espèces,17.0,F,5.0
T08761,2025-10-10 13:56,M02,P015,5,0,Mobile Money,26.0,F,2.0
T08762,2025-10-10 13:59,M04,P017,1,0,Mobile Money,51.0,F,3.0
T08763,2025-10-10 14:59,M05,P004,4,5,Espèces,28.0,M,2.0
T08764,2025-10-10 15:59,M01,P009,5,10,Carte,34.0,F,4.0
T08765,2025-10-10 16:11,M02,P007,4,0,Mobile Money,36.0,F,4.0
T08766,2025-10-10 16:58,M02,P010,4,0,Carte,16.0,F,4.0
T08767,2025-10-10 16:59,M01,P017,5,0,Mobile Money,27.0,M,4.0
T08768,2025-10-10 17:12,M05,P009,3,0,Espèces,38.0,F,3.0
T08769,2025-10-10 17:38,M01,P011,2,0,Mobile Money,54.0,F,5.0
T08770,2025-10-10 17:42,M03,P012,4,0,Mobile Money,29.0,M,3.0
T08771,2025-10-10 17:48,M03,P025,1,5,Espèces,47.0,F,4.0
T08772,2025-10-10 18:03,M04,P005,2,0,Espèces,33.0,F,4.0
T08773,2025-10-10 18:18,M02,P013,3,0,Espèces,17.0,F,3.0
T08774,2025-10-10 18:21,M04,P010,4,0,Mobile Money,25.0,M,3.0
T08775,2025-10-10 18:28,M01,P002,5,0,Mobile Money,29.0,M,5.0
T08776,2025-10-10 18:46,M03,P018,2,0,Espèces,38.0,M,3.0
T08777,2025-10-10 18:49,M01,P004,2,5,Espèces,27.0,M,4.0
T08778,2025-10-10 19:11,M06,P011,2,0,Mobile Money,31.0,F,2.0
T08779,2025-10-10 19:12,M03,P002,2,0,Espèces,23.0,F,2.0
T08780,2025-10-10 20:03,M05,P013,2,0,Espèces,44.0,F,4.0
T08781,2025-10-10 20:15,M04,P023,1,5,Mobile Money,27.0,F,3.0
T08782,2025-10-11 10:33,M02,P015,1,5,Espèces,46.0,M,4.0
T08783,2025-10-11 11:22,M05,P015,3,0,Espèces,27.0,F,5.0
T08784,2025-10-11 11:59,M03,P017,5,0,Carte,33.0,F,2.0
T08785,2025-10-11 12:16,M05,P009,2,0,Mobile Money,36.0,F,3.0
T08786,2025-10-11 12:24,M01,P003,3,0,Espèces,47.0,F,5.0
T08787,2025-10-11 13:06,M03,P011,2,5,Espèces,24.0,M,3.0
T08788,2025-10-11 13:22,M03,P001,3,10,Espèces,22.0,F,5.0
T08789,2025-10-11 13:46,M06,P006,3,10,Espèces,29.0,F,5.0
T08790,2025-10-11 14:04,M01,P014,4,0,Mobile Money,46.0,F,4.0
T08791,2025-10-11 14:28,M01,P005,3,0,Espèces,22.0,F,5.0
T08792,2025-10-11 14:44,M05,P006,3,0,Mobile Money,32.0,F,4.0
T08793,2025-10-11 15:16,M04,P001,3,0,Mobile Money,17.0,M,3.0
T08794,2025-10-11 15:38,M01,P013,2,0,Mobile Money,35.0,F,3.0
T08795,2025-10-11 15:39,M01,P015,4,0,Mobile Money,48.0,M,5.0
T08796,2025-10-11 16:24,M05,P025,1,10,Mobile Money,48.0,M,2.0
T08797,2025-10-11 16:45,M01,P014,4,0,Mobile Money,36.0,F,3.0
T08798,2025-10-11 17:11,M06,P001,3,0,Espèces,39.0,M,3.0
T08799,2025-10-11 17:28,M05,P001,3,0,Espèces,16.0,M,4.0
T08800,2025-10-11 17:33,M02,P007,4,0,Espèces,39.0,F,4.0
T08801,2025-10-11 17:43,M02,P006,2,0,Mobile Money,33.0,F,4.0
T08802,2025-10-11 17:44,M01,P009,3,5,Espèces,27.0,F,4.0
T08803,2025-10-11 17:45,M02,P011,1,0,Carte,41.0,M,5.0
T08804,2025-10-11 18:00,M05,P016,1,0,Mobile Money,29.0,F,3.0
T08805,2025-10-11 18:05,M06,P004,7,0,Mobile Money,23.0,M,5.0
T08806,2025-10-11 18:12,M02,P004,1,0,Mobile Money,41.0,M,3.0
T08807,2025-10-11 18:30,M03,P005,3,0,Mobile Money,25.0,M,3.0
T08808,2025-10-11 18:33,M04,P005,3,0,Espèces,42.0,M,2.0
T08809,2025-10-11 18:40,M03,P009,3,5,Espèces,46.0,M,4.0
T08810,2025-10-11 18:58,M03,P007,3,0,Mobile Money,44.0,M,3.0
T08811,2025-10-11 19:02,M01,P004,7,0,Espèces,25.0,M,4.0
T08812,2025-10-11 19:11,M03,P010,2,0,Mobile Money,30.0,M,5.0
T08813,2025-10-11 19:25,M06,P009,2,0,Espèces,37.0,F,4.0
T08814,2025-10-11 19:28,M01,P011,4,5,Mobile Money,16.0,F,3.0
T08815,2025-10-11 19:31,M01,P014,2,0,Espèces,44.0,F,4.0
T08816,2025-10-11 19:35,M06,P003,2,0,Espèces,30.0,M,3.0
T08817,2025-10-11 19:35,M04,P012,5,5,Espèces,17.0,F,2.0
T08818,2025-10-11 20:11,M01,P013,1,5,Mobile Money,62.0,F,3.0
T08819,2025-10-12 10:22,M03,P012,3,0,Mobile Money,34.0,M,2.0
T08820,2025-10-12 10:51,M01,P012,3,0,Espèces,42.0,M,4.0
T08821,2025-10-12 11:13,M01,P001,1,0,Mobile Money,29.0,F,3.0
T08822,2025-10-12 11:26,M01,P017,2,0,Espèces,20.0,F,4.0
T08823,2025-10-12 11:36,M05,P008,2,0,Espèces,25.0,M,2.0
T08824,2025-10-12 12:02,M05,P004,3,0,Espèces,41.0,F,5.0
T08825,2025-10-12 12:10,M02,P014,2,0,Espèces,31.0,M,3.0
T08826,2025-10-12 12:10,M03,P002,2,0,Espèces,44.0,F,4.0
T08827,2025-10-12 12:14,M06,P007,1,0,Mobile Money,45.0,F,4.0
T08828,2025-10-12 12:21,M01,P011,7,0,Espèces,36.0,M,3.0
T08829,2025-10-12 12:23,M01,P010,1,0,Mobile Money,35.0,M,5.0
T08830,2025-10-12 12:44,M01,P018,2,0,Mobile Money,48.0,M,5.0
T08831,2025-10-12 12:46,M03,P010,5,0,Mobile Money,30.0,M,5.0
T08832,2025-10-12 12:49,M06,P001,3,0,Espèces,47.0,M,4.0
T08833,2025-10-12 13:05,M04,P006,3,5,Mobile Money,40.0,F,3.0
T08834,2025-10-12 13:06,M05,P003,1,0,Mobile Money,18.0,F,4.0
T08835,2025-10-12 13:08,M04,P007,4,0,Mobile Money,56.0,M,2.0
T08836,2025-10-12 13:11,M01,P006,3,10,Espèces,43.0,M,4.0
T08837,2025-10-12 13:18,M05,P003,2,0,Espèces,27.0,F,4.0
T08838,2025-10-12 13:33,M05,P016,4,0,Mobile Money,46.0,M,2.0
T08839,2025-10-12 14:07,M01,P019,1,0,Mobile Money,30.0,M,4.0
T08840,2025-10-12 14:09,M01,P003,8,0,Espèces,36.0,F,4.0
T08841,2025-10-12 15:08,M01,P001,3,0,Espèces,44.0,F,4.0
T08842,2025-10-12 16:19,M03,P004,2,15,Espèces,45.0,M,4.0
T08843,2025-10-12 16:58,M01,P009,4,10,Espèces,41.0,M,3.0
T08844,2025-10-12 16:59,M01,P002,3,0,Mobile Money,32.0,F,4.0
T08845,2025-10-12 17:21,M03,P010,3,0,Espèces,27.0,F,3.0
T08846,2025-10-12 17:23,M03,P012,3,0,Mobile Money,45.0,M,3.0
T08847,2025-10-12 17:32,M02,P013,4,10,Espèces,46.0,M,2.0
T08848,2025-10-12 17:33,M05,P004,2,0,Mobile Money,42.0,M,3.0
T08849,2025-10-12 17:36,M03,P004,5,0,Mobile Money,,F,4.0
T08850,2025-10-12 17:43,M02,P016,5,0,Mobile Money,50.0,F,4.0
T08851,2025-10-12 17:46,M05,P020,1,0,Espèces,27.0,F,4.0
T08852,2025-10-12 18:01,M01,P014,2,0,Mobile Money,24.0,F,5.0
T08853,2025-10-12 18:16,M01,P020,1,0,Espèces,16.0,F,2.0
T08854,2025-10-12 18:17,M05,P003,4,10,Mobile Money,33.0,M,2.0
T08855,2025-10-12 18:19,M02,P012,2,0,Mobile Money,45.0,F,5.0
T08856,2025-10-12 18:34,M05,P018,1,0,Espèces,20.0,M,3.0
T08857,2025-10-12 18:49,M04,P008,4,0,Mobile Money,44.0,F,3.0
T08858,2025-10-12 18:52,M05,P004,4,0,MoMo,23.0,M,2.0
T08859,2025-10-12 18:56,M01,P026,1,0,Mobile Money,32.0,F,4.0
T08860,2025-10-12 19:03,M04,P012,3,0,Espèces,43.0,M,2.0
T08861,2025-10-12 19:24,M01,P018,2,0,Mobile Money,35.0,M,3.0
T08862,2025-10-12 19:25,M01,P012,1,5,Espèces,24.0,F,3.0
T08863,2025-10-12 19:47,M03,P014,2,0,Mobile Money,27.0,F,3.0
T08864,2025-10-12 19:50,M04,P017,1,0,Mobile Money,16.0,F,1.0
T08866,2025-10-12 20:11,M02,P025,1,0,Mobile Money,37.0,F,3.0
T08865,2025-10-12 20:11,M05,P015,2,0,Espèces,28.0,M,3.0
T08867,2025-10-13 10:36,M02,P006,1,0,Mobile Money,35.0,F,3.0
T08868,2025-10-13 11:35,M04,P009,4,0,Espèces,40.0,F,2.0
T08869,2025-10-13 11:37,M01,P007,3,0,Carte,20.0,F,5.0
T08870,2025-10-13 12:20,M04,P012,2,0,Espèces,34.0,F,2.0
T08871,2025-10-13 12:26,M03,P027,1,0,Mobile Money,35.0,F,3.0
T08872,2025-10-13 12:28,M02,P017,3,0,Mobile Money,31.0,M,4.0
T08873,2025-10-13 12:47,M03,P027,2,15,Mobile Money,37.0,F,3.0
T08874,2025-10-13 13:08,M05,P005,2,0,Carte,24.0,F,3.0
T08875,2025-10-13 13:43,M01,P007,3,0,Mobile Money,20.0,F,4.0
T08876,2025-10-13 14:35,M01,P014,1,0,Mobile Money,35.0,F,5.0
T08877,2025-10-13 16:20,M03,P008,2,0,Mobile Money,37.0,M,3.0
T08878,2025-10-13 16:33,M03,P015,1,0,Mobile Money,24.0,M,5.0
T08880,2025-10-13 16:51,M04,P014,2,5,Carte,20.0,M,2.0
T08879,2025-10-13 16:51,M05,P013,2,0,Espèces,23.0,M,4.0
T08881,2025-10-13 17:03,M01,P025,1,0,Carte,36.0,M,3.0
T08882,2025-10-13 17:06,M06,P016,2,5,Espèces,49.0,M,3.0
T08883,2025-10-13 17:20,M02,P009,3,0,Espèces,44.0,F,5.0
T08884,2025-10-13 17:30,M05,P027,1,0,Mobile Money,32.0,M,5.0
T08885,2025-10-13 17:48,M03,P012,3,0,Mobile Money,39.0,F,5.0
T08886,2025-10-13 17:48,M06,P025,1,0,Espèces,44.0,F,4.0
T08888,2025-10-13 17:53,M04,P012,5,5,Espèces,44.0,F,1.0
T08887,2025-10-13 17:53,M01,P006,1,0,Carte,24.0,M,3.0
T08889,2025-10-13 17:56,M06,P016,2,0,Carte,42.0,F,3.0
T08890,2025-10-13 17:57,M06,P001,2,0,Mobile Money,37.0,M,4.0
T08891,2025-10-13 18:37,M05,P019,1,0,Espèces,28.0,F,1.0
T08892,2025-10-14 10:21,M05,P018,2,0,Espèces,29.0,F,3.0
T08893,2025-10-14 11:49,M01,P015,4,10,Mobile Money,16.0,F,4.0
T08894,2025-10-14 12:26,M01,P003,2,0,Mobile Money,28.0,F,4.0
T08895,2025-10-14 12:28,M06,P007,1,5,Mobile Money,28.0,F,2.0
T08896,2025-10-14 13:29,M01,P002,2,0,Carte,30.0,M,4.0
T08897,2025-10-14 13:35,M03,P017,4,0,Mobile Money,36.0,F,4.0
T08898,2025-10-14 13:36,M06,P004,2,15,Espèces,36.0,M,3.0
T08899,2025-10-14 14:13,M02,P018,1,0,Carte,28.0,F,4.0
T08900,2025-10-14 14:15,M06,P017,4,0,Mobile Money,26.0,F,4.0
T08901,2025-10-14 14:17,M06,P006,5,10,Mobile Money,35.0,M,3.0
T08902,2025-10-14 15:35,M03,P005,3,0,Mobile Money,48.0,M,4.0
T08903,2025-10-14 16:09,M06,P009,2,5,Mobile Money,44.0,M,3.0
T08904,2025-10-14 16:14,M04,P005,4,0,Espèces,24.0,F,3.0
T08905,2025-10-14 16:58,M04,P005,2,0,Mobile Money,16.0,M,2.0
T08906,2025-10-14 17:07,M03,P011,1,0,Mobile Money,39.0,F,2.0
T08907,2025-10-14 17:08,M06,P002,3,0,Espèces,27.0,M,3.0
T08909,2025-10-14 17:29,M05,P001,2,0,Espèces,37.0,M,3.0
T08908,2025-10-14 17:29,M03,P012,5,10,Mobile Money,42.0,M,4.0
T08910,2025-10-14 18:14,M02,P020,3,10,Carte,16.0,F,4.0
T08911,2025-10-14 19:51,M01,P013,2,5,Mobile Money,34.0,F,3.0
T08912,2025-10-14 19:53,M01,P014,1,0,Espèces,41.0,F,4.0
T08913,2025-10-15 09:17,M04,P002,4,10,Espèces,16.0,M,3.0
T08914,2025-10-15 11:39,M03,P015,2,5,Espèces,42.0,M,4.0
T08915,2025-10-15 11:54,M01,P003,2,0,Espèces,36.0,F,3.0
T08916,2025-10-15 12:08,M02,P001,3,0,Espèces,39.0,F,4.0
T08917,2025-10-15 13:02,M02,P015,1,0,Mobile Money,41.0,M,3.0
T08918,2025-10-15 14:40,M06,P008,4,0,Mobile Money,32.0,F,4.0
T08919,2025-10-15 15:02,M02,P003,1,0,Mobile Money,29.0,M,4.0
T08920,2025-10-15 15:12,M03,P009,4,0,Espèces,35.0,F,3.0
T08921,2025-10-15 15:45,M02,P016,2,0,Espèces,26.0,F,4.0
T08922,2025-10-15 15:46,M06,P017,2,0,Espèces,30.0,M,5.0
T08923,2025-10-15 15:59,M01,P001,3,0,Mobile Money,24.0,F,5.0
T08924,2025-10-15 16:01,M03,P018,3,0,Espèces,38.0,M,5.0
T08925,2025-10-15 16:30,M03,P008,3,0,Espèces,32.0,F,4.0
T08926,2025-10-15 16:38,M06,P016,4,0,Espèces,18.0,M,4.0
T08927,2025-10-15 16:47,M01,P013,3,0,espèces,26.0,F,4.0
T08928,2025-10-15 16:55,M01,P004,3,15,especes,16.0,F,5.0
T08929,2025-10-15 16:55,M04,P007,2,0,Espèces,47.0,M,2.0
T08930,2025-10-15 18:11,M01,P001,5,0,Carte,35.0,M,5.0
T08931,2025-10-15 18:24,M01,P009,3,0,Mobile Money,33.0,F,3.0
T08932,2025-10-15 18:25,M06,P001,3,0,Espèces,39.0,M,4.0
T08933,2025-10-15 18:34,M06,P003,3,0,Mobile Money,31.0,M,3.0
T08934,2025-10-15 18:51,M04,P008,1,5,Mobile Money,16.0,M,1.0
T08935,2025-10-15 19:33,M03,P011,1,0,Espèces,36.0,M,3.0
T08936,2025-10-15 19:45,M01,P013,2,5,Carte,25.0,M,4.0
T08937,2025-10-15 19:53,M03,P016,4,0,Carte,40.0,F,4.0
T08938,2025-10-15 20:07,M02,P010,5,0,Espèces,18.0,M,3.0
T08939,2025-10-15 21:01,M03,P005,4,0,Espèces,33.0,F,3.0
T08940,2025-10-15 21:10,M05,P009,1,0,Espèces,33.0,M,3.0
T08941,2025-10-16 11:05,M03,P013,2,0,Mobile Money,,F,4.0
T08942,2025-10-16 11:12,M01,P006,3,0,Espèces,32.0,M,5.0
T08943,2025-10-16 12:10,M02,P015,2,0,espèces,41.0,M,3.0
T08944,2025-10-16 12:29,M06,P012,3,5,Mobile Money,43.0,M,2.0
T08945,2025-10-16 12:34,M01,P020,1,0,Espèces,33.0,F,3.0
T08946,2025-10-16 12:36,M02,P003,1,0,Mobile Money,26.0,F,1.0
T08947,2025-10-16 12:45,M03,P002,2,0,Mobile Money,58.0,M,3.0
T08948,2025-10-16 14:33,M03,P012,3,10,Carte,25.0,F,3.0
T08949,2025-10-16 14:35,M02,P016,2,0,Mobile Money,20.0,F,3.0
T08950,2025-10-16 15:46,M01,P012,3,0,Mobile Money,33.0,M,3.0
T08951,2025-10-16 15:58,M01,P009,3,10,Mobile Money,35.0,M,3.0
T08952,2025-10-16 16:46,M03,P014,5,0,Espèces,26.0,M,4.0
T08953,2025-10-16 16:54,M01,P010,1,0,Espèces,39.0,F,2.0
T08954,2025-10-16 17:30,M04,P014,2,0,Carte,49.0,F,1.0
T08955,2025-10-16 17:41,M06,P016,4,0,Espèces,32.0,M,3.0
T08956,2025-10-16 18:47,M04,P005,1,5,Mobile Money,31.0,M,3.0
T08957,2025-10-16 18:48,M01,P002,4,0,Espèces,40.0,F,4.0
T08958,2025-10-16 18:54,M01,P007,1,0,Carte,40.0,F,2.0
T08959,2025-10-16 19:02,M01,P005,1,0,Mobile Money,48.0,F,4.0
T08960,2025-10-16 19:19,M04,P009,2,0,Mobile Money,33.0,F,2.0
T08961,2025-10-16 19:27,M02,P023,3,10,Carte,22.0,F,3.0
T08962,2025-10-16 19:39,M02,P014,2,0,Espèces,40.0,M,3.0
T08963,2025-10-16 20:40,M03,P003,1,5,Mobile Money,32.0,F,4.0
T08964,2025-10-17 08:33,M06,P015,2,0,Mobile Money,35.0,F,4.0
T08965,2025-10-17 10:36,M06,P004,1,0,Espèces,24.0,M,3.0
T08966,2025-10-17 10:51,M03,P004,5,10,Espèces,32.0,M,4.0
T08967,2025-10-17 11:04,M03,P017,1,0,Mobile Money,39.0,F,5.0
T08968,2025-10-17 11:10,M06,P024,1,0,Mobile Money,42.0,M,4.0
T08969,2025-10-17 11:17,M02,P025,1,10,Espèces,42.0,F,4.0
T08970,2025-10-17 11:58,M04,P002,3,0,Mobile Money,16.0,M,2.0
T08971,2025-10-17 13:24,M02,P010,4,5,Mobile Money,26.0,F,4.0
T08972,2025-10-17 13:26,M04,P008,2,0,Mobile Money,24.0,F,2.0
T08973,2025-10-17 13:41,M02,P009,1,0,Espèces,21.0,M,5.0
T08974,2025-10-17 14:48,M05,P006,2,0,Espèces,28.0,M,3.0
T08975,2025-10-17 15:36,M05,P010,4,0,Mobile Money,34.0,F,3.0
T08976,2025-10-17 16:26,M02,P022,1,0,Mobile Money,29.0,F,3.0
T08977,2025-10-17 16:27,M01,P009,3,0,Espèces,32.0,F,3.0
T08978,2025-10-17 16:50,M04,P012,1,0,Espèces,33.0,M,3.0
T08979,2025-10-17 17:15,M02,P002,4,0,Carte,31.0,M,3.0
T08980,2025-10-17 17:15,M01,P008,4,0,Mobile Money,30.0,M,5.0
T08981,2025-10-17 17:16,M01,P006,3,0,Espèces,17.0,F,4.0
T08982,2025-10-17 17:19,M04,P013,5,0,Espèces,16.0,M,1.0
T08983,2025-10-17 17:32,M01,P004,1,0,mobile money,41.0,F,4.0
T08984,2025-10-17 18:20,M06,P007,1,0,Espèces,37.0,F,4.0
T08985,2025-10-17 18:22,M02,P007,2,0,Mobile Money,45.0,F,4.0
T08986,2025-10-17 18:34,M04,P027,1,0,Espèces,29.0,M,1.0
T08987,2025-10-17 18:37,M01,P014,3,5,Carte,34.0,M,4.0
T08988,2025-10-17 18:48,M05,P027,2,10,Espèces,34.0,M,3.0
T08989,2025-10-17 19:56,M03,P012,2,0,Mobile Money,43.0,M,3.0
T08990,2025-10-17 20:09,M02,P009,4,0,Mobile Money,36.0,F,4.0
T08991,2025-10-18 10:05,M05,P002,2,0,Espèces,35.0,F,5.0
T08992,2025-10-18 10:11,M01,P014,3,0,Mobile Money,43.0,F,1.0
T08993,2025-10-18 10:44,M03,P010,2,10,Espèces,43.0,M,3.0
T08994,2025-10-18 11:23,M01,P018,1,0,Mobile Money,35.0,F,5.0
T08996,2025-10-18 11:30,M05,P015,1,5,Espèces,44.0,M,3.0
T08995,2025-10-18 11:30,M03,P006,1,10,Espèces,45.0,M,2.0
T08997,2025-10-18 11:43,M03,P005,2,0,Mobile Money,30.0,F,3.0
T08998,2025-10-18 11:46,M03,P010,2,0,Espèces,38.0,F,5.0
T08999,2025-10-18 12:01,M02,P001,2,0,Carte,39.0,F,3.0
T09000,2025-10-18 12:03,M02,P022,1,0,Carte,26.0,F,5.0
T09001,2025-10-18 12:18,M02,P027,1,0,Mobile Money,26.0,M,4.0
T09002,2025-10-18 12:37,M04,P009,3,0,Espèces,25.0,F,2.0
T09003,2025-10-18 13:21,M04,P007,3,0,Espèces,40.0,F,3.0
T09004,2025-10-18 13:36,M05,P019,1,0,Mobile Money,36.0,F,2.0
T09005,2025-10-18 13:43,M01,P005,1,5,Espèces,51.0,M,4.0
T09006,2025-10-18 13:52,M05,P009,2,0,Espèces,37.0,M,3.0
T09007,2025-10-18 14:00,M06,P015,3,0,Espèces,36.0,M,4.0
T09008,2025-10-18 15:05,M02,P003,5,0,Espèces,35.0,F,2.0
T09009,2025-10-18 16:04,M04,P007,1,0,Mobile Money,21.0,M,1.0
T09010,2025-10-18 16:13,M03,P007,3,0,Mobile Money,30.0,F,4.0
T09011,2025-10-18 16:39,M01,P011,3,0,Mobile Money,18.0,F,3.0
T09012,2025-10-18 16:46,M04,P015,2,5,Espèces,42.0,F,3.0
T09013,2025-10-18 16:46,M04,P007,-7,0,Mobile Money,30.0,M,2.0
T09014,2025-10-18 17:18,M03,P001,2,15,Espèces,36.0,M,4.0
T09015,2025-10-18 17:21,M05,P016,3,5,Mobile Money,34.0,M,3.0
T09016,2025-10-18 17:33,M01,P005,2,0,Carte,50.0,F,3.0
T09017,2025-10-18 17:46,M03,P001,3,0,Mobile Money,18.0,M,3.0
T09018,2025-10-18 17:51,M04,P015,1,0,Espèces,22.0,M,1.0
T09019,2025-10-18 18:03,M03,P013,2,0,Espèces,35.0,F,4.0
T09020,2025-10-18 18:04,M04,P009,3,0,Espèces,35.0,F,4.0
T09021,2025-10-18 18:09,M01,P015,2,0,Mobile Money,33.0,F,4.0
T09022,2025-10-18 18:13,M02,P004,4,0,Espèces,28.0,F,3.0
T09023,2025-10-18 18:19,M02,P008,4,0,Espèces,33.0,M,4.0
T09024,2025-10-18 18:29,M01,P025,1,0,Mobile Money,32.0,F,4.0
T09025,2025-10-18 18:38,M06,P016,4,0,Mobile Money,39.0,M,3.0
T09026,2025-10-18 18:50,M06,P022,1,0,Carte,28.0,F,4.0
T09027,2025-10-18 19:08,M04,P001,3,0,Espèces,48.0,F,3.0
T09028,2025-10-18 19:10,M05,P018,2,0,Mobile Money,32.0,M,3.0
T09029,2025-10-18 20:09,M01,P011,6,0,Espèces,45.0,F,4.0
T09030,2025-10-18 20:10,M05,P014,1,0,Espèces,40.0,F,3.0
T09031,2025-10-18 20:43,M01,P006,1,0,Mobile Money,35.0,M,4.0
T09032,2025-10-18 20:49,M02,P005,2,5,Mobile Money,16.0,M,4.0
T09033,2025-10-18 21:02,M01,P007,2,0,Espèces,,M,2.0
T09034,2025-10-18 21:48,M03,P006,3,0,Espèces,45.0,M,2.0
T09035,2025-10-19 10:29,M01,P012,2,0,Espèces,27.0,M,4.0
T09036,2025-10-19 10:57,M03,P012,3,0,Espèces,35.0,M,4.0
T09037,2025-10-19 11:07,M05,P014,4,0,Espèces,24.0,M,3.0
T09038,2025-10-19 11:09,M04,P013,2,10,Mobile Money,46.0,F,2.0
T09039,2025-10-19 11:17,M02,P012,2,0,Espèces,42.0,F,4.0
T09040,2025-10-19 11:34,M02,P011,4,15,Mobile Money,38.0,F,4.0
T09041,2025-10-19 12:01,M04,P012,3,10,Espèces,30.0,F,4.0
T09042,2025-10-19 12:25,M04,P003,1,0,Espèces,20.0,F,2.0
T09043,2025-10-19 12:43,M03,P025,1,5,Espèces,23.0,M,4.0
T09044,2025-10-19 13:01,M04,P023,1,0,Espèces,34.0,M,2.0
T09045,2025-10-19 13:05,M06,P001,4,0,Mobile Money,34.0,M,2.0
T09046,2025-10-19 13:28,M02,P017,5,10,Mobile Money,32.0,M,4.0
T09047,2025-10-19 13:32,M04,P008,3,0,Mobile Money,48.0,F,2.0
T09048,2025-10-19 13:41,M03,P015,1,0,Mobile Money,35.0,F,4.0
T09049,2025-10-19 16:22,M02,P003,2,0,Carte,33.0,F,4.0
T09050,2025-10-19 16:24,M01,P001,3,0,Carte,24.0,M,3.0
T09051,2025-10-19 17:03,M03,P002,1,5,Mobile Money,48.0,F,4.0
T09052,2025-10-19 17:15,M02,P014,2,0,Mobile Money,21.0,F,3.0
T09053,2025-10-19 17:26,M03,P025,1,0,Mobile Money,35.0,M,4.0
T09054,2025-10-19 17:30,M03,P001,4,15,Mobile Money,40.0,M,4.0
T09055,2025-10-19 17:33,M01,P007,3,0,Mobile Money,40.0,M,4.0
T09056,2025-10-19 17:37,M03,P008,3,0,Mobile Money,32.0,M,2.0
T09057,2025-10-19 17:40,M04,P012,4,0,Mobile Money,29.0,M,3.0
T09058,2025-10-19 17:40,M01,P009,1,0,Espèces,34.0,F,5.0
T09059,2025-10-19 18:14,M01,P004,6,0,Espèces,47.0,F,3.0
T09060,2025-10-19 19:22,M04,P013,3,0,Mobile Money,,F,2.0
T09061,2025-10-19 19:36,M04,P004,5,5,Espèces,37.0,F,1.0
T09062,2025-10-19 19:47,M05,P006,2,0,Mobile Money,32.0,F,4.0
T09063,2025-10-19 20:11,M05,P001,2,0,Espèces,35.0,M,4.0
T09064,2025-10-19 21:53,M01,P012,3,0,Espèces,26.0,F,4.0
T09065,2025-10-20 09:44,M04,P014,2,0,Mobile Money,37.0,F,2.0
T09066,2025-10-20 11:58,M03,P010,4,0,Mobile Money,40.0,F,4.0
T09067,2025-10-20 12:39,M05,P014,3,15,Espèces,25.0,F,3.0
T09068,2025-10-20 13:10,M01,P013,3,0,Mobile Money,25.0,M,4.0
T09069,2025-10-20 13:16,M02,P003,6,10,Carte,19.0,F,2.0
T09070,2025-10-20 13:20,M01,P011,2,0,Mobile Money,26.0,M,4.0
T09071,2025-10-20 13:33,M04,P002,2,0,Espèces,16.0,F,3.0
T09072,2025-10-20 13:55,M05,P009,2,0,Mobile Money,41.0,F,4.0
T09073,2025-10-20 15:12,M06,P022,1,5,Espèces,27.0,F,3.0
T09074,2025-10-20 15:14,M05,P009,4,0,Espèces,30.0,M,3.0
T09075,2025-10-20 16:06,M06,P015,4,0,Espèces,28.0,F,3.0
T09076,2025-10-20 16:17,M02,P016,2,0,Espèces,66.0,M,4.0
T09077,2025-10-20 16:23,M05,P012,2,0,Espèces,44.0,M,3.0
T09078,2025-10-20 17:04,M01,P002,3,0,Mobile Money,16.0,M,3.0
T09079,2025-10-20 17:16,M03,P013,3,0,Mobile Money,34.0,F,3.0
T09080,2025-10-20 17:30,M04,P007,3,5,Espèces,27.0,M,2.0
T09081,2025-10-20 17:31,M03,P002,4,0,Espèces,36.0,M,4.0
T09082,2025-10-20 17:51,M04,P014,1,5,Espèces,41.0,F,3.0
T09083,2025-10-20 18:19,M02,P008,1,0,Espèces,47.0,F,5.0
T09084,2025-10-20 18:27,M03,P019,1,0,Mobile Money,29.0,F,3.0
T09085,2025-10-20 19:27,M03,P001,4,0,Espèces,42.0,M,2.0
T09086,2025-10-20 19:31,M02,P008,5,0,Mobile Money,48.0,F,3.0
T09087,2025-10-20 19:53,M02,P004,2,0,Espèces,38.0,F,2.0
T09088,2025-10-20 20:07,M05,P002,4,0,Espèces,27.0,F,4.0
T09089,2025-10-21 10:53,M03,P027,1,0,Espèces,35.0,F,4.0
T09090,2025-10-21 11:13,M01,P016,3,0,Mobile Money,31.0,M,4.0
T09091,2025-10-21 11:32,M03,P016,2,0,Espèces,51.0,F,2.0
T09092,2025-10-21 12:13,M06,P006,4,15,Mobile Money,27.0,M,4.0
T09093,2025-10-21 12:32,M03,P001,3,0,Mobile Money,38.0,F,4.0
T09094,2025-10-21 12:33,M05,P010,2,0,Mobile Money,39.0,M,4.0
T09095,2025-10-21 12:46,M03,P008,2,0,Espèces,37.0,M,5.0
T09096,2025-10-21 12:48,M01,P007,4,0,Carte,38.0,F,4.0
T09097,2025-10-21 13:02,M03,P001,4,0,Espèces,37.0,M,3.0
T09098,2025-10-21 13:13,M01,P012,2,0,Espèces,37.0,F,5.0
T09099,2025-10-21 13:35,M05,P002,3,0,Mobile Money,29.0,M,3.0
T09100,2025-10-21 14:22,M02,P022,1,0,Mobile Money,26.0,F,4.0
T09101,2025-10-21 15:13,M06,P008,2,0,Carte,56.0,M,3.0
T09102,2025-10-21 16:50,M03,P023,1,0,Mobile Money,27.0,F,2.0
T09103,2025-10-21 16:57,M05,P024,1,0,Mobile Money,29.0,F,4.0
T09104,2025-10-21 17:04,M02,P007,2,0,Espèces,26.0,F,3.0
T09105,2025-10-21 17:10,M01,P007,6,10,Mobile Money,41.0,M,4.0
T09106,2025-10-21 17:32,M02,P007,1,0,Mobile Money,21.0,M,3.0
T09107,2025-10-21 17:47,M06,P013,2,0,Espèces,41.0,F,4.0
T09108,2025-10-21 17:48,M01,P014,4,0,Mobile Money,41.0,F,3.0
T09109,2025-10-21 17:59,M05,P026,1,0,Espèces,36.0,M,5.0
T09110,2025-10-21 19:22,M04,P022,1,0,Mobile Money,28.0,F,3.0
T09111,2025-10-21 19:39,M04,P009,4,10,Espèces,25.0,F,4.0
T09112,2025-10-21 21:01,M02,P021,1,0,Mobile Money,34.0,F,4.0
T09113,2025-10-21 21:20,M05,P002,3,0,Carte,29.0,F,4.0
T09114,2025-10-21 21:36,M05,P001,5,0,Mobile Money,32.0,F,2.0
T09115,2025-10-22 11:13,M03,P006,2,5,Mobile Money,39.0,F,4.0
T09116,2025-10-22 11:53,M05,P009,3,0,Espèces,37.0,F,2.0
T09117,2025-10-22 12:10,M05,P005,2,0,Espèces,35.0,F,3.0
T09118,2025-10-22 13:09,M01,P025,1,0,Espèces,28.0,M,5.0
T09119,2025-10-22 13:26,M05,P004,2,0,Mobile Money,51.0,M,4.0
T09120,2025-10-22 14:23,M03,P007,2,0,Mobile Money,27.0,M,4.0
T09121,2025-10-22 14:41,M06,P010,2,0,MoMo,39.0,F,3.0
T09122,2025-10-22 14:50,M01,P008,2,0,Espèces,23.0,F,5.0
T09123,2025-10-22 15:23,M06,P009,1,0,Mobile Money,38.0,M,3.0
T09124,2025-10-22 15:49,M04,P024,1,0,Espèces,25.0,F,3.0
T09125,2025-10-22 16:38,M04,P002,3,10,Mobile Money,37.0,M,4.0
T09126,2025-10-22 16:43,M02,P002,2,0,Espèces,28.0,M,4.0
T09127,2025-10-22 16:46,M04,P008,4,0,espèces,23.0,F,4.0
T09128,2025-10-22 16:48,M02,P009,2,0,Mobile Money,31.0,F,5.0
T09129,2025-10-22 17:49,M01,P011,2,0,Carte,32.0,F,5.0
T09130,2025-10-22 17:52,M01,P010,1,0,Carte,33.0,F,3.0
T09131,2025-10-22 17:59,M01,P012,3,5,Espèces,30.0,F,5.0
T09132,2025-10-22 18:01,M01,P014,6,0,Espèces,38.0,M,4.0
T09133,2025-10-22 18:03,M01,P008,2,0,Carte,27.0,M,4.0
T09134,2025-10-22 18:14,M04,P009,2,0,Espèces,21.0,M,4.0
T09135,2025-10-22 18:26,M05,P009,1,0,Espèces,28.0,M,2.0
T09136,2025-10-22 18:36,M04,P016,2,0,Espèces,23.0,F,3.0
T09137,2025-10-22 18:39,M03,P001,3,0,Mobile Money,43.0,M,4.0
T09138,2025-10-22 19:06,M02,P010,2,0,Carte,31.0,M,3.0
T09139,2025-10-22 19:10,M02,P011,4,0,Mobile Money,,F,5.0
T09140,2025-10-22 19:26,M03,P002,2,0,Mobile Money,29.0,F,4.0
T09141,2025-10-22 20:28,M04,P002,5,0,Mobile Money,20.0,F,3.0
T09142,2025-10-22 20:40,M02,P010,3,0,Carte,37.0,M,2.0
T09143,2025-10-22 21:14,M04,P004,2,5,Espèces,26.0,M,1.0
T09144,2025-10-23 10:24,M04,P011,3,0,Mobile Money,23.0,F,3.0
T09145,2025-10-23 11:18,M05,P003,1,0,Mobile Money,37.0,M,3.0
T09146,2025-10-23 11:41,M01,P004,1,0,Espèces,43.0,F,2.0
T09147,2025-10-23 11:47,M04,P017,3,0,Espèces,40.0,F,3.0
T09148,2025-10-23 13:17,M03,P003,1,5,Mobile Money,20.0,M,3.0
T09149,2025-10-23 16:04,M05,P012,4,0,Mobile Money,38.0,F,4.0
T09150,2025-10-23 16:40,M01,P014,1,0,Espèces,27.0,F,4.0
T09151,2025-10-23 17:03,M05,P008,2,0,Mobile Money,33.0,M,3.0
T09152,2025-10-23 17:19,M04,P015,4,0,Espèces,38.0,M,3.0
T09153,2025-10-23 17:21,M02,P005,4,0,Mobile Money,31.0,M,2.0
T09157,2025-10-23 17:40,M01,P005,4,0,Carte,23.0,M,5.0
T09154,2025-10-23 17:40,M05,P018,4,5,Mobile Money,16.0,F,4.0
T09155,2025-10-23 17:40,M03,P015,3,0,Mobile Money,16.0,M,4.0
T09156,2025-10-23 17:40,M01,P007,3,10,Espèces,23.0,M,2.0
T09158,2025-10-23 17:44,M05,P007,3,0,Mobile Money,32.0,F,4.0
T09159,2025-10-23 17:50,M06,P010,1,0,Mobile Money,38.0,F,4.0
T09160,2025-10-23 17:52,M02,P011,4,0,Carte,37.0,M,4.0
T09161,2025-10-23 17:57,M04,P013,1,0,Mobile Money,41.0,M,2.0
T09162,2025-10-23 18:03,M01,P005,2,5,Espèces,44.0,M,3.0
T09163,2025-10-23 18:07,M02,P022,1,0,Mobile Money,38.0,F,3.0
T09165,2025-10-23 18:30,M01,P007,4,0,Mobile Money,19.0,F,3.0
T09164,2025-10-23 18:30,M01,P011,1,0,Carte,45.0,M,3.0
T09166,2025-10-23 18:33,M04,P016,3,0,Espèces,41.0,F,1.0
T09167,2025-10-23 18:50,M01,P007,5,10,Espèces,22.0,F,3.0
T09168,2025-10-23 19:38,M02,P024,1,0,Espèces,16.0,F,4.0
T09169,2025-10-23 19:43,M02,P003,4,0,Carte,40.0,F,3.0
T09170,2025-10-23 20:00,M05,P023,1,0,Mobile Money,36.0,F,1.0
T09171,2025-10-24 11:08,M05,P020,1,0,Mobile Money,26.0,M,4.0
T09172,2025-10-24 12:11,M02,P004,3,0,Espèces,41.0,M,3.0
T09173,2025-10-24 12:12,M03,P003,3,0,Espèces,24.0,M,4.0
T09174,2025-10-24 12:27,M01,P002,3,0,Mobile Money,38.0,F,3.0
T09175,2025-10-24 12:30,M01,P009,3,0,Mobile Money,41.0,F,5.0
T09176,2025-10-24 12:30,M06,P009,1,0,Mobile Money,53.0,M,4.0
T09177,2025-10-24 12:33,M06,P009,4,0,Espèces,21.0,F,3.0
T09178,2025-10-24 12:33,M01,P014,1,0,Carte,27.0,M,3.0
T09179,2025-10-24 12:41,M04,P013,2,0,Espèces,,F,3.0
T09180,2025-10-24 12:44,M01,P001,7,10,Mobile Money,40.0,M,3.0
T09181,2025-10-24 12:44,M01,P013,4,10,Espèces,35.0,F,4.0
T09182,2025-10-24 12:46,M04,P007,1,0,Carte,36.0,M,2.0
T09183,2025-10-24 12:55,M05,P007,1,0,Espèces,35.0,F,3.0
T09184,2025-10-24 12:56,M05,P006,6,0,Mobile Money,30.0,F,4.0
T09185,2025-10-24 13:10,M01,P004,3,0,Carte,54.0,M,5.0
T09186,2025-10-24 13:18,M03,P007,4,15,Mobile Money,27.0,F,4.0
T09187,2025-10-24 13:35,M01,P022,1,0,Mobile Money,31.0,F,4.0
T09188,2025-10-24 14:21,M02,P017,3,0,Mobile Money,31.0,F,3.0
T09189,2025-10-24 15:00,M01,P001,4,5,Mobile Money,50.0,F,4.0
T09190,2025-10-24 15:27,M03,P007,3,0,Espèces,25.0,F,4.0
T09191,2025-10-24 16:00,M06,P003,2,0,Carte,28.0,F,4.0
T09192,2025-10-24 17:13,M01,P001,1,0,Mobile Money,39.0,M,5.0
T09193,2025-10-24 17:16,M06,P020,1,0,Mobile Money,24.0,F,4.0
T09194,2025-10-24 17:37,M01,P016,2,5,Mobile Money,46.0,F,4.0
T09195,2025-10-24 17:40,M03,P021,1,0,Espèces,34.0,F,3.0
T09196,2025-10-24 17:44,M02,P015,1,0,Espèces,40.0,F,4.0
T09197,2025-10-24 17:55,M06,P011,1,0,Espèces,17.0,F,5.0
T09198,2025-10-24 18:14,M03,P024,1,0,Mobile Money,31.0,M,4.0
T09199,2025-10-24 18:16,M02,P016,2,10,Espèces,43.0,M,4.0
T09200,2025-10-24 18:19,M04,P025,2,10,Mobile Money,17.0,M,4.0
T09201,2025-10-24 18:26,M04,P009,2,0,Mobile Money,26.0,F,3.0
T09202,2025-10-24 18:31,M05,P013,4,10,Espèces,36.0,M,3.0
T09203,2025-10-24 18:48,M02,P007,1,0,Mobile Money,40.0,F,2.0
T09204,2025-10-24 19:38,M05,P009,3,5,Espèces,34.0,M,2.0
T09205,2025-10-24 21:17,M06,P010,2,0,Espèces,46.0,M,2.0
T09206,2025-10-25 10:35,M01,P003,1,0,Espèces,42.0,M,5.0
T09207,2025-10-25 10:45,M05,P009,2,0,Mobile Money,37.0,F,4.0
T09208,2025-10-25 11:11,M05,P005,3,0,Mobile Money,16.0,M,3.0
T09209,2025-10-25 11:27,M06,P014,2,0,Espèces,45.0,M,4.0
T09210,2025-10-25 11:40,M02,P014,1,5,Mobile Money,53.0,F,4.0
T09211,2025-10-25 11:52,M01,P009,3,0,Carte,32.0,M,3.0
T09212,2025-10-25 11:54,M06,P017,3,0,Mobile Money,26.0,F,5.0
T09213,2025-10-25 12:03,M01,P025,1,5,Espèces,24.0,F,5.0
T09214,2025-10-25 12:17,M04,P003,3,0,Espèces,35.0,F,2.0
T09215,2025-10-25 12:18,M06,P025,3,15,Espèces,20.0,F,3.0
T09216,2025-10-25 12:27,M01,P003,2,0,Espèces,27.0,F,4.0
T09217,2025-10-25 12:32,M02,P019,1,0,Espèces,29.0,F,2.0
T09218,2025-10-25 12:42,M04,P002,3,0,Mobile Money,36.0,M,3.0
T09219,2025-10-25 12:55,M06,P010,2,0,Espèces,32.0,F,4.0
T09220,2025-10-25 13:04,M03,P003,4,0,Mobile Money,39.0,M,5.0
T09221,2025-10-25 13:07,M01,P024,1,0,Mobile Money,38.0,M,4.0
T09222,2025-10-25 13:13,M01,P014,2,0,Espèces,36.0,M,4.0
T09223,2025-10-25 13:17,M02,P001,4,0,Carte,34.0,M,4.0
T09224,2025-10-25 13:28,M05,P002,3,0,Espèces,32.0,M,2.0
T09225,2025-10-25 13:44,M02,P002,2,10,Carte,16.0,M,4.0
T09226,2025-10-25 13:48,M04,P002,6,5,Espèces,19.0,F,2.0
T09227,2025-10-25 14:03,M01,P027,1,0,Espèces,37.0,F,4.0
T09228,2025-10-25 15:03,M03,P009,3,0,Mobile Money,54.0,F,4.0
T09229,2025-10-25 15:45,M03,P026,1,0,Carte,42.0,M,5.0
T09230,2025-10-25 15:51,M04,P015,1,0,Carte,33.0,F,3.0
T09231,2025-10-25 16:19,M06,P022,1,0,MoMo,17.0,F,3.0
T09232,2025-10-25 16:29,M06,P017,3,0,Mobile Money,34.0,M,3.0
T09233,2025-10-25 16:58,M04,P004,2,0,Mobile Money,30.0,F,3.0
T09234,2025-10-25 17:03,M03,P005,1,0,Espèces,22.0,F,5.0
T09235,2025-10-25 17:15,M04,P007,2,5,Espèces,51.0,F,3.0
T09236,2025-10-25 17:25,M03,P016,2,0,Mobile Money,39.0,F,5.0
T09237,2025-10-25 17:27,M03,P002,3,0,Espèces,23.0,F,2.0
T09238,2025-10-25 17:39,M05,P016,2,0,Mobile Money,35.0,M,5.0
T09239,2025-10-25 17:50,M01,P020,1,0,Mobile Money,22.0,F,3.0
T09240,2025-10-25 17:50,M04,P005,2,0,Espèces,35.0,F,3.0
T09241,2025-10-25 17:55,M03,P001,2,10,Espèces,30.0,F,3.0
T09242,2025-10-25 17:57,M05,P006,3,0,Espèces,36.0,M,2.0
T09243,2025-10-25 18:00,M01,P009,1,0,Mobile Money,41.0,M,3.0
T09245,2025-10-25 18:08,M04,P004,2,0,Mobile Money,38.0,M,3.0
T09244,2025-10-25 18:08,M06,P014,5,10,Espèces,23.0,F,2.0
T09246,2025-10-25 18:27,M04,P014,4,10,Espèces,35.0,F,3.0
T09247,2025-10-25 18:33,M01,P001,3,0,Espèces,24.0,F,4.0
T09249,2025-10-25 18:34,M01,P007,2,0,Carte,23.0,M,3.0
T09248,2025-10-25 18:34,M05,P022,1,5,Carte,27.0,F,5.0
T09250,2025-10-25 18:40,M04,P023,1,0,Mobile Money,19.0,F,4.0
T09251,2025-10-25 18:41,M01,P025,2,15,Carte,38.0,F,1.0
T09252,2025-10-25 18:48,M01,P014,1,0,Mobile Money,34.0,M,2.0
T09253,2025-10-25 18:55,M02,P012,4,15,Mobile Money,21.0,M,3.0
T09254,2025-10-25 19:08,M03,P015,2,0,Mobile Money,26.0,M,4.0
T09255,2025-10-25 19:10,M06,P005,3,5,Espèces,33.0,F,4.0
T09256,2025-10-25 19:14,M03,P019,1,0,Espèces,26.0,F,3.0
T09257,2025-10-25 19:15,M03,P007,3,0,Mobile Money,42.0,M,3.0
T09258,2025-10-25 20:14,M04,P016,3,0,Carte,35.0,F,4.0
T09259,2025-10-25 20:22,M02,P005,1,0,Mobile Money,37.0,M,4.0
T09260,2025-10-25 20:33,M05,P010,3,0,Mobile Money,37.0,F,4.0
T09261,2025-10-26 10:12,M02,P013,1,0,Espèces,31.0,F,1.0
T09262,2025-10-26 10:53,M05,P004,2,0,Espèces,52.0,M,2.0
T09263,2025-10-26 11:03,M03,P022,1,0,Mobile Money,27.0,M,3.0
T09264,2025-10-26 11:03,M01,P009,3,15,Mobile Money,29.0,M,4.0
T09265,2025-10-26 12:17,M05,P021,1,0,Espèces,26.0,F,5.0
T09266,2025-10-26 12:19,M04,P007,4,0,Espèces,30.0,M,3.0
T09267,2025-10-26 12:20,M01,P009,3,0,Mobile Money,42.0,F,4.0
T09268,2025-10-26 12:52,M01,P001,3,0,Mobile Money,29.0,F,1.0
T09269,2025-10-26 12:52,M03,P014,4,15,Mobile Money,44.0,F,4.0
T09270,2025-10-26 13:13,M04,P002,2,0,Espèces,29.0,F,2.0
T09271,2025-10-26 15:00,M01,P017,2,0,Espèces,45.0,F,4.0
T09272,2025-10-26 15:41,M05,P014,3,0,Mobile Money,31.0,F,3.0
T09273,2025-10-26 15:42,M05,P011,2,0,Espèces,32.0,F,2.0
T09274,2025-10-26 16:32,M05,P007,2,0,Espèces,45.0,M,3.0
T09275,2025-10-26 16:33,M05,P023,1,0,Carte,22.0,M,4.0
T09276,2025-10-26 16:38,M03,P018,2,0,Mobile Money,44.0,F,3.0
T09277,2025-10-26 16:52,M05,P008,3,5,Espèces,39.0,F,3.0
T09278,2025-10-26 17:04,M04,P004,4,0,Espèces,33.0,F,2.0
T09279,2025-10-26 17:34,M05,P004,3,0,Mobile Money,38.0,F,4.0
T09280,2025-10-26 17:35,M02,P005,3,0,Carte,43.0,F,3.0
T09281,2025-10-26 17:36,M02,P006,2,0,Espèces,53.0,M,4.0
T09282,2025-10-26 17:43,M04,P009,3,0,Mobile Money,35.0,M,4.0
T09283,2025-10-26 17:54,M06,P013,3,0,Espèces,16.0,F,3.0
T09284,2025-10-26 18:11,M03,P001,3,0,Espèces,20.0,M,5.0
T09285,2025-10-26 18:35,M06,P016,2,0,Mobile Money,33.0,M,4.0
T09286,2025-10-26 18:38,M06,P004,3,0,Espèces,39.0,F,5.0
T09287,2025-10-26 19:04,M04,P006,2,0,Espèces,17.0,F,2.0
T09288,2025-10-26 19:05,M03,P021,1,5,Mobile Money,20.0,M,5.0
T09289,2025-10-26 19:08,M01,P002,1,0,Espèces,28.0,F,4.0
T09290,2025-10-26 19:21,M03,P012,1,5,Mobile Money,45.0,M,2.0
T09291,2025-10-26 19:38,M01,P021,1,5,Carte,21.0,M,3.0
T09292,2025-10-26 20:43,M01,P005,2,0,Mobile Money,,F,4.0
T09293,2025-10-26 21:53,M03,P019,1,0,Mobile Money,31.0,M,3.0
T09294,2025-10-27 10:51,M05,P018,4,0,Carte,18.0,F,3.0
T09295,2025-10-27 12:24,M01,P001,3,0,Mobile Money,32.0,F,5.0
T09296,2025-10-27 12:28,M01,P005,5,5,Espèces,30.0,F,4.0
T09297,2025-10-27 13:13,M01,P005,3,0,Carte,32.0,M,3.0
T09298,2025-10-27 13:16,M05,P003,5,10,Espèces,28.0,M,4.0
T09299,2025-10-27 13:22,M05,P007,3,15,Espèces,32.0,F,4.0
T09300,2025-10-27 14:18,M01,P004,5,0,Espèces,49.0,F,3.0
T09301,2025-10-27 15:25,M04,P016,3,0,Espèces,28.0,M,2.0
T09302,2025-10-27 15:44,M01,P005,3,0,Carte,34.0,F,4.0
T09303,2025-10-27 16:48,M02,P005,2,0,Carte,46.0,M,4.0
T09304,2025-10-27 16:50,M04,P005,3,0,Mobile Money,,M,4.0
T09305,2025-10-27 16:52,M01,P014,2,0,Mobile Money,31.0,F,4.0
T09306,2025-10-27 17:19,M03,P005,5,0,Espèces,,M,3.0
T09307,2025-10-27 17:30,M01,P017,3,0,Mobile Money,35.0,M,3.0
T09308,2025-10-27 17:55,M04,P014,1,0,Mobile Money,44.0,M,2.0
T09309,2025-10-27 18:06,M05,P001,4,0,Mobile Money,29.0,M,4.0
T09310,2025-10-27 18:25,M06,P020,1,0,Espèces,24.0,F,3.0
T09311,2025-10-27 18:34,M04,P005,3,0,Espèces,47.0,M,4.0
T09312,2025-10-27 18:57,M01,P014,3,0,Mobile Money,41.0,M,4.0
T09313,2025-10-27 19:16,M04,P012,3,0,Mobile Money,35.0,F,4.0
T09314,2025-10-27 19:32,M04,P009,4,0,Espèces,27.0,F,4.0
T09315,2025-10-27 19:44,M05,P003,2,0,Espèces,30.0,M,2.0
T09316,2025-10-27 20:03,M05,P005,2,5,Mobile Money,16.0,M,3.0
T09317,2025-10-27 20:59,M03,P017,4,0,Espèces,28.0,F,5.0
T09318,2025-10-28 10:54,M03,P017,3,5,Mobile Money,55.0,F,2.0
T09319,2025-10-28 11:05,M01,P008,2,0,Carte,39.0,F,3.0
T09320,2025-10-28 11:14,M02,P005,1,0,Mobile Money,36.0,F,3.0
T09321,2025-10-28 11:38,M01,P025,1,0,Espèces,52.0,F,4.0
T09322,2025-10-28 12:07,M04,P005,3,0,Mobile Money,23.0,F,2.0
T09323,2025-10-28 12:56,M01,P020,1,0,Mobile Money,19.0,M,4.0
T09324,2025-10-28 13:05,M01,P008,1,0,Mobile Money,34.0,M,5.0
T09325,2025-10-28 13:18,M04,P015,1,0,Carte,33.0,M,3.0
T09326,2025-10-28 13:21,M01,P013,1,0,Espèces,41.0,F,5.0
T09327,2025-10-28 15:53,M04,P008,1,0,Espèces,16.0,F,3.0
T09328,2025-10-28 16:27,M02,P010,3,0,Espèces,31.0,F,4.0
T09329,2025-10-28 16:37,M05,P004,2,0,Carte,36.0,F,3.0
T09330,2025-10-28 17:13,M01,P016,1,0,Mobile Money,20.0,F,5.0
T09331,2025-10-28 17:34,M05,P022,1,0,Mobile Money,35.0,M,5.0
T09332,2025-10-28 18:08,M01,P011,2,0,Espèces,19.0,F,3.0
T09333,2025-10-28 18:13,M03,P017,4,0,Mobile Money,34.0,F,4.0
T09334,2025-10-28 18:14,M02,P013,5,5,Mobile Money,39.0,F,3.0
T09335,2025-10-28 18:20,M02,P015,5,0,Espèces,36.0,M,4.0
T09336,2025-10-28 18:45,M01,P004,4,0,Mobile Money,48.0,M,5.0
T09337,2025-10-28 19:17,M03,P005,3,10,Espèces,27.0,M,4.0
T09338,2025-10-28 19:28,M06,P007,3,0,Espèces,27.0,M,4.0
T09339,2025-10-28 19:40,M05,P014,2,10,Espèces,16.0,F,3.0
T09340,2025-10-28 20:32,M06,P011,3,0,Espèces,29.0,M,3.0
T09341,2025-10-28 20:42,M01,P020,1,0,Mobile Money,21.0,F,3.0
T09342,2025-10-28 21:30,M04,P011,2,0,Espèces,20.0,M,3.0
T09343,2025-10-29 10:19,M03,P001,2,0,Espèces,38.0,M,3.0
T09344,2025-10-29 10:31,M01,P005,4,0,Mobile Money,35.0,F,4.0
T09345,2025-10-29 11:10,M01,P015,2,0,Mobile Money,38.0,F,5.0
T09346,2025-10-29 11:56,M02,P008,4,0,Espèces,28.0,M,5.0
T09347,2025-10-29 12:47,M01,P007,4,0,Mobile Money,44.0,M,3.0
T09348,2025-10-29 13:23,M02,P007,4,0,Mobile Money,36.0,F,4.0
T09349,2025-10-29 13:33,M06,P005,2,0,Mobile Money,25.0,M,3.0
T09350,2025-10-29 14:07,M06,P007,3,10,Mobile Money,51.0,F,4.0
T09351,2025-10-29 14:52,M04,P014,3,5,Mobile Money,19.0,F,2.0
T09352,2025-10-29 14:58,M04,P001,2,0,Mobile Money,44.0,F,3.0
T09353,2025-10-29 15:37,M02,P001,4,0,Mobile Money,35.0,F,4.0
T09354,2025-10-29 16:19,M04,P019,1,10,Mobile Money,32.0,F,2.0
T09355,2025-10-29 16:28,M01,P005,1,0,Mobile Money,49.0,F,4.0
T09356,2025-10-29 16:29,M02,P013,3,0,Mobile Money,41.0,F,3.0
T09357,2025-10-29 16:34,M03,P011,4,10,Mobile Money,26.0,F,3.0
T09358,2025-10-29 16:52,M02,P016,4,0,Mobile Money,30.0,M,5.0
T09359,2025-10-29 16:55,M04,P001,3,0,Espèces,36.0,F,2.0
T09360,2025-10-29 17:00,M01,P001,3,0,Espèces,37.0,F,4.0
T09361,2025-10-29 17:02,M02,P012,2,0,Espèces,49.0,M,3.0
T09362,2025-10-29 17:40,M05,P004,3,0,Mobile Money,28.0,F,3.0
T09363,2025-10-29 17:42,M03,P017,1,0,Espèces,31.0,F,3.0
T09364,2025-10-29 17:43,M05,P008,4,5,Espèces,35.0,F,4.0
T09365,2025-10-29 17:53,M05,P002,5,0,Mobile Money,16.0,F,3.0
T09366,2025-10-29 18:00,M03,P002,4,0,Espèces,37.0,F,3.0
T09367,2025-10-29 18:32,M04,P014,3,0,Espèces,19.0,M,2.0
T09368,2025-10-29 18:44,M04,P015,3,0,Espèces,39.0,M,1.0
T09369,2025-10-29 19:03,M03,P007,1,10,Mobile Money,24.0,F,5.0
T09370,2025-10-29 19:14,M05,P010,3,0,Mobile Money,40.0,M,4.0
T09371,2025-10-29 19:21,M04,P006,2,0,Carte,30.0,F,2.0
T09372,2025-10-29 19:27,M06,P007,2,5,Mobile Money,29.0,F,4.0
T09373,2025-10-29 19:38,M02,P003,3,0,Espèces,34.0,F,3.0
T09374,2025-10-29 19:46,M02,P016,6,0,Espèces,35.0,M,4.0
T09375,2025-10-29 19:53,M06,P018,3,0,Espèces,34.0,F,4.0
T09376,2025-10-29 20:01,M05,P002,3,0,Mobile Money,16.0,M,3.0
T09377,2025-10-29 20:09,M05,P010,3,5,Espèces,16.0,M,2.0
T09378,2025-10-30 11:11,M02,P010,2,0,Mobile Money,31.0,M,2.0
T09379,2025-10-30 11:36,M06,P022,2,10,Carte,30.0,M,3.0
T09380,2025-10-30 11:46,M03,P008,1,0,Mobile Money,29.0,F,3.0
T09381,2025-10-30 11:56,M03,P010,2,0,Mobile Money,33.0,F,3.0
T09382,2025-10-30 13:07,M06,P017,2,10,espèces,44.0,F,3.0
T09383,2025-10-30 15:00,M03,P014,1,0,Carte,31.0,F,4.0
T09384,2025-10-30 15:09,M04,P013,1,0,Espèces,28.0,M,3.0
T09385,2025-10-30 15:29,M01,P001,1,0,Mobile Money,16.0,F,4.0
T09386,2025-10-30 15:45,M04,P002,2,0,Mobile Money,40.0,M,4.0
T09387,2025-10-30 16:37,M05,P011,2,0,Espèces,31.0,M,3.0
T09388,2025-10-30 17:03,M01,P011,3,0,Espèces,28.0,F,2.0
T09389,2025-10-30 17:11,M03,P010,6,10,Espèces,27.0,M,5.0
T09390,2025-10-30 17:19,M01,P014,3,0,Mobile Money,31.0,F,4.0
T09391,2025-10-30 17:25,M03,P022,1,0,Carte,27.0,F,3.0
T09392,2025-10-30 17:44,M02,P007,4,0,Carte,50.0,M,4.0
T09393,2025-10-30 17:59,M01,P006,1,0,Mobile Money,33.0,F,4.0
T09394,2025-10-30 18:11,M02,P017,3,0,Mobile Money,36.0,F,3.0
T09395,2025-10-30 18:22,M05,P004,3,5,Mobile Money,45.0,M,3.0
T09396,2025-10-30 19:08,M02,P019,1,0,Espèces,27.0,M,3.0
T09397,2025-10-30 19:15,M05,P012,4,0,Espèces,53.0,F,3.0
T09398,2025-10-30 19:15,M01,P016,2,0,Espèces,34.0,F,5.0
T09399,2025-10-30 19:44,M01,P015,2,0,Espèces,41.0,M,5.0
T09400,2025-10-30 20:16,M01,P006,4,5,Mobile Money,25.0,F,5.0
T09401,2025-10-30 20:32,M01,P015,2,0,Mobile Money,30.0,F,3.0
T09402,2025-10-31 09:30,M03,P007,3,0,Espèces,25.0,F,4.0
T09403,2025-10-31 09:35,M01,P010,1,0,Carte,25.0,F,3.0
T09404,2025-10-31 10:12,M02,P002,4,0,Mobile Money,36.0,F,4.0
T09405,2025-10-31 10:41,M01,P013,2,0,Mobile Money,38.0,F,3.0
T09406,2025-10-31 10:58,M02,P010,4,5,Espèces,30.0,F,3.0
T09407,2025-10-31 11:36,M04,P001,1,0,Espèces,32.0,F,4.0
T09407,2025-10-31 11:36,M04,P001,1,0,Espèces,32.0,F,4.0
T09408,2025-10-31 11:38,M05,P020,2,10,Mobile Money,30.0,F,4.0
T09409,2025-10-31 11:44,M02,P014,3,0,Mobile Money,32.0,M,3.0
T09410,2025-10-31 12:13,M03,P005,2,0,Mobile Money,28.0,F,4.0
T09411,2025-10-31 12:42,M01,P017,3,5,Espèces,16.0,F,3.0
T09412,2025-10-31 12:47,M03,P009,2,0,Espèces,43.0,M,4.0
T09413,2025-10-31 13:04,M01,P001,4,0,Espèces,20.0,M,3.0
T09414,2025-10-31 13:20,M03,P014,3,0,Mobile Money,24.0,F,3.0
T09415,2025-10-31 13:33,M06,P002,1,5,Mobile Money,48.0,F,3.0
T09416,2025-10-31 14:43,M01,P003,3,15,Mobile Money,38.0,F,3.0
T09417,2025-10-31 16:31,M01,P004,1,0,Mobile Money,35.0,M,4.0
T09418,2025-10-31 16:49,M04,P003,2,0,Mobile Money,38.0,F,3.0
T09419,2025-10-31 16:54,M04,P022,1,0,Mobile Money,25.0,M,2.0
T09420,2025-10-31 16:58,M05,P005,2,15,Espèces,33.0,M,5.0
T09422,2025-10-31 17:17,M03,P002,3,0,Mobile Money,46.0,M,4.0
T09421,2025-10-31 17:17,M05,P014,3,10,Espèces,39.0,F,4.0
T09423,2025-10-31 17:38,M01,P010,4,5,Espèces,16.0,F,4.0
T09424,2025-10-31 17:52,M03,P001,1,0,Espèces,49.0,F,5.0
T09426,2025-10-31 17:55,M01,P003,4,0,Mobile Money,27.0,M,5.0
T09425,2025-10-31 17:55,M01,P001,1,0,Carte,37.0,F,5.0
T09427,2025-10-31 18:00,M06,P008,4,0,Mobile Money,42.0,F,3.0
T09428,2025-10-31 18:03,M05,P002,3,15,Espèces,45.0,M,4.0
T09429,2025-10-31 18:19,M01,P022,1,0,Espèces,24.0,F,3.0
T09430,2025-10-31 18:29,M06,P008,4,5,Espèces,31.0,F,5.0
T09431,2025-10-31 18:38,M04,P004,1,0,Mobile Money,37.0,F,1.0
T09432,2025-10-31 18:52,M03,P010,2,0,Mobile Money,20.0,M,3.0
T09433,2025-10-31 19:28,M01,P009,4,10,Espèces,29.0,M,4.0
T09434,2025-10-31 19:30,M06,P001,2,0,Mobile Money,,F,4.0
T09435,2025-10-31 20:51,M04,P015,6,0,Espèces,38.0,F,4.0
T09436,2025-11-01 10:53,M05,P016,2,0,Espèces,19.0,F,4.0
T09437,2025-11-01 11:00,M03,P016,3,0,Mobile Money,27.0,F,4.0
T09438,2025-11-01 11:09,M06,P018,5,0,Mobile Money,32.0,F,5.0
T09439,2025-11-01 11:30,M03,P009,1,0,Espèces,34.0,M,3.0
T09440,2025-11-01 11:39,M05,P020,1,0,Espèces,30.0,M,4.0
T09441,2025-11-01 12:23,M01,P011,5,0,Espèces,30.0,F,4.0
T09442,2025-11-01 12:23,M03,P016,4,10,Espèces,42.0,F,4.0
T09443,2025-11-01 12:41,M03,P004,2,10,Mobile Money,48.0,F,4.0
T09444,2025-11-01 12:43,M01,P007,6,0,Mobile Money,32.0,M,4.0
T09445,2025-11-01 12:46,M01,P002,4,0,Mobile Money,20.0,F,4.0
T09446,2025-11-01 12:51,M01,P012,1,0,Carte,32.0,F,5.0
T09447,2025-11-01 13:25,M05,P012,1,0,Mobile Money,40.0,M,4.0
T09448,2025-11-01 13:28,M03,P016,2,0,espèces,44.0,F,3.0
T09449,2025-11-01 13:35,M04,P005,1,0,Mobile Money,34.0,M,3.0
T09450,2025-11-01 13:40,M04,P001,6,0,Mobile Money,31.0,F,2.0
T09451,2025-11-01 14:08,M02,P020,2,10,Mobile Money,24.0,M,4.0
T09452,2025-11-01 14:27,M04,P014,2,0,Mobile Money,17.0,F,4.0
T09453,2025-11-01 14:41,M03,P016,3,5,Espèces,33.0,F,4.0
T09454,2025-11-01 15:13,M01,P011,1,0,Mobile Money,45.0,M,3.0
T09455,2025-11-01 16:09,M06,P015,2,0,Espèces,27.0,F,4.0
T09456,2025-11-01 16:14,M05,P014,3,5,Espèces,25.0,M,4.0
T09457,2025-11-01 16:19,M02,P016,3,0,Carte,36.0,F,3.0
T09458,2025-11-01 16:29,M01,P003,4,0,Carte,27.0,M,5.0
T09459,2025-11-01 16:51,M02,P010,4,0,Mobile Money,51.0,M,1.0
T09460,2025-11-01 16:53,M01,P005,3,0,Mobile Money,59.0,F,4.0
T09461,2025-11-01 16:55,M05,P012,2,0,Mobile Money,30.0,F,4.0
T09462,2025-11-01 17:22,M05,P010,3,0,Mobile Money,16.0,F,3.0
T09463,2025-11-01 17:47,M05,P018,4,0,Espèces,38.0,F,3.0
T09464,2025-11-01 18:08,M04,P007,1,0,Espèces,17.0,F,4.0
T09465,2025-11-01 18:16,M03,P025,1,0,Espèces,26.0,F,4.0
T09466,2025-11-01 18:17,M06,P012,3,0,Mobile Money,37.0,F,4.0
T09467,2025-11-01 18:40,M04,P007,4,0,Mobile Money,34.0,M,5.0
T09469,2025-11-01 18:51,M01,P005,2,0,Carte,44.0,M,4.0
T09468,2025-11-01 18:51,M05,P009,2,0,Espèces,32.0,M,3.0
T09470,2025-11-01 18:56,M01,P015,1,0,Espèces,26.0,F,3.0
T09471,2025-11-01 19:01,M04,P013,2,5,Espèces,33.0,M,1.0
T09472,2025-11-01 19:04,M01,P014,2,5,Espèces,30.0,M,2.0
T09473,2025-11-01 19:07,M04,P011,3,0,Espèces,,M,2.0
T09474,2025-11-01 19:16,M02,P001,3,0,Mobile Money,42.0,M,3.0
T09475,2025-11-01 19:43,M02,P011,4,0,Carte,31.0,F,5.0
T09476,2025-11-01 21:31,M05,P006,2,0,Espèces,36.0,F,5.0
T09477,2025-11-01 21:36,M04,P004,4,10,Espèces,35.0,F,1.0
T09478,2025-11-02 09:46,M02,P004,500,0,Espèces,16.0,F,4.0
T09479,2025-11-02 10:22,M05,P004,2,0,Espèces,39.0,F,5.0
T09480,2025-11-02 10:59,M06,P008,2,5,Espèces,16.0,F,2.0
T09481,2025-11-02 11:34,M01,P001,1,0,Mobile Money,,F,4.0
T09482,2025-11-02 11:44,M04,P015,2,0,Mobile Money,52.0,F,1.0
T09483,2025-11-02 11:47,M01,P004,3,0,Espèces,20.0,M,3.0
T09484,2025-11-02 13:35,M03,P002,1,5,Espèces,16.0,M,3.0
T09485,2025-11-02 15:00,M02,P001,2,0,Carte,27.0,F,3.0
T09486,2025-11-02 15:00,M04,P012,3,5,Mobile Money,16.0,F,2.0
T09487,2025-11-02 15:07,M06,P004,1,0,Mobile Money,34.0,M,4.0
T09488,2025-11-02 15:52,M02,P009,2,0,Carte,,F,3.0
T09489,2025-11-02 16:15,M06,P002,2,0,Espèces,16.0,M,5.0
T09490,2025-11-02 16:33,M02,P019,1,0,Mobile Money,20.0,M,3.0
T09491,2025-11-02 16:48,M01,P016,1,0,Mobile Money,37.0,F,3.0
T09492,2025-11-02 16:55,M01,P004,5,10,Espèces,32.0,F,4.0
T09493,2025-11-02 16:56,M02,P019,1,0,Mobile Money,23.0,M,5.0
T09494,2025-11-02 17:14,M05,P014,1,0,Espèces,44.0,M,3.0
T09495,2025-11-02 17:15,M02,P015,3,0,Mobile Money,30.0,M,2.0
T09496,2025-11-02 17:28,M05,P007,1,5,Espèces,17.0,F,5.0
T09497,2025-11-02 17:53,M05,P019,1,5,Mobile Money,22.0,F,2.0
T09498,2025-11-02 18:13,M06,P009,1,0,Mobile Money,16.0,F,3.0
T09499,2025-11-02 18:16,M06,P004,6,0,Mobile Money,48.0,F,4.0
T09500,2025-11-02 18:20,M01,P017,3,0,Mobile Money,33.0,F,4.0
T09501,2025-11-02 18:29,M06,P009,3,0,Mobile Money,29.0,M,4.0
T09502,2025-11-02 18:31,M04,P003,2,0,Mobile Money,24.0,M,3.0
T09503,2025-11-02 18:40,M06,P007,4,0,Mobile Money,38.0,M,4.0
T09504,2025-11-02 18:42,M03,P007,2,0,Espèces,29.0,F,4.0
T09505,2025-11-02 18:50,M05,P007,3,0,Mobile Money,45.0,M,3.0
T09506,2025-11-02 18:53,M05,P010,2,5,Carte,32.0,M,3.0
T09507,2025-11-02 18:58,M03,P009,3,0,Mobile Money,31.0,F,3.0
T09508,2025-11-02 19:05,M01,P009,3,0,Espèces,35.0,M,3.0
T09509,2025-11-02 19:06,M01,P001,1,0,Mobile Money,22.0,F,2.0
T09510,2025-11-02 19:10,M01,P009,4,5,Mobile Money,51.0,M,4.0
T09511,2025-11-02 19:11,M06,P009,2,0,Espèces,28.0,M,4.0
T09512,2025-11-02 19:11,M03,P010,2,0,Mobile Money,34.0,F,4.0
T09513,2025-11-02 19:25,M05,P015,5,0,Mobile Money,48.0,M,4.0
T09514,2025-11-02 19:30,M01,P004,3,0,Mobile Money,44.0,F,5.0
T09515,2025-11-02 19:42,M01,P005,3,5,Mobile Money,41.0,M,5.0
T09516,2025-11-02 19:44,M05,P006,5,0,Carte,35.0,F,4.0
T09517,2025-11-02 20:17,M04,P003,4,10,Mobile Money,31.0,F,2.0
T09518,2025-11-02 20:34,M02,P003,1,0,Mobile Money,,M,4.0
T09519,2025-11-02 21:09,M06,P008,4,15,Espèces,31.0,M,2.0
T09520,2025-11-02 21:27,M03,P009,2,0,Espèces,35.0,F,3.0
T09521,2025-11-02 21:34,M01,P016,2,10,Espèces,41.0,F,4.0
T09522,2025-11-03 09:58,M03,P015,1,0,Mobile Money,38.0,M,3.0
T09523,2025-11-03 11:20,M02,P003,5,15,Espèces,36.0,F,4.0
T09524,2025-11-03 11:46,M04,P012,3,0,Espèces,46.0,F,2.0
T09525,2025-11-03 12:07,M02,P017,1,0,Mobile Money,44.0,F,3.0
T09526,2025-11-03 12:17,M02,P023,1,0,Mobile Money,29.0,F,3.0
T09527,2025-11-03 13:32,M04,P010,2,0,Espèces,46.0,M,3.0
T09528,2025-11-03 13:41,M05,P001,2,0,Mobile Money,21.0,M,3.0
T09529,2025-11-03 14:15,M04,P002,4,0,Mobile Money,35.0,M,3.0
T09530,2025-11-03 15:52,M03,P001,4,0,Mobile Money,26.0,M,3.0
T09531,2025-11-03 16:05,M04,P016,5,10,Espèces,30.0,M,4.0
T09532,2025-11-03 16:24,M02,P018,4,10,Espèces,33.0,M,5.0
T09533,2025-11-03 17:05,M03,P003,2,0,Mobile Money,17.0,M,4.0
T09534,2025-11-03 17:28,M01,P015,4,0,Espèces,25.0,M,4.0
T09535,2025-11-03 17:30,M02,P022,1,0,Espèces,22.0,F,4.0
T09536,2025-11-03 17:46,M01,P017,3,5,Mobile Money,42.0,F,4.0
T09537,2025-11-03 17:50,M02,P007,3,0,Mobile Money,29.0,F,3.0
T09538,2025-11-03 18:37,M01,P003,5,0,Espèces,36.0,M,4.0
T09539,2025-11-03 18:53,M06,P010,3,5,Carte,26.0,F,4.0
T09540,2025-11-03 18:54,M01,P006,4,0,Mobile Money,28.0,F,3.0
T09541,2025-11-03 18:57,M06,P002,1,0,Espèces,22.0,M,3.0
T09542,2025-11-03 18:58,M03,P003,3,0,Mobile Money,37.0,M,4.0
T09543,2025-11-03 19:30,M01,P003,2,0,Espèces,33.0,M,4.0
T09544,2025-11-03 19:37,M02,P002,2,0,Mobile Money,37.0,F,4.0
T09545,2025-11-03 19:50,M05,P019,1,0,Espèces,27.0,M,4.0
T09546,2025-11-03 20:29,M03,P001,3,0,Espèces,35.0,M,4.0
T09547,2025-11-03 21:07,M02,P005,1,0,Espèces,36.0,F,3.0
T09548,2025-11-03 21:26,M04,P001,6,0,Mobile Money,19.0,F,3.0
T09549,2025-11-03 21:45,M02,P023,3,10,Espèces,30.0,F,2.0
T09550,2025-11-03 21:53,M03,P005,5,0,Mobile Money,30.0,M,4.0
T09551,2025-11-04 09:53,M04,P006,1,0,Mobile Money,55.0,M,2.0
T09552,2025-11-04 10:37,M02,P009,4,0,Espèces,23.0,M,3.0
T09553,2025-11-04 11:37,M03,P001,3,0,Espèces,31.0,F,4.0
T09554,2025-11-04 11:38,M02,P021,1,0,Espèces,29.0,M,3.0
T09555,2025-11-04 12:09,M06,P005,3,0,Mobile Money,23.0,M,5.0
T09556,2025-11-04 12:10,M03,P001,1,0,Espèces,28.0,M,4.0
T09557,2025-11-04 12:14,M02,P009,4,5,Espèces,31.0,F,2.0
T09558,2025-11-04 12:39,M03,P007,1,0,Espèces,28.0,M,4.0
T09559,2025-11-04 12:59,M02,P022,1,0,Mobile Money,25.0,F,4.0
T09560,2025-11-04 12:59,M04,P009,3,15,Espèces,34.0,M,2.0
T09561,2025-11-04 13:15,M04,P021,1,0,Mobile Money,28.0,F,3.0
T09562,2025-11-04 13:33,M06,P009,2,5,Espèces,24.0,M,4.0
T09563,2025-11-04 13:45,M05,P019,1,0,Espèces,32.0,M,5.0
T09564,2025-11-04 14:02,M06,P007,3,0,Espèces,42.0,M,4.0
T09565,2025-11-04 14:19,M06,P019,1,5,Mobile Money,27.0,F,3.0
T09566,2025-11-04 14:41,M01,P011,4,0,Espèces,44.0,M,3.0
T09567,2025-11-04 16:41,M01,P009,2,0,Espèces,34.0,M,5.0
T09568,2025-11-04 16:43,M05,P012,1,0,Espèces,40.0,M,3.0
T09569,2025-11-04 16:45,M05,P008,1,0,Espèces,27.0,M,5.0
T09570,2025-11-04 16:52,M06,P007,3,0,Espèces,51.0,F,3.0
T09571,2025-11-04 16:54,M05,P027,1,0,Mobile Money,50.0,F,5.0
T09572,2025-11-04 17:08,M01,P004,1,0,Mobile Money,22.0,M,3.0
T09573,2025-11-04 17:42,M06,P011,4,10,Espèces,24.0,M,4.0
T09574,2025-11-04 17:48,M01,P022,1,0,Carte,29.0,M,4.0
T09575,2025-11-04 17:56,M05,P009,2,0,Mobile Money,31.0,F,3.0
T09576,2025-11-04 17:59,M03,P012,3,10,Mobile Money,35.0,F,4.0
T09577,2025-11-04 18:00,M01,P005,1,0,Carte,26.0,F,5.0
T09578,2025-11-04 18:11,M02,P010,1,5,Espèces,39.0,F,5.0
T09579,2025-11-04 18:13,M04,P016,2,0,Espèces,37.0,M,3.0
T09580,2025-11-04 18:30,M06,P005,2,0,Espèces,40.0,F,3.0
T09581,2025-11-04 18:38,M04,P005,5,0,Carte,24.0,F,1.0
T09582,2025-11-04 18:44,M02,P003,3,0,Mobile Money,16.0,F,3.0
T09583,2025-11-04 18:59,M01,P024,1,0,Mobile Money,39.0,M,4.0
T09584,2025-11-04 19:16,M03,P002,1,0,Mobile Money,28.0,M,3.0
T09585,2025-11-04 19:19,M02,P016,4,0,Espèces,33.0,M,4.0
T09586,2025-11-04 20:08,M04,P024,1,0,Mobile Money,27.0,M,2.0
T09587,2025-11-04 20:18,M03,P027,1,0,Mobile Money,32.0,M,4.0
T09588,2025-11-04 20:33,M05,P011,3,0,Carte,33.0,M,2.0
T09589,2025-11-05 09:17,M05,P007,2,0,Mobile Money,31.0,M,4.0
T09590,2025-11-05 11:18,M03,P016,3,0,Mobile Money,38.0,M,4.0
T09591,2025-11-05 12:10,M04,P010,2,0,Espèces,34.0,F,3.0
T09592,2025-11-05 12:17,M01,P018,2,0,Mobile Money,25.0,F,5.0
T09593,2025-11-05 12:19,M04,P012,2,0,Espèces,21.0,F,4.0
T09595,2025-11-05 13:03,M02,P003,2,0,Mobile Money,19.0,M,5.0
T09594,2025-11-05 13:03,M02,P002,2,0,Espèces,29.0,F,3.0
T09596,2025-11-05 13:19,M02,P013,3,0,Espèces,19.0,M,4.0
T09597,2025-11-05 13:22,M01,P013,2,0,Espèces,16.0,F,4.0
T09598,2025-11-05 13:25,M03,P022,1,0,Espèces,22.0,M,3.0
T09599,2025-11-05 14:50,M01,P014,4,10,Mobile Money,42.0,F,5.0
T09600,2025-11-05 15:26,M02,P002,2,0,Carte,45.0,F,4.0
T09601,2025-11-05 15:49,M01,P002,2,0,Mobile Money,54.0,F,4.0
T09602,2025-11-05 15:52,M01,P004,1,10,Mobile Money,24.0,M,4.0
T09603,2025-11-05 17:08,M05,P017,3,0,Mobile Money,23.0,M,5.0
T09604,2025-11-05 17:14,M03,P016,4,0,Mobile Money,36.0,M,4.0
T09606,2025-11-05 17:30,M01,P016,2,0,Mobile Money,36.0,F,4.0
T09605,2025-11-05 17:30,M02,P013,3,0,Mobile Money,16.0,M,4.0
T09607,2025-11-05 17:35,M03,P005,4,0,Mobile Money,56.0,F,4.0
T09609,2025-11-05 17:40,M01,P011,2,0,Mobile Money,31.0,M,5.0
T09608,2025-11-05 17:40,M01,P013,2,0,Espèces,,F,5.0
T09610,2025-11-05 18:19,M01,P011,2,0,Espèces,39.0,F,5.0
T09611,2025-11-05 18:23,M06,P003,4,0,Mobile Money,31.0,F,4.0
T09612,2025-11-05 18:52,M03,P009,1,0,Espèces,23.0,M,4.0
T09613,2025-11-05 19:20,M05,P007,2,0,Espèces,33.0,M,4.0
T09614,2025-11-05 19:46,M03,P024,1,0,Espèces,39.0,F,4.0
T09615,2025-11-06 12:12,M05,P021,1,0,Mobile Money,30.0,M,3.0
T09616,2025-11-06 12:23,M02,P001,3,5,Espèces,46.0,F,3.0
T09617,2025-11-06 12:59,M01,P005,1,0,Espèces,19.0,F,5.0
T09618,2025-11-06 14:03,M04,P008,2,10,Espèces,42.0,M,2.0
T09619,2025-11-06 14:19,M05,P003,4,10,Mobile Money,44.0,M,5.0
T09620,2025-11-06 15:20,M04,P002,5,5,Mobile Money,39.0,F,3.0
T09621,2025-11-06 15:33,M01,P003,6,10,Mobile Money,27.0,F,2.0
T09622,2025-11-06 16:24,M03,P012,3,0,Espèces,43.0,M,4.0
T09623,2025-11-06 17:03,M01,P017,2,5,Espèces,32.0,F,3.0
T09624,2025-11-06 17:08,M02,P001,1,0,Mobile Money,18.0,M,3.0
T09625,2025-11-06 17:16,M01,P010,3,0,Carte,37.0,F,2.0
T09626,2025-11-06 17:35,M06,P006,1,0,Espèces,31.0,F,5.0
T09627,2025-11-06 17:48,M03,P002,1,0,Mobile Money,,M,3.0
T09628,2025-11-06 17:55,M03,P007,2,0,Carte,49.0,M,4.0
T09629,2025-11-06 17:59,M01,P001,2,0,Espèces,28.0,F,4.0
T09630,2025-11-06 18:07,M01,P011,4,0,Espèces,28.0,F,4.0
T09631,2025-11-06 18:24,M03,P003,3,0,Mobile Money,34.0,F,3.0
T09632,2025-11-06 19:03,M06,P015,2,0,Mobile Money,24.0,F,4.0
T09633,2025-11-06 19:04,M05,P008,3,0,Espèces,16.0,M,3.0
T09634,2025-11-06 19:32,M02,P009,2,0,Mobile Money,20.0,M,5.0
T09635,2025-11-06 19:57,M06,P013,2,15,Mobile Money,,M,3.0
T09636,2025-11-06 20:11,M02,P010,4,0,Mobile Money,35.0,F,3.0
T09637,2025-11-06 20:26,M01,P016,1,0,Mobile Money,29.0,M,3.0
T09638,2025-11-07 11:44,M04,P012,2,0,Mobile Money,24.0,M,3.0
T09639,2025-11-07 11:53,M05,P001,3,5,Mobile Money,24.0,F,3.0
T09640,2025-11-07 11:55,M04,P015,2,0,Mobile Money,46.0,M,2.0
T09641,2025-11-07 11:56,M06,P014,3,5,Espèces,28.0,F,4.0
T09642,2025-11-07 12:08,M03,P009,3,0,Espèces,36.0,F,4.0
T09643,2025-11-07 12:09,M01,P022,1,10,Espèces,25.0,M,2.0
T09644,2025-11-07 12:15,M02,P018,6,0,Mobile Money,43.0,M,2.0
T09645,2025-11-07 12:58,M03,P014,2,0,Mobile Money,41.0,F,3.0
T09646,2025-11-07 13:20,M01,P007,3,0,Espèces,39.0,F,5.0
T09647,2025-11-07 13:22,M03,P004,2,0,Mobile Money,47.0,F,3.0
T09648,2025-11-07 14:01,M02,P008,1,0,Mobile Money,40.0,F,3.0
T09649,2025-11-07 14:46,M02,P001,1,0,Espèces,50.0,F,4.0
T09650,2025-11-07 15:15,M02,P026,1,0,Mobile Money,52.0,F,3.0
T09651,2025-11-07 16:23,M02,P017,1,0,Mobile Money,28.0,M,5.0
T09652,2025-11-07 16:33,M04,P010,1,0,Mobile Money,39.0,M,2.0
T09653,2025-11-07 16:37,M02,P002,3,10,Mobile Money,38.0,F,5.0
T09654,2025-11-07 16:57,M01,P014,2,0,Mobile Money,40.0,F,5.0
T09655,2025-11-07 17:05,M04,P001,5,0,Espèces,32.0,F,3.0
T09656,2025-11-07 17:10,M03,P011,2,0,Mobile Money,26.0,F,3.0
T09657,2025-11-07 17:12,M01,P009,2,5,Espèces,28.0,F,4.0
T09658,2025-11-07 17:13,M04,P005,3,0,Espèces,42.0,F,3.0
T09659,2025-11-07 17:21,M02,P005,4,0,Espèces,26.0,F,4.0
T09660,2025-11-07 17:33,M05,P007,2,0,Espèces,19.0,F,4.0
T09661,2025-11-07 17:39,M01,P009,2,0,Espèces,33.0,F,3.0
T09662,2025-11-07 17:44,M06,P002,3,0,Mobile Money,28.0,F,5.0
T09663,2025-11-07 18:00,M06,P005,4,0,Espèces,36.0,F,4.0
T09664,2025-11-07 18:07,M04,P006,5,0,Espèces,33.0,M,2.0
T09665,2025-11-07 18:11,M05,P003,11,0,Espèces,28.0,M,3.0
T09666,2025-11-07 18:35,M01,P004,4,0,Carte,28.0,M,5.0
T09667,2025-11-07 18:41,M02,P004,2,0,Espèces,30.0,F,4.0
T09668,2025-11-07 18:41,M02,P022,1,0,Espèces,32.0,M,5.0
T09669,2025-11-07 18:43,M03,P004,3,0,Mobile Money,36.0,F,3.0
T09670,2025-11-07 18:56,M04,P002,5,0,Mobile Money,33.0,M,3.0
T09671,2025-11-07 18:58,M06,P011,1,5,Mobile Money,30.0,M,3.0
T09672,2025-11-07 19:13,M05,P012,4,0,Espèces,37.0,M,3.0
T09673,2025-11-07 19:14,M06,P009,2,0,Mobile Money,27.0,M,4.0
T09674,2025-11-07 19:16,M01,P006,3,10,Mobile Money,34.0,F,2.0
T09675,2025-11-07 19:52,M05,P022,1,10,Mobile Money,24.0,F,4.0
T09677,2025-11-07 20:13,M06,P015,1,0,Mobile Money,48.0,M,4.0
T09676,2025-11-07 20:13,M02,P001,3,5,Mobile Money,34.0,F,1.0
T09678,2025-11-07 20:27,M04,P010,5,0,Mobile Money,29.0,F,1.0
T09679,2025-11-07 21:25,M01,P017,4,0,Carte,39.0,F,1.0
T09680,2025-11-07 21:28,M05,P005,2,0,Mobile Money,32.0,M,3.0
T09681,2025-11-08 10:42,M01,P021,1,0,Carte,25.0,M,4.0
T09682,2025-11-08 10:51,M02,P025,1,0,Espèces,36.0,F,5.0
T09683,2025-11-08 11:18,M03,P003,1,0,Mobile Money,29.0,M,4.0
T09684,2025-11-08 11:20,M02,P012,1,0,Mobile Money,34.0,M,5.0
T09685,2025-11-08 11:22,M01,P007,3,5,Carte,16.0,F,5.0
T09686,2025-11-08 11:25,M05,P001,3,0,Mobile Money,38.0,F,5.0
T09687,2025-11-08 11:27,M02,P020,1,0,Mobile Money,21.0,M,5.0
T09688,2025-11-08 11:29,M06,P013,2,0,Mobile Money,38.0,F,4.0
T09689,2025-11-08 11:45,M02,P016,2,0,Espèces,26.0,M,5.0
T09690,2025-11-08 11:46,M03,P019,1,0,Mobile Money,29.0,F,4.0
T09691,2025-11-08 12:08,M03,P007,2,0,Mobile Money,46.0,M,3.0
T09692,2025-11-08 12:09,M05,P007,2,0,Mobile Money,37.0,F,4.0
T09693,2025-11-08 12:27,M03,P009,4,0,Mobile Money,16.0,M,2.0
T09694,2025-11-08 12:45,M06,P017,4,0,Espèces,42.0,M,3.0
T09695,2025-11-08 12:56,M04,P016,2,0,Espèces,36.0,M,4.0
T09696,2025-11-08 13:28,M03,P011,3,0,Carte,38.0,F,4.0
T09697,2025-11-08 13:33,M01,P014,2,0,Carte,21.0,F,4.0
T09698,2025-11-08 13:34,M05,P005,1,10,Espèces,47.0,M,4.0
T09699,2025-11-08 13:48,M05,P004,1,0,Espèces,44.0,F,2.0
T09700,2025-11-08 13:48,M06,P015,3,0,Espèces,21.0,F,3.0
T09701,2025-11-08 13:51,M05,P004,1,0,Mobile Money,49.0,M,3.0
T09702,2025-11-08 13:52,M01,P014,4,10,Mobile Money,42.0,F,4.0
T09703,2025-11-08 14:24,M02,P001,3,0,Mobile Money,22.0,F,2.0
T09704,2025-11-08 14:29,M05,P017,2,0,Espèces,16.0,F,4.0
T09705,2025-11-08 14:36,M01,P021,1,5,Espèces,25.0,M,3.0
T09706,2025-11-08 15:49,M04,P014,2,0,Mobile Money,36.0,F,3.0
T09707,2025-11-08 16:27,M06,P022,1,5,Mobile Money,26.0,F,5.0
T09708,2025-11-08 16:30,M05,P027,1,0,Mobile Money,26.0,F,4.0
T09709,2025-11-08 16:33,M02,P022,1,0,Mobile Money,23.0,F,4.0
T09710,2025-11-08 16:33,M03,P021,1,5,Mobile Money,30.0,M,4.0
T09711,2025-11-08 16:42,M06,P012,4,5,Mobile Money,38.0,F,4.0
T09712,2025-11-08 16:47,M05,P012,1,0,Mobile Money,29.0,F,3.0
T09713,2025-11-08 17:28,M01,P017,2,0,Espèces,44.0,M,3.0
T09714,2025-11-08 17:29,M04,P002,2,0,Mobile Money,37.0,M,2.0
T09715,2025-11-08 17:31,M03,P012,6,0,Espèces,40.0,M,4.0
T09716,2025-11-08 17:58,M01,P010,5,5,Mobile Money,37.0,M,5.0
T09717,2025-11-08 18:08,M02,P021,1,0,Mobile Money,16.0,M,2.0
T09718,2025-11-08 18:10,M06,P022,1,0,Mobile Money,23.0,M,2.0
T09719,2025-11-08 18:10,M01,P007,3,0,Mobile Money,16.0,F,4.0
T09720,2025-11-08 18:24,M01,P005,2,0,Espèces,44.0,M,3.0
T09721,2025-11-08 18:25,M04,P016,4,0,Mobile Money,34.0,M,3.0
T09722,2025-11-08 18:27,M04,P007,4,0,Mobile Money,21.0,M,2.0
T09723,2025-11-08 18:44,M01,P001,1,0,Carte,23.0,M,2.0
T09724,2025-11-08 19:05,M06,P010,2,0,Carte,33.0,F,3.0
T09725,2025-11-08 19:13,M03,P016,3,0,Espèces,31.0,M,3.0
T09726,2025-11-08 19:30,M01,P004,4,10,Mobile Money,37.0,F,5.0
T09727,2025-11-08 19:33,M01,P006,2,0,Espèces,16.0,M,3.0
T09728,2025-11-08 19:55,M01,P009,1,0,Mobile Money,25.0,M,2.0
T09729,2025-11-08 20:20,M04,P009,1,0,Mobile Money,25.0,F,2.0
T09730,2025-11-08 20:31,M03,P018,4,0,Mobile Money,19.0,F,5.0
T09731,2025-11-08 21:16,M02,P007,4,0,Mobile Money,48.0,M,4.0
T09732,2025-11-08 21:26,M05,P004,3,0,Mobile Money,36.0,M,3.0
T09733,2025-11-09 08:40,M03,P017,4,5,Espèces,40.0,F,5.0
T09734,2025-11-09 09:06,M01,P008,2,0,Mobile Money,37.0,F,5.0
T09735,2025-11-09 11:11,M01,P005,2,0,Mobile Money,26.0,F,3.0
T09736,2025-11-09 11:33,M01,P016,4,0,Mobile Money,41.0,F,5.0
T09737,2025-11-09 11:36,M01,P009,1,0,Mobile Money,48.0,F,3.0
T09738,2025-11-09 11:46,M04,P009,2,0,Espèces,55.0,M,4.0
T09739,2025-11-09 11:48,M03,P022,1,0,Espèces,38.0,M,4.0
T09740,2025-11-09 11:52,M04,P012,3,0,Espèces,20.0,M,2.0
T09741,2025-11-09 12:28,M02,P003,2,0,Mobile Money,23.0,M,3.0
T09742,2025-11-09 12:35,M01,P009,3,0,Mobile Money,38.0,F,5.0
T09743,2025-11-09 13:00,M06,P007,4,10,Espèces,19.0,M,3.0
T09744,2025-11-09 13:06,M04,P012,3,0,Espèces,27.0,F,4.0
T09745,2025-11-09 13:12,M03,P020,1,0,Mobile Money,31.0,M,2.0
T09746,2025-11-09 13:17,M03,P018,4,0,Espèces,29.0,F,3.0
T09747,2025-11-09 13:25,M05,P009,2,0,Espèces,39.0,F,3.0
T09748,2025-11-09 13:29,M04,P005,2,0,Mobile Money,26.0,M,3.0
T09749,2025-11-09 15:15,M01,P001,3,0,Mobile Money,37.0,F,5.0
T09750,2025-11-09 15:40,M01,P003,4,0,Espèces,32.0,M,4.0
T09751,2025-11-09 15:53,M03,P001,3,0,Espèces,52.0,M,4.0
T09752,2025-11-09 16:11,M05,P007,2,0,Mobile Money,48.0,M,3.0
T09753,2025-11-09 16:39,M05,P009,3,0,Espèces,25.0,F,2.0
T09754,2025-11-09 16:49,M04,P004,2,0,Mobile Money,32.0,F,3.0
T09755,2025-11-09 16:57,M04,P011,3,0,Mobile Money,26.0,F,3.0
T09756,2025-11-09 17:01,M02,P008,1,0,Mobile Money,28.0,F,5.0
T09757,2025-11-09 17:06,M02,P020,1,0,Carte,28.0,F,4.0
T09758,2025-11-09 17:14,M03,P010,2,0,Espèces,34.0,M,3.0
T09760,2025-11-09 17:29,M02,P013,3,10,Mobile Money,33.0,F,2.0
T09759,2025-11-09 17:29,M04,P005,4,5,Mobile Money,19.0,M,3.0
T09761,2025-11-09 17:47,M01,P004,3,5,Mobile Money,54.0,M,5.0
T09762,2025-11-09 17:52,M05,P005,2,0,Espèces,27.0,F,4.0
T09763,2025-11-09 17:54,M01,P014,3,0,Mobile Money,44.0,F,4.0
T09764,2025-11-09 18:11,M05,P010,3,10,Espèces,28.0,F,3.0
T09765,2025-11-09 18:22,M02,P016,3,15,Espèces,28.0,F,3.0
T09766,2025-11-09 18:33,M05,P009,2,0,Mobile Money,20.0,M,3.0
T09767,2025-11-09 18:57,M01,P007,2,0,Mobile Money,41.0,M,3.0
T09768,2025-11-09 19:05,M01,P017,2,5,Mobile Money,32.0,M,3.0
T09769,2025-11-09 19:16,M04,P010,3,10,Espèces,16.0,F,2.0
T09770,2025-11-09 19:23,M02,P016,3,5,Mobile Money,34.0,F,3.0
T09771,2025-11-09 19:25,M03,P009,3,0,Mobile Money,54.0,F,2.0
T09772,2025-11-09 19:35,M01,P005,3,0,Espèces,46.0,M,3.0
T09773,2025-11-09 20:25,M01,P016,1,0,Mobile Money,21.0,M,3.0
T09774,2025-11-09 20:35,M01,P007,2,0,Mobile Money,42.0,F,3.0
T09775,2025-11-09 21:53,M02,P015,2,5,Mobile Money,45.0,F,4.0
T09776,2025-11-10 10:20,M05,P009,1,0,Espèces,38.0,F,4.0
T09777,2025-11-10 11:00,M01,P004,4,0,Espèces,49.0,M,4.0
T09778,2025-11-10 11:44,M03,P022,1,0,Espèces,22.0,F,3.0
T09779,2025-11-10 12:14,M02,P016,2,10,Espèces,41.0,F,4.0
T09780,2025-11-10 12:18,M06,P005,5,0,Mobile Money,31.0,M,4.0
T09781,2025-11-10 12:21,M02,P017,3,0,Mobile Money,35.0,F,2.0
T09782,2025-11-10 12:26,M04,P008,2,0,Mobile Money,33.0,F,3.0
T09783,2025-11-10 12:39,M02,P009,4,0,Mobile Money,36.0,F,5.0
T09784,2025-11-10 12:54,M03,P025,1,0,Mobile Money,26.0,F,4.0
T09785,2025-11-10 12:55,M02,P006,5,0,Mobile Money,21.0,M,3.0
T09786,2025-11-10 13:15,M05,P005,6,0,Espèces,51.0,F,4.0
T09787,2025-11-10 13:30,M02,P002,4,10,Espèces,54.0,F,4.0
T09788,2025-11-10 14:20,M04,P016,3,0,Mobile Money,43.0,F,3.0
T09789,2025-11-10 14:33,M01,P017,3,0,Espèces,33.0,F,4.0
T09790,2025-11-10 14:46,M02,P017,4,0,Carte,35.0,M,5.0
T09791,2025-11-10 14:53,M05,P014,1,0,Mobile Money,28.0,M,4.0
T09792,2025-11-10 14:59,M05,P009,5,0,Mobile Money,33.0,M,4.0
T09793,2025-11-10 15:17,M02,P001,2,10,Mobile Money,16.0,M,5.0
T09794,2025-11-10 16:16,M02,P005,5,15,Carte,43.0,M,4.0
T09795,2025-11-10 16:56,M03,P009,6,10,Espèces,24.0,M,5.0
T09796,2025-11-10 16:57,M05,P013,5,0,Espèces,30.0,F,4.0
T09797,2025-11-10 17:24,M03,P006,5,0,Mobile Money,28.0,M,5.0
T09798,2025-11-10 17:30,M05,P015,2,5,Mobile Money,25.0,F,5.0
T09799,2025-11-10 17:47,M01,P009,4,5,Espèces,25.0,F,3.0
T09800,2025-11-10 17:56,M05,P017,3,0,Espèces,21.0,F,4.0
T09801,2025-11-10 18:08,M05,P012,2,0,Mobile Money,24.0,F,4.0
T09802,2025-11-10 18:23,M01,P001,4,0,Mobile Money,16.0,F,4.0
T09803,2025-11-10 18:24,M01,P022,1,0,Mobile Money,21.0,M,3.0
T09804,2025-11-10 18:39,M01,P019,1,0,Espèces,23.0,M,4.0
T09805,2025-11-10 19:01,M03,P008,2,0,Carte,30.0,F,4.0
T09806,2025-11-10 19:31,M01,P009,4,15,Mobile Money,41.0,F,3.0
T09807,2025-11-10 19:58,M02,P003,2,0,Mobile Money,29.0,F,5.0
T09808,2025-11-10 20:02,M03,P005,3,0,Espèces,41.0,F,4.0
T09809,2025-11-11 09:43,M02,P005,3,0,Espèces,32.0,M,3.0
T09810,2025-11-11 10:52,M05,P018,2,0,Espèces,35.0,M,3.0
T09811,2025-11-11 11:10,M06,P009,2,5,Espèces,29.0,F,3.0
T09812,2025-11-11 11:11,M05,P012,2,0,Mobile Money,24.0,M,5.0
T09813,2025-11-11 11:48,M03,P017,1,0,Mobile Money,16.0,M,4.0
T09814,2025-11-11 12:12,M06,P005,3,0,Mobile Money,20.0,F,3.0
T09815,2025-11-11 12:20,M02,P003,2,0,Espèces,28.0,F,3.0
T09816,2025-11-11 12:49,M04,P014,4,10,Espèces,24.0,F,3.0
T09817,2025-11-11 12:49,M06,P011,2,0,Carte,37.0,M,5.0
T09818,2025-11-11 12:56,M02,P009,3,0,Espèces,36.0,F,5.0
T09819,2025-11-11 13:03,M04,P018,2,10,Carte,35.0,F,2.0
T09820,2025-11-11 13:27,M02,P010,4,5,Espèces,18.0,F,4.0
T09821,2025-11-11 13:41,M05,P017,1,0,Espèces,18.0,F,3.0
T09822,2025-11-11 13:53,M01,P009,2,0,Mobile Money,23.0,F,4.0
T09823,2025-11-11 13:58,M06,P011,2,0,Mobile Money,37.0,M,3.0
T09824,2025-11-11 14:22,M02,P010,8,0,Mobile Money,16.0,F,3.0
T09825,2025-11-11 14:51,M04,P020,1,0,Mobile Money,17.0,F,2.0
T09826,2025-11-11 16:00,M04,P017,4,0,Mobile Money,34.0,M,3.0
T09827,2025-11-11 16:47,M01,P010,3,0,Mobile Money,17.0,M,5.0
T09828,2025-11-11 17:05,M01,P001,3,0,Mobile Money,21.0,F,5.0
T09829,2025-11-11 17:11,M05,P013,1,0,Espèces,39.0,M,3.0
T09830,2025-11-11 17:25,M02,P003,1,5,Mobile Money,38.0,F,5.0
T09831,2025-11-11 17:27,M01,P007,3,0,Espèces,21.0,M,3.0
T09832,2025-11-11 17:45,M03,P005,6,15,Mobile Money,27.0,F,3.0
T09833,2025-11-11 18:09,M05,P003,3,0,Espèces,23.0,F,4.0
T09834,2025-11-11 18:12,M03,P012,1,0,Espèces,41.0,M,4.0
T09835,2025-11-11 18:29,M01,P004,6,0,Mobile Money,31.0,F,2.0
T09836,2025-11-11 18:56,M01,P017,3,0,Mobile Money,37.0,M,4.0
T09837,2025-11-11 18:57,M03,P014,3,0,Espèces,55.0,M,3.0
T09838,2025-11-11 19:32,M05,P007,3,0,Mobile Money,23.0,M,2.0
T09839,2025-11-11 19:40,M03,P010,2,0,Espèces,28.0,M,1.0
T09840,2025-11-11 20:08,M06,P009,6,5,mobile money,24.0,F,4.0
T09841,2025-11-12 09:29,M04,P018,5,0,Carte,26.0,F,4.0
T09842,2025-11-12 11:44,M04,P025,1,0,Mobile Money,41.0,F,3.0
T09843,2025-11-12 11:47,M05,P014,5,0,Mobile Money,17.0,M,4.0
T09844,2025-11-12 11:57,M04,P017,3,0,Espèces,22.0,M,2.0
T09845,2025-11-12 12:38,M01,P003,1,0,Espèces,35.0,M,4.0
T09846,2025-11-12 12:46,M04,P017,5,0,Mobile Money,35.0,F,4.0
T09847,2025-11-12 13:19,M01,P010,2,0,Mobile Money,37.0,F,3.0
T09848,2025-11-12 13:31,M04,P005,2,5,Mobile Money,33.0,M,4.0
T09849,2025-11-12 13:54,M01,P011,3,0,Mobile Money,25.0,M,4.0
T09850,2025-11-12 15:23,M05,P010,4,0,Mobile Money,31.0,M,4.0
T09851,2025-11-12 15:54,M04,P020,1,5,Espèces,39.0,F,3.0
T09852,2025-11-12 16:08,M03,P005,5,0,Mobile Money,36.0,M,4.0
T09853,2025-11-12 16:16,M03,P001,4,0,Mobile Money,43.0,F,4.0
T09854,2025-11-12 16:35,M02,P003,4,5,Espèces,28.0,M,3.0
T09855,2025-11-12 16:53,M06,P015,3,0,Mobile Money,26.0,M,4.0
T09856,2025-11-12 17:03,M01,P020,1,0,Carte,23.0,F,3.0
T09857,2025-11-12 17:17,M03,P002,1,0,Mobile Money,35.0,F,2.0
T09858,2025-11-12 17:42,M01,P012,4,0,Espèces,17.0,M,5.0
T09859,2025-11-12 17:53,M01,P017,5,0,Espèces,35.0,M,3.0
T09860,2025-11-12 18:28,M03,P025,1,0,Mobile Money,30.0,F,2.0
T09861,2025-11-12 18:29,M02,P011,3,0,Carte,22.0,F,3.0
T09862,2025-11-12 18:34,M02,P012,1,0,Mobile Money,32.0,F,4.0
T09863,2025-11-12 19:03,M01,P011,3,0,Espèces,19.0,F,3.0
T09864,2025-11-12 19:21,M04,P003,4,15,Espèces,27.0,F,3.0
T09865,2025-11-12 19:35,M01,P017,3,0,Espèces,36.0,M,4.0
T09866,2025-11-12 19:50,M05,P009,1,5,Espèces,33.0,F,4.0
T09867,2025-11-13 09:26,M04,P008,3,0,Mobile Money,20.0,F,3.0
T09869,2025-11-13 10:12,M03,P015,4,0,Espèces,34.0,M,5.0
T09868,2025-11-13 10:12,M01,P026,1,0,Mobile Money,27.0,M,4.0
T09870,2025-11-13 11:08,M03,P008,1,5,Espèces,36.0,F,3.0
T09871,2025-11-13 11:48,M01,P006,2,0,Mobile Money,43.0,M,3.0
T09872,2025-11-13 11:56,M03,P011,4,0,Mobile Money,45.0,F,4.0
T09873,2025-11-13 12:15,M02,P007,2,0,Mobile Money,35.0,F,3.0
T09874,2025-11-13 13:34,M06,P001,1,0,Espèces,31.0,F,3.0
T09875,2025-11-13 13:37,M03,P020,1,0,Espèces,26.0,M,4.0
T09876,2025-11-13 13:40,M02,P005,2,0,Espèces,,F,2.0
T09877,2025-11-13 13:49,M04,P003,4,0,Espèces,41.0,M,2.0
T09878,2025-11-13 14:14,M01,P012,4,0,Mobile Money,22.0,F,4.0
T09879,2025-11-13 15:53,M06,P009,1,0,Mobile Money,34.0,M,5.0
T09880,2025-11-13 16:21,M02,P001,2,0,Espèces,28.0,M,4.0
T09881,2025-11-13 16:50,M03,P014,2,0,Espèces,16.0,M,5.0
T09882,2025-11-13 16:54,M04,P003,4,0,Mobile Money,34.0,F,3.0
T09883,2025-11-13 17:22,M01,P004,3,0,Mobile Money,27.0,M,3.0
T09884,2025-11-13 17:35,M06,P001,2,0,Mobile Money,29.0,F,4.0
T09885,2025-11-13 17:42,M03,P010,2,0,Mobile Money,43.0,M,4.0
T09886,2025-11-13 17:55,M05,P003,2,0,Mobile Money,,M,5.0
T09887,2025-11-13 18:01,M04,P002,2,0,Mobile Money,26.0,M,2.0
T09888,2025-11-13 18:36,M06,P004,5,10,Mobile Money,30.0,F,5.0
T09889,2025-11-13 18:41,M02,P001,2,0,Carte,29.0,M,2.0
T09890,2025-11-13 18:45,M01,P002,1,0,Espèces,39.0,F,3.0
T09891,2025-11-13 18:46,M04,P007,5,0,Mobile Money,35.0,F,3.0
T09892,2025-11-13 18:47,M01,P008,3,0,Mobile Money,26.0,F,2.0
T09893,2025-11-13 19:14,M03,P003,3,0,Espèces,31.0,M,4.0
T09894,2025-11-13 19:18,M01,P022,1,5,Mobile Money,33.0,F,5.0
T09895,2025-11-13 19:19,M06,P006,6,15,Mobile Money,33.0,F,2.0
T09896,2025-11-13 20:19,M01,P003,1,0,Espèces,45.0,M,3.0
T09897,2025-11-14 11:17,M04,P007,2,0,espèces,40.0,M,2.0
T09898,2025-11-14 11:44,M01,P011,1,0,Mobile Money,34.0,M,4.0
T09899,2025-11-14 12:33,M03,P002,1,0,Mobile Money,48.0,F,5.0
T09900,2025-11-14 12:37,M03,P014,3,0,Espèces,59.0,F,3.0
T09901,2025-11-14 12:39,M06,P015,1,0,Espèces,35.0,M,4.0
T09902,2025-11-14 12:40,M01,P010,2,0,Espèces,36.0,F,4.0
T09903,2025-11-14 13:03,M04,P001,3,0,espèces,35.0,M,3.0
T09904,2025-11-14 13:31,M02,P004,2,0,Mobile Money,31.0,F,2.0
T09905,2025-11-14 13:37,M06,P003,2,5,Mobile Money,16.0,M,3.0
T09906,2025-11-14 13:39,M03,P025,1,0,Mobile Money,30.0,M,4.0
T09907,2025-11-14 13:44,M06,P024,1,0,Mobile Money,27.0,M,4.0
T09908,2025-11-14 13:55,M02,P002,3,0,Espèces,46.0,M,4.0
T09909,2025-11-14 14:13,M06,P027,1,0,Espèces,35.0,M,3.0
T09910,2025-11-14 14:32,M02,P017,2,0,Mobile Money,39.0,M,3.0
T09911,2025-11-14 15:33,M03,P022,1,0,Mobile Money,29.0,F,5.0
T09912,2025-11-14 15:45,M03,P012,7,5,Carte,25.0,M,4.0
T09913,2025-11-14 16:36,M03,P002,3,0,Mobile Money,49.0,F,3.0
T09914,2025-11-14 17:19,M02,P018,2,0,Espèces,48.0,F,3.0
T09915,2025-11-14 17:22,M05,P009,2,0,Espèces,24.0,F,2.0
T09916,2025-11-14 17:26,M03,P009,1,0,Espèces,16.0,F,3.0
T09917,2025-11-14 17:55,M03,P007,2,10,Mobile Money,27.0,M,4.0
T09918,2025-11-14 18:25,M01,P008,1,5,Mobile Money,42.0,M,3.0
T09919,2025-11-14 18:32,M01,P009,2,0,Carte,29.0,F,5.0
T09920,2025-11-14 18:55,M06,P011,5,5,Mobile Money,20.0,M,4.0
T09921,2025-11-14 19:19,M02,P018,1,0,Mobile Money,21.0,F,4.0
T09922,2025-11-14 19:20,M03,P016,3,0,Espèces,27.0,F,3.0
T09923,2025-11-14 19:28,M02,P009,1,0,Espèces,30.0,M,4.0
T09924,2025-11-14 19:29,M04,P009,2,0,Mobile Money,38.0,M,1.0
T09925,2025-11-14 21:03,M05,P012,1,0,Mobile Money,20.0,M,3.0
T09926,2025-11-15 09:25,M04,P009,4,10,Mobile Money,,M,4.0
T09927,2025-11-15 09:52,M01,P012,2,0,Mobile Money,38.0,F,4.0
T09928,2025-11-15 10:02,M05,P001,1,0,Mobile Money,42.0,F,5.0
T09929,2025-11-15 10:12,M03,P002,2,0,Espèces,42.0,F,4.0
T09930,2025-11-15 10:38,M03,P007,3,0,Espèces,28.0,M,4.0
T09931,2025-11-15 10:45,M03,P018,3,15,Espèces,21.0,M,3.0
T09932,2025-11-15 11:00,M01,P017,2,0,Mobile Money,36.0,F,5.0
T09933,2025-11-15 11:24,M01,P006,1,0,Mobile Money,44.0,M,4.0
T09934,2025-11-15 11:31,M03,P013,4,0,Espèces,47.0,F,4.0
T09935,2025-11-15 11:36,M02,P004,1,0,Mobile Money,18.0,F,3.0
T09936,2025-11-15 11:55,M01,P008,5,15,Espèces,33.0,M,3.0
T09937,2025-11-15 12:06,M04,P014,2,0,Mobile Money,23.0,F,5.0
T09938,2025-11-15 12:40,M05,P007,2,0,Mobile Money,30.0,M,4.0
T09939,2025-11-15 12:45,M04,P004,3,0,mobile money,23.0,F,2.0
T09940,2025-11-15 12:50,M06,P016,3,0,Mobile Money,30.0,F,4.0
T09941,2025-11-15 12:51,M06,P003,4,0,Espèces,29.0,F,5.0
T09942,2025-11-15 12:56,M05,P001,1,0,Espèces,18.0,F,4.0
T09943,2025-11-15 13:33,M05,P012,4,0,Espèces,31.0,M,5.0
T09944,2025-11-15 13:57,M04,P011,1,0,Mobile Money,41.0,M,3.0
T09945,2025-11-15 14:03,M03,P005,1,0,Espèces,17.0,M,3.0
T09946,2025-11-15 14:23,M01,P006,3,0,Espèces,45.0,F,3.0
T09947,2025-11-15 15:08,M02,P004,3,0,Mobile Money,41.0,F,3.0
T09948,2025-11-15 15:12,M01,P005,1,0,Mobile Money,28.0,M,2.0
T09949,2025-11-15 15:26,M03,P014,1,0,Mobile Money,40.0,M,4.0
T09950,2025-11-15 15:34,M04,P025,1,5,Espèces,24.0,M,4.0
T09951,2025-11-15 15:58,M03,P013,2,0,Mobile Money,46.0,F,4.0
T09952,2025-11-15 16:02,M02,P019,1,0,Espèces,26.0,F,4.0
T09953,2025-11-15 16:05,M05,P020,1,0,Mobile Money,25.0,F,3.0
T09954,2025-11-15 16:08,M03,P006,2,0,Espèces,38.0,F,3.0
T09955,2025-11-15 16:21,M03,P021,1,0,Mobile Money,25.0,M,3.0
T09956,2025-11-15 16:31,M03,P017,5,0,Espèces,40.0,M,3.0
T09958,2025-11-15 16:33,M06,P003,3,0,Mobile Money,33.0,F,5.0
T09957,2025-11-15 16:33,M02,P011,1,0,Carte,29.0,F,3.0
T09959,2025-11-15 16:44,M03,P002,3,0,Mobile Money,23.0,F,2.0
T09960,2025-11-15 16:51,M01,P014,4,0,Mobile Money,35.0,M,2.0
T09961,2025-11-15 16:59,M02,P015,2,10,Mobile Money,25.0,M,5.0
T09962,2025-11-15 17:08,M06,P009,3,0,Carte,40.0,F,5.0
T09963,2025-11-15 17:09,M02,P021,1,0,Mobile Money,28.0,M,4.0
T09964,2025-11-15 17:09,M01,P024,2,15,Carte,27.0,M,5.0
T09965,2025-11-15 17:40,M05,P016,350,0,Mobile Money,35.0,M,5.0
T09966,2025-11-15 17:49,M03,P002,5,0,Espèces,40.0,M,4.0
T09967,2025-11-15 17:55,M06,P003,4,0,Espèces,27.0,F,3.0
T09968,2025-11-15 18:00,M02,P020,1,0,Espèces,16.0,F,3.0
T09969,2025-11-15 18:01,M06,P005,2,0,Mobile Money,37.0,F,3.0
T09970,2025-11-15 18:09,M05,P001,1,0,Espèces,36.0,M,4.0
T09971,2025-11-15 18:10,M01,P002,2,0,Mobile Money,26.0,F,3.0
T09972,2025-11-15 18:11,M01,P021,1,0,Mobile Money,20.0,M,2.0
T09973,2025-11-15 18:14,M02,P011,1,5,Carte,32.0,M,4.0
T09974,2025-11-15 18:30,M01,P016,3,0,Espèces,38.0,F,5.0
T09975,2025-11-15 18:35,M05,P009,3,5,Mobile Money,37.0,F,3.0
T09976,2025-11-15 18:40,M05,P009,5,0,Espèces,42.0,F,2.0
T09977,2025-11-15 18:45,M01,P009,1,0,Carte,33.0,F,5.0
T09978,2025-11-15 18:48,M03,P025,1,0,Carte,19.0,F,3.0
T09979,2025-11-15 18:49,M04,P027,1,0,Espèces,26.0,F,2.0
T09980,2025-11-15 19:18,M05,P012,2,0,Espèces,16.0,M,3.0
T09981,2025-11-15 19:26,M05,P001,5,0,Mobile Money,37.0,M,2.0
T09982,2025-11-15 19:30,M02,P003,4,0,Mobile Money,42.0,F,4.0
T09983,2025-11-15 19:39,M02,P004,2,0,Mobile Money,48.0,M,4.0
T09984,2025-11-15 19:45,M03,P007,2,0,Mobile Money,32.0,M,3.0
T09985,2025-11-15 19:49,M04,P005,2,0,Espèces,35.0,M,1.0
T09986,2025-11-15 19:55,M06,P011,4,0,Espèces,39.0,F,3.0
T09987,2025-11-16 10:06,M04,P007,2,0,Carte,27.0,M,4.0
T09988,2025-11-16 10:24,M03,P001,2,0,Carte,27.0,F,4.0
T09989,2025-11-16 10:46,M01,P019,1,0,Espèces,24.0,M,4.0
T09990,2025-11-16 11:15,M01,P010,5,0,Carte,48.0,F,4.0
T09991,2025-11-16 11:23,M03,P015,4,0,Mobile Money,20.0,F,4.0
T09992,2025-11-16 11:29,M04,P014,5,10,Mobile Money,50.0,M,2.0
T09993,2025-11-16 11:32,M03,P006,3,0,Mobile Money,41.0,F,3.0
T09994,2025-11-16 11:33,M02,P011,4,15,mobile money,23.0,F,5.0
T09995,2025-11-16 11:51,M03,P016,5,10,Espèces,17.0,F,4.0
T09996,2025-11-16 12:03,M01,P005,5,0,Carte,27.0,F,4.0
T09997,2025-11-16 12:09,M01,P016,5,0,Mobile Money,34.0,F,5.0
T09998,2025-11-16 12:52,M01,P012,1,0,Carte,16.0,M,3.0
T09999,2025-11-16 13:30,M04,P009,2,0,Espèces,27.0,F,3.0
T10000,2025-11-16 13:37,M01,P027,2,10,Espèces,33.0,F,4.0
T10001,2025-11-16 14:18,M05,P005,6,0,Mobile Money,32.0,F,3.0
T10002,2025-11-16 14:37,M02,P015,3,0,Mobile Money,32.0,M,4.0
T10003,2025-11-16 14:51,M06,P016,3,10,Espèces,30.0,F,3.0
T10004,2025-11-16 15:32,M04,P009,6,0,Espèces,23.0,M,4.0
T10005,2025-11-16 15:46,M04,P001,2,0,Espèces,16.0,M,2.0
T10006,2025-11-16 15:51,M01,P014,3,10,Espèces,50.0,F,4.0
T10007,2025-11-16 16:11,M03,P002,1,0,Carte,25.0,M,4.0
T10008,2025-11-16 16:17,M04,P007,2,0,Espèces,42.0,F,2.0
T10009,2025-11-16 16:30,M06,P001,2,0,Carte,27.0,F,2.0
T10010,2025-11-16 16:44,M02,P006,2,0,Mobile Money,41.0,F,4.0
T10011,2025-11-16 16:45,M05,P012,3,5,Mobile Money,32.0,M,4.0
T10012,2025-11-16 16:49,M06,P009,2,0,Espèces,19.0,F,3.0
T10013,2025-11-16 16:52,M05,P001,1,0,Mobile Money,32.0,F,5.0
T10014,2025-11-16 17:23,M06,P010,2,0,Espèces,54.0,F,2.0
T10015,2025-11-16 17:34,M02,P004,1,0,Mobile Money,24.0,M,3.0
T10016,2025-11-16 17:39,M01,P025,1,0,Espèces,40.0,M,4.0
T10017,2025-11-16 17:43,M04,P002,2,0,Carte,34.0,F,3.0
T10018,2025-11-16 17:47,M05,P002,3,0,Espèces,44.0,M,5.0
T10019,2025-11-16 17:49,M06,P013,3,0,Espèces,33.0,M,4.0
T10020,2025-11-16 17:52,M02,P001,2,0,Carte,41.0,F,2.0
T10021,2025-11-16 18:01,M06,P015,2,0,Mobile Money,41.0,M,3.0
T10022,2025-11-16 18:15,M04,P016,1,0,Espèces,19.0,F,4.0
T10023,2025-11-16 18:25,M01,P027,1,0,Carte,39.0,F,4.0
T10024,2025-11-16 18:31,M01,P007,4,10,Mobile Money,16.0,F,3.0
T10025,2025-11-16 18:35,M03,P025,1,0,Mobile Money,20.0,M,2.0
T10026,2025-11-16 18:39,M02,P004,4,0,Carte,44.0,M,4.0
T10027,2025-11-16 18:39,M01,P016,3,0,Espèces,22.0,F,5.0
T10028,2025-11-16 18:45,M04,P024,1,0,Mobile Money,35.0,F,3.0
T10029,2025-11-16 19:13,M05,P004,1,0,Espèces,41.0,F,4.0
T10030,2025-11-16 19:19,M04,P009,2,10,Espèces,35.0,F,4.0
T10031,2025-11-16 19:21,M04,P013,1,0,Mobile Money,21.0,M,3.0
T10032,2025-11-16 20:26,M05,P001,3,0,Carte,37.0,F,5.0
T10033,2025-11-16 21:13,M02,P012,3,0,Carte,19.0,M,5.0
T10034,2025-11-17 09:11,M06,P015,1,0,Espèces,24.0,F,2.0
T10035,2025-11-17 10:45,M03,P007,4,10,Mobile Money,36.0,M,4.0
T10036,2025-11-17 11:21,M03,P027,1,0,Mobile Money,59.0,F,3.0
T10037,2025-11-17 12:00,M04,P004,4,15,Mobile Money,32.0,F,3.0
T10038,2025-11-17 12:30,M01,P009,2,0,Mobile Money,33.0,F,4.0
T10039,2025-11-17 12:33,M01,P023,2,10,Espèces,25.0,M,4.0
T10040,2025-11-17 12:52,M02,P002,1,0,Mobile Money,20.0,M,4.0
T10041,2025-11-17 13:03,M06,P007,3,0,Mobile Money,31.0,F,3.0
T10042,2025-11-17 13:05,M02,P002,4,0,Mobile Money,33.0,F,5.0
T10043,2025-11-17 13:10,M02,P010,4,5,Carte,38.0,F,3.0
T10044,2025-11-17 13:20,M03,P016,2,0,Espèces,28.0,M,3.0
T10045,2025-11-17 13:39,M03,P015,3,5,Espèces,47.0,M,3.0
T10046,2025-11-17 14:00,M02,P015,4,5,Espèces,30.0,M,4.0
T10047,2025-11-17 15:32,M02,P009,3,0,Espèces,37.0,F,5.0
T10048,2025-11-17 15:58,M01,P015,1,0,Espèces,42.0,F,5.0
T10049,2025-11-17 16:15,M01,P025,1,0,Espèces,23.0,F,3.0
T10050,2025-11-17 16:48,M03,P020,1,0,Espèces,28.0,F,1.0
T10051,2025-11-17 16:53,M01,P004,1,0,Mobile Money,43.0,F,4.0
T10052,2025-11-17 16:59,M01,P003,2,5,Espèces,28.0,F,5.0
T10053,2025-11-17 17:13,M04,P025,1,0,Mobile Money,32.0,F,3.0
T10054,2025-11-17 17:20,M01,P009,1,0,Carte,42.0,M,5.0
T10055,2025-11-17 17:29,M06,P013,1,5,Mobile Money,42.0,F,5.0
T10056,2025-11-17 17:36,M02,P015,1,0,Carte,28.0,F,3.0
T10057,2025-11-17 17:40,M02,P001,3,0,Mobile Money,41.0,M,3.0
T10058,2025-11-17 17:50,M06,P019,1,0,Espèces,23.0,M,3.0
T10059,2025-11-17 17:57,M01,P002,2,5,Mobile Money,27.0,M,2.0
T10060,2025-11-17 18:06,M02,P004,3,0,Espèces,44.0,F,4.0
T10061,2025-11-17 18:19,M06,P019,1,0,Espèces,30.0,F,3.0
T10062,2025-11-17 18:22,M01,P007,2,0,Espèces,33.0,F,4.0
T10063,2025-11-17 18:23,M03,P010,2,0,Mobile Money,,F,4.0
T10064,2025-11-17 18:26,M03,P014,1,0,Espèces,43.0,F,4.0
T10065,2025-11-17 18:47,M03,P008,1,0,Carte,24.0,F,4.0
T10066,2025-11-17 19:35,M04,P013,2,0,Mobile Money,27.0,M,3.0
T10067,2025-11-17 20:01,M01,P007,5,10,Espèces,30.0,F,3.0
T10068,2025-11-17 20:05,M06,P014,1,0,Mobile Money,35.0,M,4.0
T10069,2025-11-18 10:35,M01,P007,2,5,Carte,58.0,F,3.0
T10070,2025-11-18 10:40,M01,P005,1,0,Espèces,25.0,M,3.0
T10071,2025-11-18 11:37,M02,P003,2,0,Mobile Money,34.0,M,4.0
T10072,2025-11-18 11:38,M04,P007,3,10,Carte,37.0,F,4.0
T10073,2025-11-18 11:40,M03,P001,3,15,Espèces,47.0,M,3.0
T10074,2025-11-18 12:01,M02,P022,2,10,Mobile Money,25.0,F,4.0
T10075,2025-11-18 12:19,M03,P016,3,0,Mobile Money,54.0,F,5.0
T10076,2025-11-18 12:22,M03,P005,1,0,Mobile Money,48.0,M,5.0
T10077,2025-11-18 12:29,M04,P003,2,0,Mobile Money,45.0,F,2.0
T10078,2025-11-18 13:08,M01,P010,2,0,Mobile Money,29.0,M,3.0
T10079,2025-11-18 13:56,M02,P016,4,0,Espèces,34.0,F,3.0
T10080,2025-11-18 14:30,M02,P002,3,10,Mobile Money,41.0,M,3.0
T10081,2025-11-18 14:36,M01,P027,2,10,Mobile Money,39.0,F,4.0
T10082,2025-11-18 15:23,M01,P006,2,5,Mobile Money,40.0,F,4.0
T10083,2025-11-18 15:48,M04,P004,3,0,Espèces,23.0,F,2.0
T10084,2025-11-18 16:15,M01,P014,1,0,Mobile Money,32.0,M,4.0
T10085,2025-11-18 16:28,M02,P002,3,0,Mobile Money,36.0,M,5.0
T10086,2025-11-18 16:32,M06,P020,1,0,Espèces,18.0,F,3.0
T10087,2025-11-18 16:38,M03,P001,3,0,Espèces,32.0,F,5.0
T10088,2025-11-18 16:41,M01,P014,6,15,Espèces,32.0,F,4.0
T10089,2025-11-18 16:41,M02,P004,3,0,Espèces,39.0,F,4.0
T10090,2025-11-18 16:44,M06,P007,4,0,Carte,47.0,F,3.0
T10091,2025-11-18 16:56,M03,P014,3,0,Espèces,40.0,M,3.0
T10092,2025-11-18 17:13,M02,P001,3,0,Espèces,17.0,F,3.0
T10093,2025-11-18 17:42,M03,P005,3,0,Espèces,25.0,F,5.0
T10094,2025-11-18 17:46,M02,P013,3,0,Espèces,16.0,M,5.0
T10095,2025-11-18 17:49,M03,P026,1,0,Espèces,23.0,M,4.0
T10096,2025-11-18 18:01,M01,P014,4,0,Espèces,31.0,F,5.0
T10097,2025-11-18 18:07,M03,P007,2,0,Espèces,26.0,F,3.0
T10098,2025-11-18 18:22,M03,P002,4,5,espèces,46.0,M,3.0
T10099,2025-11-18 18:40,M04,P005,1,0,Espèces,49.0,M,4.0
T10100,2025-11-18 18:58,M04,P024,3,15,Espèces,35.0,M,3.0
T10101,2025-11-18 19:00,M01,P024,1,0,Carte,,F,3.0
T10102,2025-11-18 19:02,M03,P014,2,0,Carte,34.0,M,4.0
T10103,2025-11-18 19:04,M06,P005,2,0,Espèces,42.0,M,4.0
T10104,2025-11-18 19:28,M01,P010,2,0,Mobile Money,37.0,F,4.0
T10105,2025-11-18 19:35,M01,P005,6,0,Espèces,26.0,F,2.0
T10106,2025-11-18 19:36,M01,P001,2,0,Espèces,35.0,M,3.0
T10107,2025-11-19 11:24,M06,P017,5,10,Espèces,35.0,M,3.0
T10108,2025-11-19 11:32,M05,P011,5,0,Espèces,18.0,M,3.0
T10109,2025-11-19 12:29,M03,P016,3,15,Espèces,49.0,M,4.0
T10110,2025-11-19 13:09,M05,P012,2,0,Espèces,44.0,F,4.0
T10111,2025-11-19 13:28,M02,P005,2,0,Espèces,31.0,F,5.0
T10112,2025-11-19 13:55,M04,P007,3,0,Mobile Money,34.0,F,2.0
T10113,2025-11-19 14:43,M05,P010,3,0,MoMo,37.0,M,2.0
T10114,2025-11-19 14:54,M03,P016,1,0,Mobile Money,16.0,M,4.0
T10115,2025-11-19 15:05,M05,P004,4,5,Mobile Money,16.0,F,3.0
T10116,2025-11-19 15:35,M03,P019,1,0,Mobile Money,22.0,F,3.0
T10117,2025-11-19 16:29,M03,P005,1,5,Espèces,36.0,F,3.0
T10118,2025-11-19 17:04,M01,P009,4,0,Mobile Money,16.0,F,3.0
T10119,2025-11-19 17:16,M01,P001,4,0,Espèces,17.0,M,3.0
T10120,2025-11-19 17:20,M01,P024,1,0,Mobile Money,21.0,F,2.0
T10121,2025-11-19 17:21,M01,P011,2,0,Mobile Money,31.0,M,4.0
T10122,2025-11-19 17:52,M04,P001,2,0,Espèces,41.0,M,4.0
T10123,2025-11-19 18:05,M01,P026,1,5,Carte,25.0,F,4.0
T10124,2025-11-19 18:17,M01,P018,6,0,Espèces,34.0,M,3.0
T10125,2025-11-19 18:22,M01,P007,5,5,carte,55.0,F,3.0
T10126,2025-11-19 18:41,M01,P007,3,0,Carte,25.0,M,3.0
T10127,2025-11-19 18:53,M06,P013,2,0,Mobile Money,30.0,M,4.0
T10128,2025-11-19 19:08,M02,P006,4,0,Mobile Money,44.0,M,3.0
T10129,2025-11-19 19:22,M01,P001,2,0,Espèces,28.0,F,2.0
T10130,2025-11-19 19:23,M03,P023,1,0,Mobile Money,39.0,F,3.0
T10131,2025-11-19 19:33,M02,P003,8,10,Mobile Money,28.0,F,4.0
T10132,2025-11-19 19:35,M02,P009,4,10,Carte,31.0,F,3.0
T10133,2025-11-19 19:38,M01,P024,1,0,Mobile Money,30.0,F,3.0
T10134,2025-11-19 20:10,M03,P004,5,10,Espèces,40.0,M,5.0
T10135,2025-11-19 20:12,M01,P020,1,0,Espèces,39.0,F,4.0
T10136,2025-11-20 10:21,M05,P020,1,0,Espèces,27.0,M,5.0
T10137,2025-11-20 10:46,M05,P027,1,0,Mobile Money,26.0,M,3.0
T10138,2025-11-20 11:00,M01,P014,1,0,Carte,33.0,M,3.0
T10139,2025-11-20 11:44,M02,P003,1,0,Espèces,27.0,F,3.0
T10140,2025-11-20 12:34,M03,P022,1,0,Espèces,26.0,F,4.0
T10141,2025-11-20 12:45,M01,P002,1,0,Espèces,26.0,F,5.0
T10142,2025-11-20 13:03,M02,P007,1,0,Mobile Money,34.0,M,2.0
T10143,2025-11-20 14:38,M03,P009,3,0,Mobile Money,29.0,M,3.0
T10144,2025-11-20 15:35,M04,P002,2,0,Mobile Money,47.0,F,3.0
T10145,2025-11-20 15:39,M04,P001,2,0,Espèces,27.0,M,2.0
T10146,2025-11-20 16:31,M02,P007,3,0,Espèces,36.0,M,2.0
T10147,2025-11-20 16:34,M06,P003,4,0,Espèces,43.0,F,4.0
T10148,2025-11-20 17:10,M06,P003,2,0,Carte,60.0,M,4.0
T10149,2025-11-20 17:18,M01,P003,3,0,Mobile Money,44.0,M,4.0
T10150,2025-11-20 17:58,M06,P014,3,0,Mobile Money,20.0,F,4.0
T10151,2025-11-20 17:59,M01,P002,1,0,Mobile Money,49.0,M,4.0
T10152,2025-11-20 18:03,M01,P016,2,5,Espèces,25.0,M,4.0
T10153,2025-11-20 18:10,M01,P015,2,0,Carte,32.0,F,4.0
T10154,2025-11-20 18:12,M03,P001,1,0,Mobile Money,42.0,F,2.0
T10155,2025-11-20 18:15,M04,P027,1,5,Mobile Money,27.0,F,3.0
T10156,2025-11-20 18:18,M03,P012,2,0,Mobile Money,30.0,M,5.0
T10157,2025-11-20 19:09,M03,P003,2,0,Mobile Money,28.0,M,3.0
T10158,2025-11-20 19:46,M03,P001,3,0,Espèces,19.0,M,2.0
T10159,2025-11-20 19:50,M04,P001,2,0,Espèces,16.0,M,2.0
T10160,2025-11-20 19:55,M03,P013,2,0,Espèces,19.0,M,4.0
T10161,2025-11-20 19:55,M05,P001,4,0,Espèces,29.0,M,5.0
T10162,2025-11-20 21:01,M04,P027,1,5,Mobile Money,39.0,F,1.0
T10163,2025-11-20 21:23,M04,P009,3,5,Espèces,31.0,M,1.0
T10165,2025-11-20 21:53,M01,P004,1,10,Carte,33.0,F,5.0
T10164,2025-11-20 21:53,M01,P015,5,0,Mobile Money,46.0,F,4.0
T10166,2025-11-21 10:37,M02,P010,1,0,Mobile Money,41.0,M,4.0
T10167,2025-11-21 10:54,M02,P013,4,5,Mobile Money,31.0,M,5.0
T10168,2025-11-21 11:14,M01,P001,4,0,Espèces,24.0,F,5.0
T10169,2025-11-21 11:22,M03,P009,2,0,Espèces,29.0,M,3.0
T10170,2025-11-21 11:23,M04,P002,2,0,Mobile Money,33.0,M,2.0
T10171,2025-11-21 11:40,M06,P026,1,0,Espèces,28.0,F,5.0
T10172,2025-11-21 11:44,M01,P016,1,0,Mobile Money,50.0,F,3.0
T10173,2025-11-21 11:50,M04,P026,1,0,Espèces,33.0,F,4.0
T10174,2025-11-21 11:57,M06,P015,2,0,Mobile Money,26.0,F,3.0
T10175,2025-11-21 12:18,M01,P007,3,0,Espèces,27.0,M,4.0
T10176,2025-11-21 12:22,M01,P011,2,0,Mobile Money,17.0,F,5.0
T10177,2025-11-21 12:31,M01,P001,2,0,Espèces,,M,4.0
T10178,2025-11-21 12:39,M03,P005,2,5,Mobile Money,47.0,M,4.0
T10179,2025-11-21 12:56,M05,P008,2,0,Mobile Money,36.0,M,4.0
T10180,2025-11-21 13:03,M05,P012,4,5,Mobile Money,45.0,M,4.0
T10181,2025-11-21 13:11,M01,P016,3,0,Espèces,47.0,M,4.0
T10182,2025-11-21 13:29,M05,P025,1,0,Carte,31.0,F,4.0
T10183,2025-11-21 15:03,M02,P020,1,0,Mobile Money,29.0,F,3.0
T10184,2025-11-21 15:24,M03,P017,4,15,Mobile Money,30.0,M,3.0
T10185,2025-11-21 16:06,M03,P005,1,0,mobile money,39.0,F,2.0
T10186,2025-11-21 16:34,M02,P014,3,0,Mobile Money,49.0,M,2.0
T10187,2025-11-21 16:51,M02,P022,1,0,Espèces,18.0,F,4.0
T10188,2025-11-21 17:02,M02,P004,3,0,Espèces,28.0,M,4.0
T10189,2025-11-21 17:10,M03,P016,4,0,Carte,24.0,M,4.0
T10190,2025-11-21 17:29,M02,P009,1,0,Mobile Money,41.0,F,3.0
T10191,2025-11-21 17:36,M03,P010,1,5,Espèces,45.0,F,1.0
T10192,2025-11-21 17:49,M01,P002,1,0,Mobile Money,41.0,M,2.0
T10193,2025-11-21 18:11,M05,P001,2,0,Espèces,32.0,F,4.0
T10194,2025-11-21 18:15,M05,P012,2,0,Mobile Money,36.0,F,5.0
T10195,2025-11-21 18:18,M06,P010,4,0,Mobile Money,40.0,F,4.0
T10196,2025-11-21 18:27,M04,P007,3,10,Carte,40.0,F,3.0
T10197,2025-11-21 18:45,M03,P001,4,15,Carte,51.0,F,3.0
T10198,2025-11-21 18:52,M03,P008,3,0,Espèces,39.0,F,4.0
T10199,2025-11-21 19:01,M02,P006,3,0,Espèces,19.0,M,5.0
T10200,2025-11-21 19:25,M05,P015,5,5,Espèces,53.0,F,4.0
T10201,2025-11-21 19:44,M04,P022,1,0,Espèces,21.0,M,1.0
T10202,2025-11-21 19:54,M01,P003,7,15,Mobile Money,33.0,F,3.0
T10203,2025-11-21 20:08,M01,P010,4,0,Mobile Money,29.0,M,3.0
T10204,2025-11-21 21:19,M01,P012,3,0,Espèces,23.0,F,2.0
T10205,2025-11-22 09:58,M01,P002,4,0,Carte,35.0,F,5.0
T10206,2025-11-22 10:25,M01,P022,3,10,Espèces,30.0,M,2.0
T10207,2025-11-22 11:04,M01,P013,3,0,Mobile Money,30.0,M,4.0
T10208,2025-11-22 11:07,M06,P016,2,10,Espèces,49.0,F,3.0
T10209,2025-11-22 11:42,M01,P007,3,0,Carte,39.0,F,4.0
T10210,2025-11-22 11:54,M05,P005,3,0,Mobile Money,47.0,F,3.0
T10211,2025-11-22 12:08,M02,P010,1,0,Espèces,35.0,M,5.0
T10212,2025-11-22 12:17,M05,P005,3,0,Mobile Money,,F,4.0
T10213,2025-11-22 12:22,M02,P013,3,0,Mobile Money,29.0,F,2.0
T10214,2025-11-22 12:43,M04,P007,5,0,Espèces,50.0,F,2.0
T10215,2025-11-22 13:00,M01,P009,2,5,Espèces,50.0,F,5.0
T10216,2025-11-22 13:03,M02,P008,2,0,Espèces,48.0,M,3.0
T10217,2025-11-22 13:14,M03,P017,4,0,Espèces,18.0,F,5.0
T10218,2025-11-22 13:24,M06,P005,6,0,Mobile Money,35.0,F,4.0
T10219,2025-11-22 13:27,M01,P016,1,0,Mobile Money,40.0,F,2.0
T10220,2025-11-22 13:34,M05,P010,3,0,Mobile Money,31.0,M,3.0
T10221,2025-11-22 13:49,M05,P009,1,0,Mobile Money,45.0,M,4.0
T10222,2025-11-22 13:55,M05,P012,2,0,Espèces,49.0,M,3.0
T10223,2025-11-22 13:57,M03,P022,1,0,Espèces,24.0,M,
T10224,2025-11-22 15:12,M01,P001,2,0,Mobile Money,43.0,F,4.0
T10225,2025-11-22 15:22,M01,P009,3,0,Carte,34.0,M,5.0
T10226,2025-11-22 16:08,M01,P016,3,0,Espèces,37.0,F,5.0
T10227,2025-11-22 16:28,M01,P005,3,0,Espèces,29.0,F,3.0
T10228,2025-11-22 16:35,M05,P008,3,0,Espèces,48.0,F,3.0
T10229,2025-11-22 16:38,M04,P001,1,0,Espèces,23.0,F,2.0
T10230,2025-11-22 16:50,M05,P002,4,0,Espèces,46.0,M,3.0
T10231,2025-11-22 16:51,M04,P002,4,5,Mobile Money,35.0,M,2.0
T10232,2025-11-22 16:53,M06,P018,4,5,Mobile Money,41.0,F,4.0
T10233,2025-11-22 17:07,M01,P003,3,0,Mobile Money,45.0,F,2.0
T10234,2025-11-22 17:26,M04,P007,3,0,Espèces,45.0,F,3.0
T10235,2025-11-22 17:57,M02,P025,1,10,Carte,33.0,F,2.0
T10236,2025-11-22 17:58,M03,P005,3,0,Espèces,28.0,M,3.0
T10237,2025-11-22 18:16,M01,P009,6,0,Mobile Money,30.0,F,4.0
T10238,2025-11-22 18:19,M02,P017,1,0,Carte,41.0,M,4.0
T10239,2025-11-22 18:26,M05,P003,6,15,Mobile Money,17.0,M,4.0
T10240,2025-11-22 18:31,M05,P004,2,0,Espèces,36.0,M,4.0
T10241,2025-11-22 18:40,M01,P004,3,0,Mobile Money,28.0,M,2.0
T10243,2025-11-22 18:49,M01,P008,3,0,Espèces,41.0,M,5.0
T10242,2025-11-22 18:49,M05,P003,4,0,Espèces,50.0,F,4.0
T10244,2025-11-22 18:55,M03,P004,6,0,Espèces,33.0,M,3.0
T10245,2025-11-22 19:10,M02,P005,2,0,Espèces,49.0,F,2.0
T10246,2025-11-22 19:25,M04,P001,3,5,Mobile Money,36.0,F,2.0
T10247,2025-11-22 19:39,M02,P024,1,0,Espèces,36.0,F,3.0
T10248,2025-11-22 19:49,M02,P004,1,0,Mobile Money,53.0,M,3.0
T10249,2025-11-22 19:52,M02,P008,2,0,Mobile Money,37.0,F,4.0
T10250,2025-11-22 20:09,M03,P004,2,0,Espèces,16.0,F,3.0
T10251,2025-11-23 10:35,M02,P008,3,0,Espèces,37.0,F,5.0
T10252,2025-11-23 11:05,M03,P019,1,0,Espèces,29.0,F,3.0
T10253,2025-11-23 11:21,M05,P018,2,0,Espèces,21.0,F,4.0
T10254,2025-11-23 11:21,M06,P003,2,0,Espèces,30.0,M,3.0
T10255,2025-11-23 11:23,M01,P015,2,0,Mobile Money,48.0,F,3.0
T10256,2025-11-23 11:31,M03,P007,4,0,Espèces,47.0,F,4.0
T10257,2025-11-23 12:20,M05,P004,2,0,Mobile Money,44.0,F,3.0
T10258,2025-11-23 12:26,M04,P001,2,0,Espèces,44.0,M,2.0
T10259,2025-11-23 12:31,M01,P014,1,0,Espèces,46.0,F,4.0
T10260,2025-11-23 12:41,M01,P009,6,0,Carte,25.0,F,3.0
T10261,2025-11-23 12:44,M04,P007,2,0,Espèces,43.0,F,2.0
T10262,2025-11-23 12:57,M03,P007,2,0,Mobile Money,37.0,M,4.0
T10263,2025-11-23 13:14,M05,P006,6,0,Espèces,19.0,M,4.0
T10264,2025-11-23 13:17,M06,P014,1,0,Espèces,16.0,M,2.0
T10265,2025-11-23 13:31,M02,P009,4,0,Espèces,47.0,F,4.0
T10266,2025-11-23 13:49,M03,P007,5,0,Espèces,38.0,F,4.0
T10267,2025-11-23 14:19,M01,P012,3,0,Espèces,16.0,M,3.0
T10268,2025-11-23 14:20,M01,P026,1,0,Mobile Money,46.0,M,4.0
T10269,2025-11-23 14:21,M02,P025,1,0,Espèces,25.0,F,3.0
T10269,2025-11-23 14:21,M02,P025,1,0,Espèces,25.0,F,3.0
T10270,2025-11-23 16:03,M01,P002,2,5,Carte,16.0,F,2.0
T10271,2025-11-23 16:06,M01,P025,2,10,Carte,16.0,M,4.0
T10272,2025-11-23 16:56,M05,P009,4,0,Mobile Money,23.0,M,3.0
T10273,2025-11-23 16:59,M02,P012,4,0,Mobile Money,32.0,F,3.0
T10274,2025-11-23 17:03,M02,P022,1,0,Carte,19.0,M,4.0
T10275,2025-11-23 17:21,M02,P009,4,0,Espèces,39.0,F,4.0
T10276,2025-11-23 17:52,M03,P016,3,15,Mobile Money,41.0,M,2.0
T10277,2025-11-23 17:54,M01,P006,2,0,Mobile Money,32.0,M,2.0
T10278,2025-11-23 17:57,M02,P026,1,0,Carte,33.0,F,3.0
T10279,2025-11-23 18:09,M03,P016,4,0,Mobile Money,27.0,F,5.0
T10280,2025-11-23 18:14,M02,P014,2,0,Espèces,17.0,M,2.0
T10281,2025-11-23 18:18,M03,P001,2,0,Mobile Money,38.0,M,3.0
T10282,2025-11-23 18:36,M01,P001,3,0,Espèces,32.0,F,3.0
T10283,2025-11-23 18:41,M01,P002,4,0,Carte,23.0,M,3.0
T10283,2025-11-23 18:41,M01,P002,4,0,Carte,23.0,M,3.0
T10284,2025-11-23 18:41,M04,P002,3,0,Mobile Money,35.0,F,2.0
T10285,2025-11-23 19:01,M02,P003,4,0,Espèces,44.0,M,3.0
T10286,2025-11-23 19:05,M03,P010,6,15,Espèces,35.0,M,4.0
T10287,2025-11-23 19:14,M01,P014,3,0,Mobile Money,45.0,F,4.0
T10288,2025-11-23 19:21,M06,P011,-1,0,Mobile Money,26.0,M,3.0
T10289,2025-11-23 19:45,M01,P015,3,0,Mobile Money,45.0,M,4.0
T10290,2025-11-23 19:52,M01,P019,1,0,Mobile Money,21.0,F,4.0
T10291,2025-11-23 19:57,M04,P016,1,0,Mobile Money,32.0,M,2.0
T10292,2025-11-23 20:09,M06,P010,4,10,Mobile Money,34.0,M,4.0
T10293,2025-11-24 11:33,M03,P018,3,0,Espèces,49.0,M,4.0
T10294,2025-11-24 12:02,M01,P020,1,0,Espèces,44.0,F,3.0
T10295,2025-11-24 12:04,M01,P009,2,0,Espèces,32.0,M,2.0
T10296,2025-11-24 12:24,M04,P003,2,10,Espèces,28.0,F,3.0
T10297,2025-11-24 12:30,M04,P001,2,0,Mobile Money,39.0,F,2.0
T10298,2025-11-24 12:43,M03,P011,2,10,Espèces,27.0,F,3.0
T10299,2025-11-24 13:01,M01,P009,5,0,Mobile Money,46.0,M,4.0
T10300,2025-11-24 13:02,M04,P020,1,0,Espèces,27.0,F,2.0
T10301,2025-11-24 13:12,M05,P018,3,0,Mobile Money,28.0,F,2.0
T10302,2025-11-24 13:21,M01,P004,2,0,Espèces,55.0,M,4.0
T10303,2025-11-24 13:24,M05,P027,1,0,Mobile Money,27.0,F,4.0
T10304,2025-11-24 13:37,M04,P002,4,0,Espèces,25.0,M,2.0
T10305,2025-11-24 13:41,M05,P001,3,0,Espèces,28.0,F,5.0
T10306,2025-11-24 14:24,M05,P008,1,0,Mobile Money,26.0,M,5.0
T10307,2025-11-24 14:43,M01,P011,3,0,Mobile Money,42.0,F,4.0
T10308,2025-11-24 15:00,M02,P001,1,10,Mobile Money,22.0,M,4.0
T10309,2025-11-24 15:38,M02,P017,3,5,Mobile Money,24.0,F,4.0
T10310,2025-11-24 15:54,M01,P027,1,0,Carte,29.0,F,5.0
T10311,2025-11-24 15:56,M01,P008,4,5,Espèces,31.0,F,3.0
T10312,2025-11-24 16:22,M03,P007,5,5,Mobile Money,31.0,F,4.0
T10313,2025-11-24 16:25,M02,P010,1,0,Espèces,44.0,F,3.0
T10314,2025-11-24 17:38,M01,P001,2,0,Mobile Money,21.0,M,3.0
T10315,2025-11-24 17:42,M03,P007,7,10,Mobile Money,51.0,M,3.0
T10316,2025-11-24 18:13,M05,P027,1,0,Espèces,31.0,F,5.0
T10317,2025-11-24 18:39,M03,P016,3,10,Mobile Money,31.0,F,4.0
T10318,2025-11-24 18:42,M05,P017,1,5,Mobile Money,24.0,M,5.0
T10319,2025-11-24 18:46,M05,P017,5,10,Mobile Money,32.0,M,3.0
T10320,2025-11-24 19:55,M04,P012,3,5,Espèces,30.0,F,4.0
T10321,2025-11-24 20:28,M04,P019,1,0,Espèces,27.0,M,3.0
T10322,2025-11-24 21:47,M01,P020,1,0,Carte,29.0,F,3.0
T10323,2025-11-25 11:41,M06,P010,2,0,Espèces,50.0,M,3.0
T10324,2025-11-25 12:09,M01,P012,4,0,Mobile Money,22.0,F,4.0
T10325,2025-11-25 12:18,M01,P016,5,0,Espèces,36.0,F,2.0
T10326,2025-11-25 12:50,M04,P012,4,0,Espèces,35.0,M,4.0
T10327,2025-11-25 13:19,M06,P008,2,0,Espèces,24.0,F,3.0
T10328,2025-11-25 13:24,M06,P004,4,0,Mobile Money,31.0,M,5.0
T10329,2025-11-25 15:11,M06,P001,5,0,Mobile Money,43.0,M,3.0
T10330,2025-11-25 15:24,M04,P003,2,0,Espèces,32.0,M,3.0
T10331,2025-11-25 15:53,M03,P024,1,0,Espèces,23.0,F,3.0
T10332,2025-11-25 15:56,M01,P009,2,5,Espèces,38.0,F,3.0
T10334,2025-11-25 16:00,M06,P020,1,0,Espèces,25.0,F,2.0
T10333,2025-11-25 16:00,M02,P007,2,0,Espèces,22.0,M,5.0
T10335,2025-11-25 16:16,M05,P010,3,0,Espèces,40.0,M,4.0
T10336,2025-11-25 16:28,M03,P002,4,0,Espèces,31.0,M,2.0
T10337,2025-11-25 16:30,M04,P005,2,0,Espèces,32.0,F,2.0
T10338,2025-11-25 16:32,M02,P027,3,15,Mobile Money,16.0,M,4.0
T10339,2025-11-25 16:39,M03,P009,1,5,Espèces,56.0,F,5.0
T10341,2025-11-25 16:51,M06,P010,2,0,Espèces,48.0,M,5.0
T10340,2025-11-25 16:51,M01,P012,3,5,Mobile Money,34.0,M,4.0
T10342,2025-11-25 17:12,M02,P002,4,5,Espèces,16.0,M,4.0
T10343,2025-11-25 17:12,M04,P007,3,0,Mobile Money,23.0,M,2.0
T10344,2025-11-25 17:37,M05,P007,2,0,Espèces,20.0,F,4.0
T10345,2025-11-25 17:42,M01,P005,2,5,Espèces,44.0,F,5.0
T10346,2025-11-25 17:44,M02,P008,2,0,Mobile Money,22.0,M,4.0
T10347,2025-11-25 17:51,M01,P010,3,0,Espèces,34.0,M,3.0
T10348,2025-11-25 18:24,M04,P004,3,0,Mobile Money,16.0,M,2.0
T10349,2025-11-25 19:05,M03,P009,2,5,Mobile Money,29.0,F,3.0
T10350,2025-11-25 19:07,M05,P002,5,15,Mobile Money,51.0,F,3.0
T10351,2025-11-25 19:36,M04,P020,1,0,Mobile Money,30.0,F,2.0
T10352,2025-11-25 19:51,M01,P027,1,0,Mobile Money,24.0,F,2.0
T10353,2025-11-25 19:51,M05,P014,1,0,Espèces,26.0,M,5.0
T10354,2025-11-26 10:00,M02,P012,3,0,Espèces,16.0,F,3.0
T10355,2025-11-26 12:18,M01,P004,2,0,Mobile Money,59.0,F,2.0
T10356,2025-11-26 12:52,M03,P019,1,0,Mobile Money,34.0,F,2.0
T10357,2025-11-26 14:09,M02,P001,3,0,Espèces,21.0,F,4.0
T10358,2025-11-26 14:41,M06,P008,2,5,Mobile Money,25.0,M,4.0
T10359,2025-11-26 15:06,M06,P001,2,0,Espèces,33.0,F,4.0
T10360,2025-11-26 16:03,M01,P018,1,0,Mobile Money,28.0,M,3.0
T10361,2025-11-26 16:08,M01,P002,6,0,Mobile Money,,M,4.0
T10362,2025-11-26 16:27,M03,P008,5,10,Mobile Money,28.0,F,4.0
T10363,2025-11-26 17:15,M06,P004,1,0,Mobile Money,33.0,M,3.0
T10364,2025-11-26 17:18,M04,P003,3,0,Mobile Money,39.0,M,2.0
T10365,2025-11-26 17:26,M02,P006,5,0,Carte,30.0,M,3.0
T10366,2025-11-26 17:41,M04,P007,2,0,Espèces,36.0,M,3.0
T10368,2025-11-26 18:03,M01,P004,1,0,Espèces,26.0,F,4.0
T10367,2025-11-26 18:03,M03,P014,4,15,Mobile Money,48.0,F,4.0
T10369,2025-11-26 18:11,M01,P001,4,0,Mobile Money,38.0,F,5.0
T10370,2025-11-26 18:21,M03,P018,1,0,Mobile Money,26.0,F,5.0
T10371,2025-11-26 18:27,M03,P005,1,0,Mobile Money,34.0,F,3.0
T10372,2025-11-26 18:30,M06,P025,1,0,espèces,34.0,M,3.0
T10373,2025-11-26 19:00,M01,P008,5,10,Mobile Money,54.0,F,5.0
T10374,2025-11-26 19:11,M02,P023,1,0,Mobile Money,21.0,M,4.0
T10375,2025-11-26 19:12,M01,P010,5,0,Espèces,41.0,F,3.0
T10376,2025-11-26 19:50,M05,P026,1,0,Espèces,,F,3.0
T10377,2025-11-26 20:10,M03,P008,1,0,Espèces,35.0,F,4.0
T10378,2025-11-27 10:02,M05,P024,1,5,Espèces,27.0,F,2.0
T10379,2025-11-27 10:42,M01,P009,1,0,mobile money,35.0,F,4.0
T10380,2025-11-27 11:24,M02,P004,3,0,Mobile Money,27.0,F,4.0
T10381,2025-11-27 11:24,M02,P027,1,0,Mobile Money,41.0,M,4.0
T10382,2025-11-27 11:44,M03,P005,2,5,Mobile Money,57.0,M,4.0
T10383,2025-11-27 12:04,M01,P009,1,0,Mobile Money,24.0,M,4.0
T10384,2025-11-27 12:25,M06,P003,4,10,Mobile Money,22.0,M,3.0
T10385,2025-11-27 12:30,M06,P006,3,0,Espèces,38.0,M,4.0
T10386,2025-11-27 13:13,M01,P008,2,0,Espèces,19.0,F,4.0
T10386,2025-11-27 13:13,M01,P008,2,0,Espèces,19.0,F,4.0
T10387,2025-11-27 13:26,M05,P003,2,0,Carte,30.0,F,4.0
T10388,2025-11-27 15:18,M01,P002,3,15,Mobile Money,42.0,F,5.0
T10389,2025-11-27 15:24,M01,P022,1,15,Espèces,37.0,M,5.0
T10390,2025-11-27 16:21,M02,P014,2,0,Mobile Money,28.0,F,4.0
T10391,2025-11-27 16:30,M04,P004,3,10,Mobile Money,34.0,M,1.0
T10392,2025-11-27 17:29,M01,P009,2,0,Espèces,28.0,M,3.0
T10393,2025-11-27 17:41,M01,P023,1,5,Mobile Money,29.0,F,2.0
T10394,2025-11-27 17:48,M03,P004,2,15,Mobile Money,40.0,F,2.0
T10395,2025-11-27 17:51,M03,P014,1,5,Mobile Money,46.0,M,3.0
T10396,2025-11-27 18:05,M01,P001,4,0,Mobile Money,34.0,F,4.0
T10397,2025-11-27 18:13,M01,P002,3,0,Mobile Money,30.0,M,4.0
T10398,2025-11-27 18:16,M04,P010,4,0,Mobile Money,34.0,M,2.0
T10399,2025-11-27 18:19,M03,P005,2,5,Espèces,36.0,M,3.0
T10400,2025-11-27 18:43,M05,P006,1,0,Espèces,18.0,F,4.0
T10401,2025-11-27 18:51,M01,P021,1,0,Espèces,22.0,F,3.0
T10402,2025-11-27 18:54,M03,P016,5,5,Mobile Money,29.0,F,2.0
T10403,2025-11-27 18:56,M04,P009,1,0,Espèces,57.0,M,2.0
T10404,2025-11-27 19:00,M06,P004,1,0,Espèces,38.0,F,3.0
T10405,2025-11-27 19:00,M01,P009,4,15,Mobile Money,45.0,M,2.0
T10406,2025-11-27 20:31,M03,P002,4,0,Espèces,43.0,F,4.0
T10407,2025-11-27 20:35,M03,P026,1,0,Espèces,24.0,F,2.0
T10408,2025-11-28 10:52,M02,P011,3,15,Mobile Money,28.0,M,3.0
T10409,2025-11-28 10:58,M05,P010,3,0,Mobile Money,45.0,M,5.0
T10410,2025-11-28 11:08,M06,P001,2,0,Espèces,32.0,M,3.0
T10411,2025-11-28 11:38,M02,P020,1,5,Espèces,29.0,F,4.0
T10412,2025-11-28 11:53,M04,P008,3,5,Espèces,39.0,F,4.0
T10413,2025-11-28 11:55,M05,P009,2,5,Mobile Money,30.0,M,2.0
T10414,2025-11-28 12:26,M05,P004,3,0,Espèces,41.0,F,4.0
T10415,2025-11-28 12:34,M06,P023,1,0,Carte,25.0,F,4.0
T10416,2025-11-28 12:35,M03,P002,1,0,Mobile Money,41.0,M,5.0
T10417,2025-11-28 12:43,M01,P002,2,0,Espèces,25.0,M,2.0
T10418,2025-11-28 13:02,M05,P009,2,0,Mobile Money,28.0,M,4.0
T10419,2025-11-28 13:58,M02,P009,4,0,Espèces,48.0,F,3.0
T10420,2025-11-28 13:59,M01,P004,6,0,Carte,32.0,M,5.0
T10421,2025-11-28 14:10,M03,P001,3,0,Mobile Money,49.0,M,4.0
T10422,2025-11-28 14:21,M03,P004,4,0,Espèces,34.0,M,4.0
T10423,2025-11-28 14:57,M02,P003,1,0,Mobile Money,50.0,M,5.0
T10424,2025-11-28 16:28,M01,P015,2,0,Carte,31.0,F,3.0
T10425,2025-11-28 16:56,M03,P010,4,5,Mobile Money,27.0,M,3.0
T10426,2025-11-28 17:09,M06,P001,4,15,Espèces,24.0,F,4.0
T10427,2025-11-28 17:12,M01,P003,2,5,Mobile Money,26.0,M,5.0
T10428,2025-11-28 17:20,M01,P015,1,5,Mobile Money,20.0,M,4.0
T10429,2025-11-28 17:23,M06,P025,1,0,Mobile Money,29.0,F,4.0
T10430,2025-11-28 17:35,M05,P012,3,5,Mobile Money,31.0,F,3.0
T10431,2025-11-28 17:53,M03,P001,3,10,Espèces,25.0,F,3.0
T10432,2025-11-28 17:53,M06,P008,2,10,Mobile Money,44.0,M,4.0
T10433,2025-11-28 17:55,M01,P010,4,5,Espèces,31.0,F,4.0
T10434,2025-11-28 17:58,M01,P006,3,10,Mobile Money,37.0,F,5.0
T10435,2025-11-28 18:13,M01,P015,2,0,Mobile Money,27.0,M,3.0
T10436,2025-11-28 18:23,M03,P015,2,0,Espèces,43.0,M,2.0
T10437,2025-11-28 18:29,M01,P027,1,0,Espèces,,F,4.0
T10438,2025-11-28 18:39,M03,P007,3,0,Espèces,54.0,M,3.0
T10439,2025-11-28 18:42,M01,P009,4,0,Espèces,36.0,F,4.0
T10440,2025-11-28 19:14,M01,P010,4,0,Espèces,23.0,F,5.0
T10441,2025-11-28 19:39,M01,P018,3,0,Mobile Money,,F,3.0
T10442,2025-11-28 19:43,M04,P001,1,0,Espèces,18.0,F,1.0
T10443,2025-11-28 20:07,M02,P006,4,0,Espèces,34.0,F,5.0
T10444,2025-11-28 20:49,M06,P007,5,0,Mobile Money,36.0,F,4.0
T10445,2025-11-28 21:03,M01,P004,4,0,Mobile Money,35.0,F,4.0
T10446,2025-11-29 09:33,M01,P016,4,0,Espèces,23.0,F,5.0
T10447,2025-11-29 10:28,M06,P001,4,0,Espèces,40.0,F,5.0
T10448,2025-11-29 10:52,M04,P010,4,0,Mobile Money,20.0,M,4.0
T10449,2025-11-29 11:35,M02,P012,1,0,Espèces,53.0,F,3.0
T10450,2025-11-29 11:42,M06,P014,1,10,Espèces,36.0,F,3.0
T10451,2025-11-29 11:51,M05,P004,2,5,Espèces,49.0,F,5.0
T10452,2025-11-29 12:20,M01,P017,2,0,Espèces,46.0,F,4.0
T10453,2025-11-29 13:03,M01,P017,2,0,Carte,38.0,F,4.0
T10454,2025-11-29 13:14,M03,P001,4,0,Espèces,36.0,F,4.0
T10455,2025-11-29 14:23,M01,P015,4,15,Espèces,24.0,F,5.0
T10456,2025-11-29 14:57,M02,P006,3,10,Espèces,16.0,F,3.0
T10457,2025-11-29 15:01,M01,P014,3,0,Carte,31.0,F,3.0
T10458,2025-11-29 15:29,M03,P008,2,0,Espèces,28.0,F,3.0
T10459,2025-11-29 16:20,M05,P004,1,0,Mobile Money,33.0,F,3.0
T10460,2025-11-29 16:21,M06,P005,3,0,Mobile Money,40.0,F,5.0
T10461,2025-11-29 16:39,M01,P006,3,0,Mobile Money,27.0,F,5.0
T10462,2025-11-29 16:43,M02,P026,1,0,Espèces,23.0,M,2.0
T10463,2025-11-29 17:17,M03,P006,3,0,Mobile Money,29.0,M,3.0
T10464,2025-11-29 17:23,M02,P005,2,0,Mobile Money,27.0,F,4.0
T10465,2025-11-29 17:26,M04,P011,1,0,Mobile Money,40.0,F,3.0
T10466,2025-11-29 17:28,M02,P017,3,0,Mobile Money,18.0,F,4.0
T10467,2025-11-29 17:32,M02,P015,6,0,Carte,25.0,F,3.0
T10468,2025-11-29 17:36,M05,P021,1,0,Espèces,31.0,F,4.0
T10469,2025-11-29 17:50,M02,P005,1,0,Mobile Money,32.0,F,5.0
T10470,2025-11-29 17:57,M03,P016,4,5,Espèces,31.0,F,3.0
T10471,2025-11-29 18:10,M02,P019,1,0,Espèces,21.0,F,4.0
T10472,2025-11-29 18:16,M06,P010,2,0,Mobile Money,49.0,M,4.0
T10473,2025-11-29 18:17,M06,P019,1,0,Mobile Money,25.0,F,3.0
T10474,2025-11-29 18:26,M06,P008,2,0,Mobile Money,27.0,M,4.0
T10475,2025-11-29 18:57,M03,P014,2,0,Mobile Money,16.0,M,3.0
T10476,2025-11-29 18:59,M01,P010,2,0,Mobile Money,36.0,M,5.0
T10477,2025-11-29 19:00,M02,P006,4,0,Espèces,33.0,M,4.0
T10478,2025-11-29 19:03,M06,P010,2,0,Mobile Money,32.0,M,2.0
T10479,2025-11-29 19:07,M04,P017,3,0,Espèces,19.0,F,3.0
T10480,2025-11-29 19:17,M01,P002,4,10,Mobile Money,36.0,F,2.0
T10481,2025-11-29 19:20,M05,P025,1,0,Mobile Money,39.0,M,4.0
T10482,2025-11-29 19:24,M01,P024,1,10,Espèces,39.0,F,2.0
T10483,2025-11-29 19:26,M02,P006,1,5,Mobile Money,33.0,F,4.0
T10484,2025-11-29 19:33,M03,P022,1,0,Carte,38.0,F,2.0
T10485,2025-11-29 19:45,M03,P012,1,0,Carte,29.0,F,5.0
T10486,2025-11-29 19:56,M01,P023,1,0,Espèces,30.0,M,1.0
T10487,2025-11-29 20:13,M05,P008,2,0,Espèces,21.0,F,4.0
T10488,2025-11-29 20:15,M04,P003,3,10,Mobile Money,32.0,F,1.0
T10489,2025-11-30 09:31,M04,P005,3,0,Espèces,53.0,F,3.0
T10490,2025-11-30 10:17,M06,P014,2,0,Espèces,18.0,M,4.0
T10491,2025-11-30 10:54,M06,P020,1,0,Mobile Money,35.0,M,3.0
T10492,2025-11-30 11:16,M06,P002,1,0,Espèces,30.0,F,3.0
T10493,2025-11-30 11:55,M01,P018,1,0,Carte,26.0,M,2.0
T10494,2025-11-30 12:06,M06,P014,3,0,Mobile Money,36.0,F,4.0
T10495,2025-11-30 12:56,M01,P017,4,10,Espèces,36.0,F,5.0
T10496,2025-11-30 13:08,M01,P025,1,0,Espèces,42.0,F,5.0
T10497,2025-11-30 13:08,M03,P005,1,0,Mobile Money,16.0,M,3.0
T10498,2025-11-30 14:53,M03,P008,3,0,Espèces,44.0,F,3.0
T10499,2025-11-30 15:24,M03,P016,2,0,Mobile Money,36.0,M,3.0
T10500,2025-11-30 16:19,M01,P005,6,0,Mobile Money,36.0,F,3.0
T10501,2025-11-30 16:23,M02,P012,4,0,Mobile Money,34.0,M,4.0
T10502,2025-11-30 16:29,M03,P002,1,0,Mobile Money,33.0,F,5.0
T10503,2025-11-30 16:31,M06,P009,2,0,Espèces,34.0,F,5.0
T10504,2025-11-30 16:47,M04,P001,1,0,Espèces,48.0,M,2.0
T10505,2025-11-30 16:52,M01,P001,1,0,Mobile Money,55.0,M,5.0
T10506,2025-11-30 16:58,M06,P016,1,0,Espèces,48.0,F,4.0
T10507,2025-11-30 16:59,M01,P022,1,0,mobile money,16.0,F,3.0
T10508,2025-11-30 17:09,M01,P013,3,0,Espèces,34.0,F,3.0
T10509,2025-11-30 17:34,M04,P017,4,0,Espèces,16.0,F,1.0
T10510,2025-11-30 17:45,M06,P010,5,0,Espèces,46.0,M,5.0
T10511,2025-11-30 18:08,M04,P020,1,0,Espèces,16.0,F,3.0
T10512,2025-11-30 18:14,M01,P010,2,0,Carte,49.0,M,4.0
T10513,2025-11-30 18:29,M04,P010,4,5,Espèces,20.0,F,3.0
T10514,2025-11-30 18:36,M02,P004,4,0,Espèces,33.0,M,3.0
T10515,2025-11-30 19:17,M03,P020,1,0,Espèces,28.0,F,5.0
T10516,2025-11-30 19:31,M05,P003,4,10,Espèces,26.0,F,3.0
T10517,2025-11-30 19:32,M01,P001,2,5,Carte,37.0,M,5.0
T10518,2025-11-30 19:52,M01,P001,1,0,Carte,35.0,F,2.0
T10519,2025-11-30 20:03,M01,P027,1,0,Carte,43.0,F,5.0
T10520,2025-11-30 20:10,M04,P005,1,0,Mobile Money,28.0,F,2.0
T10521,2025-12-01 11:13,M01,P005,1,0,Mobile Money,36.0,F,3.0
T10522,2025-12-01 11:18,M02,P002,5,10,Espèces,62.0,F,4.0
T10523,2025-12-01 11:34,M03,P012,1,0,Mobile Money,35.0,M,4.0
T10524,2025-12-01 12:06,M02,P010,1,0,Mobile Money,20.0,M,3.0
T10525,2025-12-01 12:08,M03,P005,2,0,Mobile Money,45.0,F,5.0
T10526,2025-12-01 12:16,M05,P017,1,0,Mobile Money,33.0,M,4.0
T10527,2025-12-01 12:23,M06,P016,2,10,Espèces,,M,3.0
T10528,2025-12-01 12:28,M02,P008,2,5,Mobile Money,37.0,M,2.0
T10529,2025-12-01 12:30,M02,P003,1,0,Carte,,F,4.0
T10530,2025-12-01 12:38,M02,P009,2,5,Espèces,34.0,F,2.0
T10531,2025-12-01 12:46,M03,P003,2,10,Mobile Money,42.0,M,3.0
T10532,2025-12-01 12:58,M01,P010,5,10,Mobile Money,29.0,F,4.0
T10533,2025-12-01 13:08,M06,P027,1,0,Carte,22.0,M,3.0
T10534,2025-12-01 13:54,M06,P008,2,10,Mobile Money,48.0,F,4.0
T10535,2025-12-01 15:37,M03,P012,3,10,Mobile Money,32.0,F,2.0
T10537,2025-12-01 16:04,M04,P003,1,0,Mobile Money,26.0,M,2.0
T10536,2025-12-01 16:04,M06,P003,1,0,Espèces,30.0,F,5.0
T10538,2025-12-01 16:19,M04,P001,6,0,Mobile Money,24.0,F,3.0
T10540,2025-12-01 16:30,M01,P017,5,10,Espèces,36.0,M,1.0
T10539,2025-12-01 16:30,M03,P016,3,0,Mobile Money,34.0,F,2.0
T10541,2025-12-01 17:00,M05,P012,5,5,Mobile Money,26.0,M,2.0
T10542,2025-12-01 17:23,M01,P002,3,0,Espèces,38.0,M,5.0
T10543,2025-12-01 17:41,M05,P019,1,0,Mobile Money,21.0,M,5.0
T10544,2025-12-01 18:09,M01,P017,4,0,Espèces,27.0,F,3.0
T10545,2025-12-01 18:17,M03,P007,5,15,Carte,20.0,F,4.0
T10546,2025-12-01 18:19,M01,P021,1,15,Espèces,22.0,F,2.0
T10547,2025-12-01 18:21,M01,P018,2,0,Espèces,29.0,M,5.0
T10548,2025-12-01 18:25,M01,P004,2,0,Mobile Money,19.0,M,4.0
T10549,2025-12-01 18:55,M01,P001,2,5,Espèces,31.0,M,3.0
T10550,2025-12-01 19:02,M01,P025,3,15,Carte,47.0,F,3.0
T10551,2025-12-01 19:29,M04,P001,2,5,Espèces,28.0,F,1.0
T10552,2025-12-01 20:27,M06,P006,3,10,Espèces,37.0,F,3.0
T10553,2025-12-01 20:31,M03,P013,1,0,Mobile Money,33.0,M,3.0
T10554,2025-12-01 21:01,M05,P004,1,0,Carte,35.0,M,2.0
T10555,2025-12-02 10:07,M06,P002,4,0,Espèces,37.0,F,3.0
T10556,2025-12-02 10:26,M02,P014,2,5,Mobile Money,50.0,F,4.0
T10557,2025-12-02 10:38,M03,P012,2,0,Carte,16.0,F,5.0
T10558,2025-12-02 10:39,M03,P020,1,0,Carte,26.0,F,4.0
T10559,2025-12-02 10:55,M02,P012,6,10,Mobile Money,45.0,M,4.0
T10560,2025-12-02 11:05,M02,P027,1,10,Carte,35.0,F,4.0
T10561,2025-12-02 11:14,M01,P001,2,5,Carte,41.0,M,4.0
T10562,2025-12-02 11:38,M05,P010,2,0,Mobile Money,26.0,M,4.0
T10563,2025-12-02 11:48,M05,P015,5,0,Mobile Money,47.0,F,3.0
T10564,2025-12-02 12:00,M05,P022,1,0,Mobile Money,23.0,M,5.0
T10565,2025-12-02 12:38,M06,P024,1,0,Mobile Money,41.0,F,4.0
T10566,2025-12-02 12:39,M01,P007,1,0,Mobile Money,34.0,M,4.0
T10567,2025-12-02 12:41,M06,P005,2,0,Espèces,45.0,F,4.0
T10568,2025-12-02 12:43,M02,P020,2,10,Mobile Money,16.0,M,4.0
T10569,2025-12-02 12:47,M03,P003,1,5,Carte,23.0,M,3.0
T10570,2025-12-02 12:53,M02,P025,1,5,Espèces,30.0,M,4.0
T10571,2025-12-02 13:14,M05,P017,4,10,Mobile Money,32.0,M,4.0
T10572,2025-12-02 14:16,M05,P027,3,10,Espèces,28.0,F,3.0
T10573,2025-12-02 14:32,M01,P018,3,15,Mobile Money,49.0,M,3.0
T10574,2025-12-02 15:50,M03,P018,1,0,Espèces,45.0,M,5.0
T10575,2025-12-02 16:16,M03,P001,1,0,Carte,25.0,M,3.0
T10576,2025-12-02 16:39,M03,P014,1,0,Espèces,43.0,F,2.0
T10577,2025-12-02 17:13,M04,P014,2,0,Espèces,16.0,M,1.0
T10578,2025-12-02 17:15,M05,P002,7,10,Mobile Money,29.0,F,4.0
T10579,2025-12-02 17:21,M05,P013,2,10,Mobile Money,35.0,F,4.0
T10580,2025-12-02 17:24,M05,P013,1,0,Espèces,43.0,M,4.0
T10581,2025-12-02 17:27,M05,P027,2,15,Mobile Money,39.0,M,3.0
T10582,2025-12-02 17:32,M03,P020,1,0,Espèces,29.0,F,4.0
T10583,2025-12-02 17:45,M01,P012,1,0,Mobile Money,25.0,M,4.0
T10584,2025-12-02 17:47,M01,P017,1,0,Mobile Money,48.0,F,5.0
T10585,2025-12-02 17:52,M04,P004,5,10,Mobile Money,17.0,M,2.0
T10586,2025-12-02 17:57,M03,P018,2,5,Mobile Money,37.0,M,3.0
T10587,2025-12-02 18:11,M03,P013,2,10,Espèces,36.0,M,4.0
T10588,2025-12-02 18:23,M01,P009,2,5,Mobile Money,34.0,M,4.0
T10589,2025-12-02 18:41,M05,P023,1,0,Mobile Money,29.0,M,2.0
T10590,2025-12-02 18:43,M03,P009,4,0,Espèces,31.0,M,3.0
T10591,2025-12-02 18:50,M01,P011,2,0,Espèces,34.0,F,5.0
T10592,2025-12-02 19:03,M05,P016,2,0,Mobile Money,35.0,F,4.0
T10593,2025-12-02 19:20,M02,P002,3,10,Carte,26.0,M,2.0
T10594,2025-12-02 19:34,M03,P019,1,5,Espèces,28.0,M,2.0
T10595,2025-12-02 19:47,M01,P012,6,10,Espèces,35.0,F,4.0
T10596,2025-12-02 20:15,M01,P008,4,10,Mobile Money,16.0,F,4.0
T10597,2025-12-02 20:23,M01,P004,3,10,Mobile Money,35.0,F,5.0
T10598,2025-12-03 10:12,M01,P003,5,10,Mobile Money,43.0,F,2.0
T10599,2025-12-03 10:29,M06,P008,2,0,Mobile Money,25.0,F,4.0
T10600,2025-12-03 10:59,M06,P002,3,0,Espèces,34.0,F,4.0
T10601,2025-12-03 11:47,M04,P020,1,15,Mobile Money,24.0,M,3.0
T10602,2025-12-03 11:55,M03,P021,1,5,Espèces,42.0,F,4.0
T10603,2025-12-03 12:13,M04,P023,1,0,Mobile Money,21.0,M,3.0
T10604,2025-12-03 12:42,M05,P012,2,0,Espèces,34.0,F,4.0
T10605,2025-12-03 12:44,M02,P016,3,0,Mobile Money,16.0,M,3.0
T10606,2025-12-03 13:02,M01,P002,2,10,Espèces,32.0,F,5.0
T10607,2025-12-03 13:45,M01,P009,3,10,Carte,26.0,F,3.0
T10608,2025-12-03 14:03,M01,P001,1,0,Carte,33.0,M,5.0
T10609,2025-12-03 14:15,M04,P005,4,5,Espèces,34.0,M,3.0
T10610,2025-12-03 14:28,M04,P001,1,5,Espèces,36.0,F,3.0
T10611,2025-12-03 14:33,M02,P003,5,10,Mobile Money,30.0,F,4.0
T10612,2025-12-03 15:17,M01,P012,4,10,Espèces,40.0,F,5.0
T10613,2025-12-03 15:55,M04,P011,3,0,Mobile Money,16.0,F,4.0
T10614,2025-12-03 16:19,M01,P012,4,5,Espèces,23.0,F,4.0
T10615,2025-12-03 16:38,M04,P016,4,0,Mobile Money,28.0,M,3.0
T10616,2025-12-03 16:42,M02,P014,3,0,Espèces,16.0,F,5.0
T10617,2025-12-03 16:44,M02,P011,2,5,Mobile Money,18.0,F,2.0
T10618,2025-12-03 16:49,M01,P007,2,10,Espèces,28.0,M,3.0
T10619,2025-12-03 17:12,M01,P003,3,0,Mobile Money,33.0,F,4.0
T10620,2025-12-03 17:14,M02,P009,3,0,Espèces,24.0,M,2.0
T10621,2025-12-03 17:25,M06,P011,1,5,Mobile Money,40.0,F,3.0
T10622,2025-12-03 17:40,M02,P014,3,15,Mobile Money,43.0,M,3.0
T10623,2025-12-03 17:43,M03,P004,3,0,Mobile Money,41.0,M,3.0
T10624,2025-12-03 17:49,M01,P010,2,0,Mobile Money,39.0,M,5.0
T10625,2025-12-03 17:54,M04,P018,1,0,Espèces,26.0,F,3.0
T10626,2025-12-03 18:04,M01,P007,2,0,Espèces,32.0,F,4.0
T10627,2025-12-03 18:11,M03,P007,4,10,Carte,32.0,F,4.0
T10628,2025-12-03 18:47,M02,P014,3,5,Mobile Money,35.0,F,3.0
T10629,2025-12-03 19:09,M02,P012,2,5,Mobile Money,29.0,F,2.0
T10630,2025-12-03 19:25,M03,P001,1,5,carte,48.0,F,3.0
T10631,2025-12-03 19:39,M01,P022,1,0,Carte,42.0,F,4.0
T10632,2025-12-03 19:50,M01,P016,3,0,Carte,26.0,F,4.0
T10633,2025-12-03 20:16,M01,P001,3,5,Mobile Money,43.0,F,3.0
T10634,2025-12-03 20:25,M01,P003,3,5,Mobile Money,36.0,M,3.0
T10635,2025-12-03 20:36,M04,P003,2,0,Mobile Money,33.0,M,2.0
T10636,2025-12-03 21:14,M03,P001,2,0,Espèces,24.0,M,4.0
T10637,2025-12-04 11:13,M01,P012,4,10,Mobile Money,33.0,F,4.0
T10638,2025-12-04 11:16,M01,P008,3,10,Mobile Money,50.0,F,3.0
T10639,2025-12-04 11:44,M01,P017,5,0,Espèces,34.0,M,4.0
T10640,2025-12-04 12:09,M03,P003,5,10,Espèces,40.0,M,4.0
T10641,2025-12-04 12:27,M01,P010,4,0,Mobile Money,40.0,F,3.0
T10642,2025-12-04 12:47,M01,P027,1,5,Mobile Money,33.0,F,4.0
T10643,2025-12-04 13:05,M04,P017,1,0,Mobile Money,24.0,M,2.0
T10644,2025-12-04 13:20,M06,P010,5,15,Espèces,40.0,M,4.0
T10645,2025-12-04 13:21,M02,P025,1,0,Espèces,33.0,M,2.0
T10646,2025-12-04 13:22,M01,P005,3,0,Espèces,33.0,M,4.0
T10647,2025-12-04 13:54,M03,P009,2,5,Espèces,41.0,M,4.0
T10648,2025-12-04 14:10,M01,P014,2,0,Carte,26.0,F,4.0
T10649,2025-12-04 14:12,M04,P012,3,10,Mobile Money,33.0,F,3.0
T10650,2025-12-04 14:12,M02,P011,4,5,Mobile Money,36.0,M,3.0
T10651,2025-12-04 15:03,M03,P012,2,5,Mobile Money,21.0,M,3.0
T10652,2025-12-04 16:52,M06,P008,3,0,Espèces,28.0,F,5.0
T10653,2025-12-04 16:54,M04,P018,1,0,Mobile Money,49.0,F,4.0
T10654,2025-12-04 17:15,M02,P001,6,5,Mobile Money,29.0,F,2.0
T10655,2025-12-04 17:21,M02,P005,5,10,Mobile Money,39.0,F,4.0
T10656,2025-12-04 17:24,M01,P024,1,0,Espèces,23.0,F,2.0
T10657,2025-12-04 17:32,M02,P014,5,15,Mobile Money,22.0,F,3.0
T10658,2025-12-04 17:34,M03,P012,2,0,Mobile Money,48.0,F,2.0
T10659,2025-12-04 17:42,M02,P009,2,0,Mobile Money,52.0,F,5.0
T10660,2025-12-04 17:44,M03,P018,7,10,Mobile Money,34.0,M,4.0
T10661,2025-12-04 17:52,M04,P002,5,5,Mobile Money,39.0,F,3.0
T10662,2025-12-04 17:57,M03,P007,7,15,Espèces,45.0,M,5.0
T10663,2025-12-04 18:01,M06,P005,4,15,Espèces,57.0,M,2.0
T10664,2025-12-04 18:04,M04,P008,1,0,Mobile Money,31.0,M,3.0
T10665,2025-12-04 18:30,M06,P004,2,10,Mobile Money,30.0,F,3.0
T10666,2025-12-04 19:02,M02,P027,1,0,Espèces,42.0,F,3.0
T10667,2025-12-04 19:18,M01,P005,2,15,Mobile Money,35.0,F,3.0
T10668,2025-12-04 19:23,M03,P004,4,15,Mobile Money,30.0,M,3.0
T10669,2025-12-04 19:25,M02,P015,3,0,Mobile Money,33.0,F,3.0
T10670,2025-12-04 19:44,M01,P001,3,0,Mobile Money,34.0,F,4.0
T10671,2025-12-04 19:49,M06,P005,3,5,Espèces,39.0,M,3.0
T10672,2025-12-04 20:02,M03,P015,1,0,Mobile Money,32.0,F,4.0
T10673,2025-12-04 20:04,M01,P015,3,0,Mobile Money,26.0,M,3.0
T10674,2025-12-04 20:15,M05,P009,4,0,Mobile Money,43.0,M,5.0
T10675,2025-12-04 20:31,M01,P019,3,10,Espèces,25.0,M,3.0
T10676,2025-12-04 20:35,M04,P002,2,10,Mobile Money,27.0,F,3.0
T10677,2025-12-04 20:42,M06,P027,1,0,Espèces,27.0,F,4.0
T10678,2025-12-05 10:51,M04,P012,2,0,Mobile Money,19.0,M,3.0
T10679,2025-12-05 11:09,M04,P001,2,5,espèces,55.0,F,1.0
T10680,2025-12-05 11:14,M06,P016,2,0,Mobile Money,34.0,F,5.0
T10681,2025-12-05 11:33,M01,P006,1,0,Mobile Money,47.0,F,3.0
T10682,2025-12-05 12:24,M03,P019,1,5,Mobile Money,23.0,F,3.0
T10683,2025-12-05 12:39,M01,P013,2,5,Espèces,33.0,F,4.0
T10684,2025-12-05 12:46,M06,P001,2,0,Espèces,51.0,M,4.0
T10685,2025-12-05 12:55,M03,P009,3,0,Mobile Money,55.0,M,3.0
T10687,2025-12-05 13:07,M03,P001,1,0,Espèces,26.0,M,5.0
T10686,2025-12-05 13:07,M06,P020,1,0,Mobile Money,39.0,M,4.0
T10688,2025-12-05 13:12,M04,P003,5,5,Mobile Money,26.0,F,4.0
T10689,2025-12-05 13:31,M05,P010,2,0,Mobile Money,27.0,F,4.0
T10690,2025-12-05 13:41,M03,P018,1,0,Espèces,30.0,F,3.0
T10691,2025-12-05 14:27,M03,P002,3,0,Mobile Money,34.0,M,4.0
T10692,2025-12-05 14:33,M01,P008,2,0,Carte,53.0,F,4.0
T10693,2025-12-05 14:48,M05,P012,5,15,Mobile Money,18.0,M,3.0
T10694,2025-12-05 15:49,M01,P008,4,0,Carte,40.0,M,4.0
T10695,2025-12-05 16:03,M06,P027,1,15,mobile money,33.0,F,5.0
T10696,2025-12-05 16:29,M03,P004,5,10,Espèces,20.0,F,4.0
T10697,2025-12-05 16:39,M05,P001,1,0,Espèces,30.0,F,5.0
T10698,2025-12-05 16:41,M03,P027,1,5,Mobile Money,25.0,M,3.0
T10699,2025-12-05 17:01,M01,P025,1,5,MoMo,41.0,F,5.0
T10700,2025-12-05 17:22,M02,P014,4,5,Mobile Money,43.0,F,4.0
T10701,2025-12-05 17:25,M02,P012,2,0,Espèces,40.0,F,3.0
T10702,2025-12-05 17:37,M01,P001,2,0,Mobile Money,16.0,F,4.0
T10703,2025-12-05 17:40,M06,P009,2,0,Mobile Money,33.0,F,3.0
T10704,2025-12-05 17:45,M02,P009,4,0,Espèces,34.0,F,3.0
T10705,2025-12-05 17:50,M02,P004,3,0,Mobile Money,31.0,M,2.0
T10706,2025-12-05 17:51,M06,P011,1,0,Mobile Money,30.0,M,4.0
T10707,2025-12-05 18:01,M01,P005,4,5,Mobile Money,26.0,F,5.0
T10708,2025-12-05 18:17,M05,P007,4,0,Mobile Money,34.0,F,4.0
T10709,2025-12-05 18:33,M05,P014,2,0,Mobile Money,21.0,F,3.0
T10710,2025-12-05 18:51,M03,P019,3,15,Mobile Money,26.0,F,5.0
T10711,2025-12-05 19:04,M01,P017,6,10,Mobile Money,34.0,F,2.0
T10712,2025-12-05 19:07,M04,P004,3,0,Mobile Money,29.0,F,3.0
T10713,2025-12-05 19:12,M02,P022,1,5,Espèces,41.0,F,4.0
T10714,2025-12-05 19:32,M01,P012,3,10,Mobile Money,52.0,F,3.0
T10715,2025-12-05 20:11,M06,P011,3,10,Espèces,22.0,M,4.0
T10716,2025-12-05 20:21,M05,P010,1,0,Mobile Money,35.0,F,1.0
T10717,2025-12-05 20:31,M01,P006,2,0,Espèces,39.0,M,4.0
T10718,2025-12-05 21:02,M01,P018,1,10,Mobile Money,31.0,F,2.0
T10719,2025-12-05 21:34,M06,P014,2,15,Mobile Money,37.0,F,2.0
T10720,2025-12-06 11:18,M05,P012,3,15,Espèces,28.0,F,5.0
T10721,2025-12-06 11:30,M01,P018,2,0,Espèces,22.0,M,3.0
T10722,2025-12-06 11:37,M03,P002,3,0,Espèces,30.0,M,4.0
T10723,2025-12-06 11:40,M06,P013,1,0,Mobile Money,26.0,M,2.0
T10724,2025-12-06 11:46,M04,P003,3,10,Espèces,32.0,F,4.0
T10725,2025-12-06 12:19,M02,P005,3,0,Carte,21.0,M,4.0
T10726,2025-12-06 12:21,M05,P010,4,5,Espèces,55.0,F,4.0
T10727,2025-12-06 12:39,M03,P014,3,15,Mobile Money,29.0,M,4.0
T10728,2025-12-06 12:49,M06,P002,7,15,Espèces,31.0,F,3.0
T10729,2025-12-06 12:51,M05,P016,2,5,Espèces,23.0,F,3.0
T10730,2025-12-06 12:55,M01,P007,4,0,Mobile Money,39.0,F,4.0
T10731,2025-12-06 13:09,M04,P014,2,0,Mobile Money,47.0,M,3.0
T10732,2025-12-06 13:17,M03,P005,2,0,Espèces,48.0,M,4.0
T10733,2025-12-06 13:43,M01,P002,4,10,Carte,29.0,M,4.0
T10734,2025-12-06 13:44,M01,P008,5,15,Mobile Money,23.0,F,4.0
T10735,2025-12-06 13:46,M04,P011,2,5,Mobile Money,,M,3.0
T10736,2025-12-06 14:06,M05,P012,5,5,Mobile Money,20.0,M,4.0
T10737,2025-12-06 14:22,M01,P010,2,0,Espèces,,M,4.0
T10738,2025-12-06 14:34,M03,P027,1,5,Mobile Money,39.0,M,3.0
T10739,2025-12-06 14:37,M02,P009,3,5,Mobile Money,17.0,F,4.0
T10740,2025-12-06 14:41,M02,P015,4,0,Espèces,,F,3.0
T10741,2025-12-06 14:59,M02,P025,2,15,Mobile Money,41.0,F,4.0
T10742,2025-12-06 15:00,M02,P025,1,0,Espèces,33.0,M,4.0
T10743,2025-12-06 15:43,M06,P009,4,10,Espèces,25.0,F,3.0
T10744,2025-12-06 16:18,M02,P016,2,0,Mobile Money,37.0,M,5.0
T10745,2025-12-06 16:26,M01,P004,3,5,Mobile Money,40.0,F,4.0
T10746,2025-12-06 16:27,M02,P002,4,5,Mobile Money,28.0,M,4.0
T10747,2025-12-06 16:30,M04,P012,2,15,Espèces,31.0,M,2.0
T10748,2025-12-06 16:36,M01,P022,1,0,Carte,28.0,F,4.0
T10749,2025-12-06 16:42,M01,P017,3,0,Espèces,29.0,M,5.0
T10750,2025-12-06 16:54,M01,P003,1,5,Espèces,56.0,M,4.0
T10751,2025-12-06 17:00,M03,P003,5,5,Espèces,30.0,M,5.0
T10752,2025-12-06 17:06,M01,P014,2,0,Mobile Money,28.0,F,3.0
T10753,2025-12-06 17:07,M03,P014,2,0,Espèces,34.0,F,4.0
T10754,2025-12-06 17:21,M04,P010,4,10,Mobile Money,29.0,M,3.0
T10755,2025-12-06 17:31,M01,P025,1,0,Espèces,50.0,F,5.0
T10756,2025-12-06 17:33,M01,P002,1,5,Mobile Money,31.0,F,4.0
T10757,2025-12-06 17:39,M04,P014,2,5,Mobile Money,32.0,F,2.0
T10758,2025-12-06 17:50,M01,P015,3,5,Mobile Money,30.0,F,3.0
T10760,2025-12-06 17:50,M03,P004,3,10,Espèces,33.0,F,3.0
T10759,2025-12-06 17:50,M01,P014,2,0,Espèces,50.0,M,3.0
T10761,2025-12-06 17:54,M02,P025,3,10,Espèces,24.0,M,3.0
T10762,2025-12-06 18:12,M03,P007,4,15,Mobile Money,26.0,F,4.0
T10763,2025-12-06 18:20,M01,P025,1,5,Mobile Money,39.0,M,3.0
T10764,2025-12-06 18:21,M04,P004,3,0,Mobile Money,49.0,M,1.0
T10765,2025-12-06 18:36,M02,P002,1,0,Mobile Money,35.0,M,4.0
T10766,2025-12-06 18:39,M01,P002,1,10,Espèces,42.0,F,3.0
T10767,2025-12-06 18:39,M03,P002,3,0,Mobile Money,36.0,F,4.0
T10768,2025-12-06 18:41,M01,P019,1,0,Carte,24.0,F,3.0
T10769,2025-12-06 18:45,M04,P012,2,0,Espèces,38.0,M,3.0
T10770,2025-12-06 18:52,M05,P002,4,0,Mobile Money,47.0,F,3.0
T10771,2025-12-06 18:55,M01,P001,1,0,Espèces,32.0,F,4.0
T10772,2025-12-06 19:26,M03,P024,3,10,Mobile Money,20.0,F,4.0
T10773,2025-12-06 20:11,M03,P009,5,5,Espèces,43.0,F,4.0
T10774,2025-12-06 20:12,M02,P003,3,10,Espèces,21.0,M,2.0
T10775,2025-12-06 20:16,M01,P009,1,0,Mobile Money,40.0,M,5.0
T10776,2025-12-06 20:41,M02,P006,2,0,Mobile Money,28.0,F,2.0
T10777,2025-12-06 21:53,M03,P009,2,10,Mobile Money,30.0,F,4.0
T10778,2025-12-07 10:12,M03,P010,2,0,Espèces,21.0,F,5.0
T10779,2025-12-07 10:24,M01,P010,3,0,Mobile Money,23.0,F,5.0
T10780,2025-12-07 10:34,M04,P007,3,0,Espèces,52.0,F,2.0
T10781,2025-12-07 10:38,M04,P004,2,5,Espèces,30.0,F,4.0
T10782,2025-12-07 10:56,M02,P006,4,10,Carte,34.0,F,5.0
T10783,2025-12-07 11:27,M02,P011,2,0,Espèces,48.0,M,4.0
T10784,2025-12-07 11:54,M01,P002,2,0,Espèces,42.0,M,5.0
T10785,2025-12-07 11:55,M05,P007,1,10,Mobile Money,40.0,M,4.0
T10786,2025-12-07 12:18,M06,P009,3,0,Espèces,43.0,M,4.0
T10787,2025-12-07 12:24,M04,P004,3,5,Espèces,34.0,M,2.0
T10787,2025-12-07 12:24,M04,P004,3,5,Espèces,34.0,M,2.0
T10788,2025-12-07 12:47,M01,P005,1,0,Mobile Money,40.0,M,5.0
T10789,2025-12-07 12:49,M02,P027,1,0,Mobile Money,44.0,M,3.0
T10790,2025-12-07 12:53,M04,P001,1,10,Espèces,21.0,F,2.0
T10791,2025-12-07 13:09,M05,P016,4,10,Espèces,29.0,F,2.0
T10792,2025-12-07 13:12,M01,P004,2,5,Mobile Money,39.0,F,4.0
T10793,2025-12-07 13:15,M03,P003,3,5,Espèces,37.0,M,5.0
T10794,2025-12-07 13:24,M04,P001,3,15,Mobile Money,16.0,M,3.0
T10795,2025-12-07 13:41,M05,P001,1,10,Mobile Money,22.0,F,4.0
T10796,2025-12-07 14:10,M05,P019,2,10,Espèces,23.0,M,4.0
T10797,2025-12-07 14:12,M02,P001,2,5,Mobile Money,48.0,F,3.0
T10798,2025-12-07 15:19,M03,P012,2,0,Mobile Money,40.0,F,3.0
T10799,2025-12-07 15:24,M01,P010,2,5,Mobile Money,16.0,F,3.0
T10800,2025-12-07 15:51,M02,P001,5,0,Espèces,38.0,M,4.0
T10801,2025-12-07 16:06,M01,P004,2,0,Espèces,29.0,F,4.0
T10802,2025-12-07 16:29,M02,P011,3,0,Espèces,36.0,M,4.0
T10803,2025-12-07 16:42,M03,P009,4,10,Mobile Money,36.0,F,5.0
T10804,2025-12-07 16:43,M02,P025,1,5,Espèces,31.0,M,3.0
T10805,2025-12-07 16:46,M01,P008,1,15,Mobile Money,32.0,F,4.0
T10806,2025-12-07 16:46,M02,P007,2,0,Mobile Money,41.0,F,4.0
T10807,2025-12-07 16:49,M01,P017,3,5,Mobile Money,31.0,M,4.0
T10808,2025-12-07 16:53,M03,P003,6,10,Mobile Money,17.0,F,4.0
T10809,2025-12-07 17:04,M02,P007,2,0,Mobile Money,46.0,M,4.0
T10810,2025-12-07 17:05,M01,P002,4,0,Mobile Money,44.0,M,5.0
T10811,2025-12-07 17:08,M05,P013,3,0,Mobile Money,25.0,M,3.0
T10812,2025-12-07 17:24,M04,P015,2,15,Mobile Money,20.0,M,4.0
T10813,2025-12-07 17:27,M02,P005,5,5,Espèces,25.0,F,3.0
T10814,2025-12-07 17:39,M01,P009,3,0,Mobile Money,30.0,F,4.0
T10815,2025-12-07 17:51,M06,P012,3,10,Espèces,29.0,M,3.0
T10816,2025-12-07 17:57,M06,P002,3,5,Mobile Money,40.0,M,2.0
T10817,2025-12-07 17:58,M03,P005,3,0,Espèces,28.0,F,3.0
T10818,2025-12-07 18:02,M01,P001,2,0,Espèces,17.0,M,5.0
T10819,2025-12-07 18:05,M01,P006,6,10,Carte,39.0,F,3.0
T10820,2025-12-07 18:24,M01,P016,2,5,Mobile Money,23.0,F,4.0
T10821,2025-12-07 18:29,M03,P007,2,0,Mobile Money,28.0,F,4.0
T10822,2025-12-07 18:40,M01,P017,2,15,Carte,22.0,F,3.0
T10823,2025-12-07 18:41,M03,P003,3,5,Espèces,37.0,M,4.0
T10824,2025-12-07 18:42,M03,P016,2,5,Mobile Money,25.0,M,3.0
T10825,2025-12-07 18:43,M04,P007,2,5,Espèces,30.0,M,3.0
T10826,2025-12-07 18:46,M02,P004,8,15,Espèces,40.0,F,4.0
T10827,2025-12-07 18:55,M05,P011,3,0,Espèces,41.0,M,2.0
T10828,2025-12-07 19:04,M03,P001,5,5,Espèces,32.0,F,3.0
T10829,2025-12-07 19:07,M01,P012,3,0,Mobile Money,,M,3.0
T10830,2025-12-07 19:13,M03,P004,2,5,Mobile Money,37.0,F,3.0
T10831,2025-12-07 19:28,M01,P025,1,0,Mobile Money,38.0,F,2.0
T10832,2025-12-07 19:37,M01,P007,4,10,Mobile Money,37.0,F,3.0
T10833,2025-12-07 19:42,M03,P025,1,0,Espèces,29.0,F,4.0
T10834,2025-12-07 19:57,M05,P014,2,5,Espèces,52.0,F,2.0
T10835,2025-12-07 20:03,M02,P006,4,0,Carte,34.0,F,3.0
T10836,2025-12-07 20:22,M01,P001,3,0,Carte,43.0,M,3.0
T10837,2025-12-07 20:33,M02,P007,3,0,Espèces,30.0,M,5.0
T10838,2025-12-07 21:47,M03,P006,1,0,Mobile Money,28.0,M,2.0
T10839,2025-12-08 10:40,M02,P007,4,0,Mobile Money,16.0,F,4.0
T10840,2025-12-08 11:25,M01,P026,1,0,Espèces,37.0,F,3.0
T10841,2025-12-08 11:27,M03,P009,2,0,Espèces,45.0,F,5.0
T10842,2025-12-08 11:33,M03,P001,3,0,Mobile Money,45.0,F,4.0
T10843,2025-12-08 11:41,M02,P007,1,5,Mobile Money,28.0,F,4.0
T10844,2025-12-08 11:52,M01,P009,2,15,Carte,30.0,M,5.0
T10845,2025-12-08 12:00,M01,P025,1,5,Espèces,32.0,M,4.0
T10846,2025-12-08 12:06,M01,P003,1,0,Mobile Money,35.0,F,2.0
T10847,2025-12-08 12:12,M06,P008,3,0,Mobile Money,43.0,F,3.0
T10848,2025-12-08 12:14,M01,P009,5,10,Espèces,36.0,M,2.0
T10849,2025-12-08 12:23,M02,P010,4,10,Espèces,33.0,F,3.0
T10850,2025-12-08 12:32,M01,P007,400,15,Mobile Money,18.0,F,3.0
T10851,2025-12-08 12:34,M01,P015,5,5,Mobile Money,44.0,M,2.0
T10852,2025-12-08 12:56,M03,P016,2,0,Espèces,16.0,M,2.0
T10853,2025-12-08 12:58,M05,P012,1,0,Mobile Money,33.0,F,5.0
T10854,2025-12-08 13:04,M06,P005,3,0,Mobile Money,48.0,M,4.0
T10855,2025-12-08 13:29,M05,P003,4,5,Mobile Money,,F,4.0
T10856,2025-12-08 13:41,M01,P010,2,0,Mobile Money,40.0,F,4.0
T10857,2025-12-08 14:00,M03,P009,5,0,Mobile Money,40.0,F,4.0
T10858,2025-12-08 14:19,M05,P001,4,5,Mobile Money,27.0,M,4.0
T10859,2025-12-08 14:22,M06,P010,2,0,Mobile Money,42.0,F,3.0
T10860,2025-12-08 14:26,M01,P001,2,15,Mobile Money,48.0,F,3.0
T10861,2025-12-08 14:55,M04,P016,3,5,Espèces,44.0,F,4.0
T10862,2025-12-08 15:04,M03,P018,1,0,Espèces,36.0,M,3.0
T10863,2025-12-08 15:15,M03,P023,1,5,Espèces,26.0,F,5.0
T10864,2025-12-08 15:28,M05,P017,4,10,Mobile Money,48.0,M,5.0
T10865,2025-12-08 15:41,M01,P011,6,5,Carte,47.0,F,5.0
T10866,2025-12-08 16:08,M01,P010,2,0,Mobile Money,,F,5.0
T10867,2025-12-08 16:11,M04,P002,1,5,Mobile Money,51.0,F,1.0
T10868,2025-12-08 16:15,M04,P001,3,10,Mobile Money,39.0,M,2.0
T10869,2025-12-08 16:27,M05,P015,2,0,Mobile Money,16.0,F,4.0
T10870,2025-12-08 16:29,M01,P009,3,5,Mobile Money,29.0,F,4.0
T10871,2025-12-08 16:33,M01,P013,4,15,Espèces,37.0,M,4.0
T10872,2025-12-08 16:38,M01,P002,1,5,Mobile Money,37.0,M,3.0
T10873,2025-12-08 17:32,M03,P018,3,0,Mobile Money,31.0,M,4.0
T10874,2025-12-08 17:44,M01,P013,2,0,Espèces,35.0,F,2.0
T10875,2025-12-08 17:51,M02,P015,2,0,Mobile Money,23.0,F,2.0
T10876,2025-12-08 17:53,M04,P001,4,15,Espèces,36.0,F,3.0
T10877,2025-12-08 18:01,M04,P007,3,10,Mobile Money,50.0,F,1.0
T10878,2025-12-08 18:04,M01,P022,1,0,Carte,27.0,M,4.0
T10879,2025-12-08 18:19,M04,P006,6,15,Mobile Money,36.0,M,4.0
T10880,2025-12-08 18:23,M05,P019,2,10,Espèces,25.0,F,5.0
T10881,2025-12-08 18:30,M02,P020,1,0,Espèces,26.0,F,3.0
T10882,2025-12-08 18:35,M05,P010,2,0,Mobile Money,24.0,F,4.0
T10883,2025-12-08 18:38,M05,P005,1,0,Mobile Money,31.0,M,3.0
T10884,2025-12-08 18:51,M05,P011,3,10,Mobile Money,28.0,M,4.0
T10885,2025-12-08 18:51,M06,P004,5,15,Mobile Money,51.0,F,4.0
T10886,2025-12-08 19:00,M02,P017,4,15,Espèces,25.0,M,4.0
T10887,2025-12-08 19:45,M01,P006,4,10,Mobile Money,34.0,F,4.0
T10888,2025-12-08 19:58,M03,P006,4,0,Mobile Money,40.0,F,4.0
T10889,2025-12-08 20:21,M02,P005,2,5,Carte,30.0,F,4.0
T10890,2025-12-08 20:21,M06,P005,1,5,Espèces,24.0,M,3.0
T10891,2025-12-08 20:22,M01,P003,3,0,Mobile Money,22.0,M,4.0
T10892,2025-12-08 20:44,M05,P008,5,0,Mobile Money,28.0,F,2.0
T10893,2025-12-08 20:50,M01,P009,5,15,Espèces,24.0,F,4.0
T10894,2025-12-09 11:38,M05,P011,3,0,Espèces,37.0,F,4.0
T10895,2025-12-09 11:44,M05,P013,4,5,Mobile Money,25.0,M,4.0
T10896,2025-12-09 12:33,M06,P009,4,10,Mobile Money,31.0,M,4.0
T10897,2025-12-09 12:35,M02,P013,2,5,Mobile Money,56.0,F,2.0
T10897,2025-12-09 12:35,M02,P013,2,5,Mobile Money,56.0,F,2.0
T10898,2025-12-09 12:42,M03,P007,3,5,Espèces,35.0,F,3.0
T10899,2025-12-09 13:17,M04,P003,4,0,Mobile Money,,F,2.0
T10900,2025-12-09 13:51,M01,P006,1,0,Mobile Money,30.0,F,3.0
T10901,2025-12-09 14:09,M05,P007,1,0,Mobile Money,37.0,M,4.0
T10902,2025-12-09 14:32,M03,P020,1,5,Mobile Money,33.0,F,5.0
T10903,2025-12-09 14:36,M03,P002,6,10,Mobile Money,33.0,F,3.0
T10904,2025-12-09 14:55,M05,P004,3,0,Espèces,20.0,M,4.0
T10905,2025-12-09 15:11,M01,P005,1,0,Espèces,45.0,M,4.0
T10906,2025-12-09 15:37,M06,P012,2,0,Mobile Money,43.0,F,4.0
T10907,2025-12-09 16:24,M02,P013,1,0,Mobile Money,50.0,F,4.0
T10908,2025-12-09 16:37,M05,P022,3,15,Mobile Money,30.0,F,4.0
T10909,2025-12-09 16:48,M03,P009,3,0,mobile money,21.0,F,4.0
T10910,2025-12-09 16:58,M01,P003,2,5,Mobile Money,29.0,M,5.0
T10911,2025-12-09 17:07,M01,P007,4,10,Mobile Money,34.0,M,2.0
T10912,2025-12-09 17:34,M01,P013,5,10,Carte,38.0,F,4.0
T10913,2025-12-09 17:35,M03,P014,3,0,Espèces,16.0,F,3.0
T10914,2025-12-09 17:39,M05,P014,4,0,Mobile Money,33.0,M,2.0
T10915,2025-12-09 17:50,M02,P010,2,0,Mobile Money,36.0,F,4.0
T10916,2025-12-09 17:57,M06,P017,2,0,Mobile Money,24.0,M,4.0
T10917,2025-12-09 18:12,M03,P006,2,0,Mobile Money,39.0,M,4.0
T10918,2025-12-09 18:23,M05,P011,3,0,Mobile Money,42.0,F,4.0
T10919,2025-12-09 18:47,M06,P020,1,10,Espèces,25.0,F,4.0
T10920,2025-12-09 18:59,M02,P004,2,10,Mobile Money,34.0,M,4.0
T10921,2025-12-09 19:02,M02,P008,3,0,Mobile Money,32.0,M,3.0
T10922,2025-12-09 19:20,M01,P010,2,0,Mobile Money,32.0,F,4.0
T10923,2025-12-09 19:27,M04,P020,1,0,Espèces,24.0,F,2.0
T10924,2025-12-09 19:27,M02,P002,3,0,Mobile Money,31.0,M,3.0
T10925,2025-12-09 19:31,M03,P005,3,0,Espèces,45.0,F,3.0
T10926,2025-12-09 19:32,M04,P017,2,0,Mobile Money,54.0,M,3.0
T10927,2025-12-09 20:09,M03,P013,2,5,Mobile Money,37.0,M,3.0
T10928,2025-12-09 20:30,M01,P006,2,0,Mobile Money,40.0,F,2.0
T10929,2025-12-09 20:54,M01,P007,3,0,Espèces,48.0,M,4.0
T10930,2025-12-09 20:58,M01,P002,3,10,Espèces,58.0,F,3.0
T10931,2025-12-09 21:11,M03,P002,4,0,Mobile Money,25.0,F,3.0
T10932,2025-12-09 21:53,M04,P010,4,10,Mobile Money,35.0,F,2.0
T10933,2025-12-10 09:42,M04,P019,3,10,Espèces,28.0,F,4.0
T10934,2025-12-10 09:44,M02,P005,2,0,Mobile Money,31.0,F,2.0
T10935,2025-12-10 11:25,M06,P013,2,0,Espèces,31.0,M,4.0
T10936,2025-12-10 11:31,M03,P001,3,10,Mobile Money,48.0,M,3.0
T10937,2025-12-10 11:50,M02,P017,6,10,Espèces,18.0,M,5.0
T10938,2025-12-10 12:11,M02,P003,2,10,Espèces,16.0,M,2.0
T10939,2025-12-10 12:11,M03,P007,5,5,Espèces,37.0,M,4.0
T10940,2025-12-10 12:12,M01,P020,1,0,Espèces,21.0,M,5.0
T10941,2025-12-10 12:30,M02,P020,1,0,Mobile Money,28.0,F,3.0
T10942,2025-12-10 12:55,M03,P011,4,10,Mobile Money,24.0,M,5.0
T10943,2025-12-10 13:46,M04,P002,2,10,Mobile Money,38.0,F,2.0
T10944,2025-12-10 13:59,M01,P017,2,10,Espèces,17.0,F,4.0
T10945,2025-12-10 14:04,M03,P015,4,10,Mobile Money,46.0,M,4.0
T10946,2025-12-10 14:08,M03,P003,4,5,Espèces,38.0,M,3.0
T10947,2025-12-10 14:30,M01,P013,2,0,Carte,16.0,F,4.0
T10948,2025-12-10 14:47,M03,P009,2,5,Mobile Money,23.0,F,4.0
T10949,2025-12-10 14:56,M05,P005,4,10,Mobile Money,40.0,F,3.0
T10950,2025-12-10 15:06,M01,P005,3,0,Mobile Money,44.0,F,4.0
T10951,2025-12-10 15:42,M06,P006,3,15,Mobile Money,39.0,M,3.0
T10952,2025-12-10 16:01,M02,P005,3,10,Carte,25.0,M,3.0
T10953,2025-12-10 16:39,M02,P001,5,10,Mobile Money,40.0,M,4.0
T10954,2025-12-10 16:52,M06,P008,3,10,Mobile Money,31.0,F,4.0
T10955,2025-12-10 16:55,M02,P001,1,15,Carte,41.0,F,5.0
T10956,2025-12-10 17:03,M01,P012,5,10,Mobile Money,31.0,M,4.0
T10957,2025-12-10 17:04,M04,P006,3,15,Espèces,52.0,M,2.0
T10958,2025-12-10 17:06,M01,P002,1,0,Mobile Money,30.0,F,4.0
T10959,2025-12-10 17:26,M01,P001,1,0,Mobile Money,29.0,F,4.0
T10960,2025-12-10 17:32,M06,P011,4,10,Espèces,28.0,F,3.0
T10961,2025-12-10 17:37,M06,P009,2,0,Mobile Money,52.0,F,5.0
T10962,2025-12-10 17:37,M01,P001,1,0,Mobile Money,16.0,F,2.0
T10963,2025-12-10 17:44,M01,P013,5,0,Mobile Money,44.0,M,3.0
T10964,2025-12-10 18:14,M05,P015,2,0,Espèces,44.0,F,5.0
T10965,2025-12-10 18:22,M03,P012,5,10,Mobile Money,29.0,M,4.0
T10966,2025-12-10 18:40,M03,P006,3,15,Mobile Money,29.0,F,5.0
T10967,2025-12-10 18:47,M06,P003,2,5,Mobile Money,16.0,F,4.0
T10969,2025-12-10 19:09,M01,P017,4,5,Mobile Money,33.0,M,3.0
T10968,2025-12-10 19:09,M03,P012,3,10,Espèces,36.0,M,1.0
T10970,2025-12-10 19:36,M01,P004,5,0,Espèces,21.0,F,2.0
T10971,2025-12-10 19:57,M06,P024,1,10,Carte,28.0,F,3.0
T10972,2025-12-10 20:11,M01,P004,4,10,Mobile Money,18.0,F,3.0
T10973,2025-12-10 20:27,M01,P001,5,0,Mobile Money,35.0,F,4.0
T10974,2025-12-10 21:27,M01,P025,1,0,Carte,41.0,F,5.0
T10975,2025-12-11 08:51,M01,P002,2,5,Mobile Money,38.0,F,4.0
T10976,2025-12-11 10:03,M05,P005,3,0,Mobile Money,40.0,F,5.0
T10977,2025-12-11 10:20,M03,P022,1,5,Espèces,16.0,M,5.0
T10978,2025-12-11 10:38,M03,P005,4,0,Mobile Money,33.0,M,3.0
T10979,2025-12-11 11:05,M04,P001,2,0,Mobile Money,29.0,M,1.0
T10980,2025-12-11 11:12,M05,P001,2,5,Mobile Money,35.0,F,3.0
T10981,2025-12-11 11:22,M01,P006,4,10,Mobile Money,40.0,F,4.0
T10982,2025-12-11 11:44,M01,P011,4,0,Mobile Money,30.0,M,4.0
T10983,2025-12-11 11:49,M01,P005,4,10,Mobile Money,31.0,M,5.0
T10984,2025-12-11 12:08,M01,P009,2,0,Carte,23.0,M,2.0
T10985,2025-12-11 12:26,M05,P004,3,0,Mobile Money,52.0,M,4.0
T10986,2025-12-11 12:41,M01,P015,3,15,Espèces,28.0,M,3.0
T10987,2025-12-11 13:06,M01,P022,1,0,Mobile Money,25.0,F,4.0
T10988,2025-12-11 13:07,M02,P024,1,0,Mobile Money,40.0,M,3.0
T10989,2025-12-11 13:13,M05,P025,1,5,Espèces,26.0,M,5.0
T10990,2025-12-11 13:15,M04,P004,6,10,Espèces,27.0,M,4.0
T10991,2025-12-11 13:20,M06,P006,1,5,Mobile Money,20.0,M,3.0
T10992,2025-12-11 13:22,M02,P002,2,0,Mobile Money,25.0,M,5.0
T10993,2025-12-11 13:37,M04,P011,3,5,Mobile Money,41.0,M,2.0
T10994,2025-12-11 13:49,M02,P009,2,0,Mobile Money,27.0,F,5.0
T10995,2025-12-11 14:42,M01,P005,4,15,Espèces,23.0,F,4.0
T10996,2025-12-11 14:44,M01,P004,2,0,Espèces,18.0,F,2.0
T10997,2025-12-11 15:37,M03,P007,2,5,Mobile Money,31.0,F,2.0
T10998,2025-12-11 16:06,M02,P012,1,5,Carte,37.0,M,4.0
T10999,2025-12-11 16:24,M06,P019,1,5,Mobile Money,30.0,M,4.0
T11000,2025-12-11 16:43,M06,P006,6,0,Espèces,31.0,M,4.0
T11001,2025-12-11 16:51,M03,P001,3,5,Mobile Money,26.0,M,4.0
T11002,2025-12-11 17:07,M01,P009,2,0,Mobile Money,53.0,M,1.0
T11003,2025-12-11 17:23,M06,P016,1,0,Carte,29.0,F,3.0
T11004,2025-12-11 17:32,M06,P012,4,0,Espèces,32.0,M,3.0
T11005,2025-12-11 17:37,M03,P020,1,0,Espèces,28.0,F,3.0
T11006,2025-12-11 17:47,M02,P012,1,0,Mobile Money,29.0,F,3.0
T11007,2025-12-11 18:03,M01,P010,6,10,Espèces,36.0,F,4.0
T11008,2025-12-11 18:03,M06,P009,2,0,Mobile Money,31.0,F,5.0
T11009,2025-12-11 18:08,M03,P008,4,10,Espèces,34.0,M,4.0
T11010,2025-12-11 18:19,M06,P009,5,10,Mobile Money,20.0,M,3.0
T11011,2025-12-11 19:09,M03,P011,3,5,Mobile Money,30.0,M,3.0
T11012,2025-12-11 19:17,M04,P024,1,0,Espèces,36.0,M,1.0
T11013,2025-12-11 19:25,M04,P014,2,0,Mobile Money,48.0,M,2.0
T11014,2025-12-11 19:31,M05,P020,1,0,Espèces,31.0,F,4.0
T11015,2025-12-11 20:03,M01,P012,2,0,Mobile Money,33.0,M,4.0
T11016,2025-12-11 20:20,M01,P002,2,0,Espèces,35.0,F,5.0
T11017,2025-12-11 20:45,M02,P007,3,5,Mobile Money,29.0,M,4.0
T11018,2025-12-11 21:23,M01,P007,-4,5,Espèces,22.0,M,4.0
T11019,2025-12-12 09:58,M02,P013,6,10,Mobile Money,49.0,M,3.0
T11020,2025-12-12 11:39,M02,P006,4,10,Carte,39.0,M,5.0
T11021,2025-12-12 11:42,M05,P017,2,0,Espèces,16.0,M,5.0
T11022,2025-12-12 11:48,M01,P003,3,0,Mobile Money,25.0,F,5.0
T11023,2025-12-12 11:56,M02,P010,2,0,Espèces,42.0,F,4.0
T11024,2025-12-12 12:03,M01,P012,4,5,Mobile Money,20.0,F,4.0
T11025,2025-12-12 12:07,M02,P025,1,0,Mobile Money,49.0,F,3.0
T11026,2025-12-12 12:16,M01,P002,3,15,Espèces,29.0,F,5.0
T11027,2025-12-12 12:30,M01,P011,3,0,Carte,,M,5.0
T11028,2025-12-12 12:30,M04,P008,2,10,Mobile Money,28.0,M,3.0
T11029,2025-12-12 12:31,M04,P003,1,5,Mobile Money,52.0,F,2.0
T11030,2025-12-12 12:36,M02,P016,1,0,Mobile Money,18.0,M,4.0
T11031,2025-12-12 12:45,M03,P007,4,10,Mobile Money,34.0,M,4.0
T11032,2025-12-12 13:35,M01,P004,5,15,Mobile Money,43.0,F,3.0
T11033,2025-12-12 13:39,M03,P016,1,0,Mobile Money,63.0,F,3.0
T11034,2025-12-12 13:54,M04,P027,1,5,Espèces,72.0,F,2.0
T11035,2025-12-12 14:04,M05,P016,2,0,Mobile Money,22.0,M,5.0
T11036,2025-12-12 14:49,M03,P004,3,0,Espèces,66.0,M,3.0
T11037,2025-12-12 15:22,M03,P010,4,10,Espèces,36.0,F,3.0
T11038,2025-12-12 15:41,M02,P027,1,0,Mobile Money,35.0,M,2.0
T11039,2025-12-12 16:13,M05,P020,3,15,Mobile Money,18.0,F,5.0
T11040,2025-12-12 16:26,M03,P014,5,0,Mobile Money,,M,4.0
T11041,2025-12-12 16:31,M02,P003,4,0,Mobile Money,51.0,F,3.0
T11042,2025-12-12 16:56,M06,P027,1,0,Mobile Money,23.0,M,4.0
T11044,2025-12-12 16:57,M03,P018,3,0,Espèces,20.0,M,4.0
T11043,2025-12-12 16:57,M01,P016,3,0,Espèces,43.0,M,4.0
T11045,2025-12-12 17:05,M05,P015,1,0,Espèces,22.0,F,5.0
T11046,2025-12-12 17:05,M03,P001,1,0,Mobile Money,,F,4.0
T11047,2025-12-12 17:16,M01,P001,8,15,Espèces,28.0,F,2.0
T11048,2025-12-12 17:25,M01,P007,4,0,Espèces,26.0,F,5.0
T11049,2025-12-12 17:40,M05,P011,1,0,Espèces,37.0,F,4.0
T11050,2025-12-12 17:41,M01,P011,2,0,Espèces,46.0,M,5.0
T11051,2025-12-12 17:50,M04,P014,3,0,Espèces,35.0,F,3.0
T11052,2025-12-12 17:53,M05,P007,4,15,Espèces,29.0,M,3.0
T11053,2025-12-12 17:54,M04,P001,6,15,Mobile Money,31.0,M,4.0
T11054,2025-12-12 17:57,M05,P001,5,15,Mobile Money,33.0,M,3.0
T11055,2025-12-12 18:03,M01,P014,3,0,Mobile Money,24.0,F,3.0
T11056,2025-12-12 18:07,M01,P015,3,10,Mobile Money,26.0,M,2.0
T11058,2025-12-12 18:12,M03,P018,2,0,Espèces,48.0,F,5.0
T11057,2025-12-12 18:12,M01,P014,2,5,Mobile Money,56.0,M,4.0
T11059,2025-12-12 18:15,M01,P007,1,0,Carte,17.0,F,3.0
T11060,2025-12-12 18:33,M06,P001,3,5,Espèces,45.0,F,5.0
T11061,2025-12-12 18:34,M01,P014,1,5,Espèces,33.0,F,2.0
T11062,2025-12-12 18:42,M05,P006,1,0,Mobile Money,46.0,M,4.0
T11063,2025-12-12 18:53,M02,P016,4,0,Carte,38.0,M,4.0
T11064,2025-12-12 19:00,M04,P011,4,0,Espèces,24.0,F,2.0
T11065,2025-12-12 19:04,M02,P003,2,5,Mobile Money,53.0,F,4.0
T11066,2025-12-12 19:05,M01,P016,3,10,Carte,33.0,F,4.0
T11067,2025-12-12 19:08,M06,P015,2,0,Mobile Money,38.0,M,5.0
T11068,2025-12-12 19:21,M03,P015,2,0,Mobile Money,25.0,F,2.0
T11069,2025-12-12 19:32,M05,P003,3,0,Mobile Money,35.0,F,4.0
T11070,2025-12-12 19:40,M06,P004,1,5,Mobile Money,16.0,F,3.0
T11071,2025-12-12 20:02,M02,P003,3,10,Mobile Money,31.0,F,4.0
T11072,2025-12-12 20:25,M02,P001,3,0,Carte,40.0,F,3.0
T11073,2025-12-12 21:30,M03,P009,4,10,Espèces,19.0,F,2.0
T11074,2025-12-12 21:53,M03,P005,4,5,Mobile Money,27.0,M,5.0
T11075,2025-12-13 11:35,M02,P014,4,10,Espèces,28.0,F,4.0
T11076,2025-12-13 11:39,M04,P013,1,0,Espèces,39.0,F,2.0
T11077,2025-12-13 11:43,M02,P004,2,10,Espèces,46.0,F,4.0
T11078,2025-12-13 11:44,M01,P009,5,0,Espèces,37.0,F,4.0
T11079,2025-12-13 12:05,M02,P007,5,10,Mobile Money,22.0,M,4.0
T11080,2025-12-13 12:09,M03,P018,1,0,Espèces,21.0,F,3.0
T11081,2025-12-13 12:09,M05,P003,2,15,Mobile Money,24.0,M,4.0
T11082,2025-12-13 12:14,M01,P013,2,0,Mobile Money,38.0,M,2.0
T11083,2025-12-13 12:17,M04,P002,4,5,Mobile Money,31.0,F,1.0
T11084,2025-12-13 13:01,M06,P015,3,15,Espèces,37.0,F,4.0
T11085,2025-12-13 13:03,M06,P002,2,0,Espèces,41.0,F,4.0
T11086,2025-12-13 13:42,M02,P009,2,5,Mobile Money,31.0,F,3.0
T11087,2025-12-13 13:59,M05,P014,1,5,Espèces,26.0,M,4.0
T11088,2025-12-13 14:08,M03,P012,1,0,Mobile Money,39.0,M,3.0
T11089,2025-12-13 14:15,M01,P026,1,0,Mobile Money,40.0,M,5.0
T11090,2025-12-13 14:44,M02,P026,1,5,Carte,35.0,M,4.0
T11091,2025-12-13 14:53,M03,P003,1,0,Espèces,28.0,F,5.0
T11092,2025-12-13 15:13,M03,P002,1,5,Espèces,52.0,M,4.0
T11093,2025-12-13 15:27,M05,P007,2,0,Espèces,39.0,M,5.0
T11094,2025-12-13 15:31,M01,P007,5,5,Mobile Money,16.0,F,4.0
T11095,2025-12-13 15:39,M01,P020,1,0,Espèces,28.0,M,3.0
T11096,2025-12-13 15:43,M03,P017,5,10,Mobile Money,42.0,F,3.0
T11097,2025-12-13 15:49,M02,P002,2,0,Espèces,22.0,F,4.0
T11098,2025-12-13 15:56,M05,P006,1,5,Mobile Money,20.0,F,2.0
T11099,2025-12-13 16:02,M06,P001,6,5,Mobile Money,25.0,M,4.0
T11100,2025-12-13 16:04,M06,P007,2,0,Mobile Money,37.0,M,4.0
T11101,2025-12-13 16:09,M01,P014,2,0,Mobile Money,16.0,M,3.0
T11102,2025-12-13 16:11,M02,P022,1,5,Espèces,16.0,F,3.0
T11103,2025-12-13 16:14,M06,P007,2,0,Mobile Money,16.0,F,3.0
T11104,2025-12-13 16:20,M06,P006,2,0,Mobile Money,38.0,M,3.0
T11105,2025-12-13 16:23,M02,P025,1,0,Espèces,16.0,F,4.0
T11106,2025-12-13 16:24,M05,P010,2,5,Mobile Money,23.0,M,3.0
T11107,2025-12-13 16:30,M03,P002,1,0,Mobile Money,19.0,F,4.0
T11108,2025-12-13 16:36,M01,P011,4,10,Mobile Money,38.0,F,4.0
T11109,2025-12-13 16:38,M06,P009,1,0,Mobile Money,18.0,F,4.0
T11110,2025-12-13 16:39,M04,P002,3,10,Espèces,16.0,F,3.0
T11111,2025-12-13 16:41,M01,P005,2,0,Mobile Money,41.0,M,4.0
T11112,2025-12-13 16:58,M03,P016,1,5,Espèces,28.0,M,3.0
T11113,2025-12-13 17:00,M03,P001,1,10,Espèces,31.0,F,4.0
T11114,2025-12-13 17:00,M04,P005,4,10,Mobile Money,33.0,F,2.0
T11115,2025-12-13 17:06,M02,P008,2,10,Espèces,40.0,M,3.0
T11116,2025-12-13 17:11,M06,P001,2,0,Espèces,46.0,M,3.0
T11117,2025-12-13 17:18,M05,P014,5,0,Mobile Money,16.0,M,5.0
T11118,2025-12-13 17:18,M02,P010,3,0,Mobile Money,57.0,M,2.0
T11119,2025-12-13 17:20,M06,P008,4,0,Mobile Money,22.0,F,3.0
T11120,2025-12-13 17:21,M01,P009,1,0,Espèces,21.0,F,4.0
T11121,2025-12-13 17:22,M03,P004,6,15,Mobile Money,49.0,M,4.0
T11122,2025-12-13 17:23,M01,P013,4,5,Carte,35.0,F,5.0
T11123,2025-12-13 17:25,M02,P022,3,10,Espèces,30.0,F,3.0
T11124,2025-12-13 17:33,M03,P005,3,15,Mobile Money,43.0,M,3.0
T11125,2025-12-13 17:35,M06,P008,2,0,Espèces,19.0,M,3.0
T11126,2025-12-13 17:37,M04,P023,1,0,Espèces,34.0,M,1.0
T11127,2025-12-13 17:46,M03,P023,1,0,Mobile Money,26.0,M,4.0
T11128,2025-12-13 17:48,M04,P002,4,0,Mobile Money,34.0,M,3.0
T11129,2025-12-13 17:53,M01,P018,4,5,Carte,27.0,M,4.0
T11130,2025-12-13 17:54,M01,P007,2,5,Espèces,38.0,M,5.0
T11131,2025-12-13 18:11,M05,P013,3,0,Mobile Money,37.0,F,5.0
T11132,2025-12-13 18:12,M02,P020,1,10,Espèces,,M,4.0
T11133,2025-12-13 18:21,M04,P013,2,10,Mobile Money,,M,4.0
T11134,2025-12-13 18:22,M01,P007,3,0,Espèces,19.0,F,3.0
T11135,2025-12-13 18:25,M06,P015,6,10,Espèces,34.0,F,5.0
T11136,2025-12-13 18:28,M01,P012,1,0,Mobile Money,16.0,M,3.0
T11137,2025-12-13 18:36,M01,P006,5,0,Mobile Money,21.0,F,4.0
T11138,2025-12-13 18:36,M03,P001,2,15,Mobile Money,46.0,F,4.0
T11139,2025-12-13 18:43,M03,P010,4,10,Espèces,24.0,F,3.0
T11140,2025-12-13 18:44,M04,P014,5,5,Espèces,28.0,M,2.0
T11141,2025-12-13 18:55,M05,P008,4,0,Mobile Money,36.0,M,3.0
T11142,2025-12-13 18:59,M06,P014,6,10,Espèces,37.0,F,4.0
T11143,2025-12-13 19:01,M06,P010,1,5,Espèces,38.0,F,3.0
T11144,2025-12-13 19:06,M05,P019,1,0,Mobile Money,,F,3.0
T11145,2025-12-13 19:06,M01,P012,1,0,Mobile Money,44.0,M,4.0
T11146,2025-12-13 19:11,M03,P025,1,0,Espèces,28.0,F,2.0
T11147,2025-12-13 19:17,M02,P008,4,0,Carte,34.0,F,5.0
T11148,2025-12-13 19:25,M01,P014,2,15,Mobile Money,41.0,M,3.0
T11149,2025-12-13 19:36,M05,P009,1,0,Espèces,21.0,M,3.0
T11150,2025-12-13 19:36,M04,P009,4,0,Mobile Money,30.0,M,4.0
T11151,2025-12-13 19:40,M04,P007,3,10,Mobile Money,34.0,F,1.0
T11152,2025-12-13 20:00,M01,P006,3,0,Espèces,45.0,M,3.0
T11153,2025-12-13 20:09,M01,P015,2,0,Espèces,28.0,F,2.0
T11154,2025-12-13 20:11,M02,P007,4,10,Carte,39.0,M,4.0
T11155,2025-12-13 20:31,M02,P027,1,0,Carte,39.0,F,3.0
T11156,2025-12-13 20:41,M04,P013,2,10,Espèces,21.0,F,2.0
T11157,2025-12-13 20:48,M05,P007,4,15,Espèces,46.0,F,4.0
T11158,2025-12-13 21:14,M01,P013,4,15,Espèces,49.0,F,4.0
T11159,2025-12-14 10:14,M02,P012,2,5,Mobile Money,34.0,F,3.0
T11159,2025-12-14 10:14,M02,P012,2,5,Mobile Money,34.0,F,3.0
T11160,2025-12-14 11:08,M05,P010,2,0,Espèces,39.0,F,2.0
T11161,2025-12-14 11:55,M06,P002,3,5,Espèces,30.0,F,4.0
T11162,2025-12-14 12:26,M01,P012,3,5,mobile money,40.0,F,4.0
T11163,2025-12-14 12:27,M01,P001,4,10,Espèces,53.0,M,4.0
T11164,2025-12-14 12:33,M03,P005,7,15,Mobile Money,38.0,M,5.0
T11165,2025-12-14 12:36,M03,P022,1,0,Mobile Money,,F,4.0
T11166,2025-12-14 12:40,M04,P011,2,10,Espèces,39.0,F,2.0
T11167,2025-12-14 12:52,M01,P010,2,10,Mobile Money,41.0,F,5.0
T11168,2025-12-14 12:59,M01,P013,1,0,Mobile Money,39.0,M,4.0
T11169,2025-12-14 13:03,M02,P025,1,5,Mobile Money,22.0,M,3.0
T11170,2025-12-14 13:37,M06,P009,3,0,Mobile Money,45.0,M,5.0
T11171,2025-12-14 13:49,M05,P012,2,0,Mobile Money,45.0,M,4.0
T11172,2025-12-14 14:07,M03,P003,2,10,Mobile Money,32.0,M,5.0
T11173,2025-12-14 14:44,M01,P007,3,10,Carte,45.0,F,3.0
T11174,2025-12-14 14:54,M01,P003,4,0,Mobile Money,19.0,F,4.0
T11175,2025-12-14 15:12,M02,P007,3,0,Mobile Money,23.0,M,3.0
T11176,2025-12-14 15:57,M03,P005,6,10,Espèces,39.0,M,5.0
T11177,2025-12-14 16:06,M06,P016,4,15,Mobile Money,17.0,M,3.0
T11178,2025-12-14 16:10,M04,P018,4,10,Mobile Money,28.0,F,3.0
T11179,2025-12-14 16:14,M03,P027,3,10,Espèces,37.0,F,3.0
T11180,2025-12-14 16:16,M02,P015,3,0,Espèces,36.0,M,4.0
T11181,2025-12-14 16:19,M01,P001,3,0,Mobile Money,48.0,F,4.0
T11182,2025-12-14 16:32,M02,P015,1,15,Carte,19.0,F,3.0
T11183,2025-12-14 16:39,M04,P025,1,5,Mobile Money,36.0,M,2.0
T11184,2025-12-14 17:51,M04,P017,4,0,Espèces,32.0,M,3.0
T11185,2025-12-14 17:53,M05,P008,4,10,Mobile Money,38.0,F,3.0
T11186,2025-12-14 17:54,M01,P004,1,0,Mobile Money,41.0,F,4.0
T11187,2025-12-14 17:59,M01,P010,1,0,Mobile Money,34.0,F,4.0
T11188,2025-12-14 18:14,M03,P002,1,0,Espèces,40.0,M,4.0
T11189,2025-12-14 19:00,M02,P026,1,5,Mobile Money,29.0,F,2.0
T11190,2025-12-14 19:02,M04,P002,4,0,Espèces,38.0,F,3.0
T11191,2025-12-14 19:03,M05,P007,4,10,Espèces,32.0,F,3.0
T11192,2025-12-14 19:08,M01,P016,2,0,Espèces,37.0,M,4.0
T11193,2025-12-14 19:15,M01,P012,1,0,Carte,29.0,M,3.0
T11194,2025-12-14 19:40,M01,P001,2,0,Mobile Money,42.0,F,4.0
T11195,2025-12-14 19:41,M01,P009,1,0,Mobile Money,30.0,M,2.0
T11196,2025-12-14 20:29,M04,P013,4,10,Mobile Money,34.0,F,3.0
T11197,2025-12-15 10:21,M06,P024,1,0,Mobile Money,18.0,M,4.0
T11198,2025-12-15 10:33,M05,P024,1,0,Espèces,38.0,F,2.0
T11199,2025-12-15 10:51,M01,P015,3,15,Espèces,46.0,F,5.0
T11200,2025-12-15 10:58,M04,P002,2,5,Espèces,38.0,F,4.0
T11201,2025-12-15 11:24,M01,P010,3,15,Mobile Money,27.0,M,5.0
T11202,2025-12-15 11:32,M02,P015,7,5,Espèces,31.0,F,1.0
T11203,2025-12-15 12:15,M03,P013,2,15,Mobile Money,43.0,F,5.0
T11204,2025-12-15 12:48,M06,P012,4,0,Mobile Money,55.0,M,2.0
T11205,2025-12-15 13:03,M05,P022,1,10,Mobile Money,33.0,F,5.0
T11206,2025-12-15 13:16,M02,P014,4,5,Mobile Money,43.0,F,2.0
T11207,2025-12-15 13:29,M05,P010,3,0,Espèces,19.0,F,4.0
T11208,2025-12-15 13:42,M06,P007,4,0,Mobile Money,16.0,M,4.0
T11209,2025-12-15 13:54,M01,P012,5,0,Espèces,24.0,F,3.0
T11210,2025-12-15 15:12,M01,P013,2,0,Mobile Money,35.0,F,4.0
T11211,2025-12-15 15:57,M03,P003,2,0,Espèces,33.0,F,4.0
T11212,2025-12-15 16:16,M02,P004,2,0,Espèces,29.0,F,5.0
T11213,2025-12-15 16:30,M03,P014,2,0,Mobile Money,36.0,F,2.0
T11214,2025-12-15 17:28,M05,P015,3,0,Espèces,,F,4.0
T11215,2025-12-15 17:32,M04,P013,2,0,Mobile Money,34.0,F,2.0
T11216,2025-12-15 17:37,M04,P001,2,0,Espèces,38.0,F,5.0
T11217,2025-12-15 17:52,M06,P006,3,5,Espèces,43.0,M,5.0
T11218,2025-12-15 18:03,M06,P001,4,0,Mobile Money,,F,3.0
T11219,2025-12-15 18:17,M02,P002,4,15,Mobile Money,42.0,F,3.0
T11220,2025-12-15 18:34,M04,P010,1,0,Mobile Money,23.0,F,2.0
T11221,2025-12-15 18:37,M01,P024,1,0,Espèces,35.0,F,5.0
T11222,2025-12-15 18:39,M01,P001,3,0,Espèces,33.0,F,5.0
T11223,2025-12-15 18:44,M04,P014,2,5,Mobile Money,40.0,F,2.0
T11223,2025-12-15 18:44,M04,P014,2,5,Mobile Money,40.0,F,2.0
T11224,2025-12-15 19:02,M04,P006,3,0,Espèces,39.0,M,1.0
T11225,2025-12-15 19:09,M03,P001,4,10,Espèces,25.0,F,5.0
T11226,2025-12-15 19:59,M06,P006,4,10,Mobile Money,30.0,F,4.0
T11227,2025-12-15 20:19,M04,P013,3,15,Mobile Money,22.0,F,1.0
T11228,2025-12-15 20:25,M05,P001,1,0,Espèces,45.0,F,3.0
T11229,2025-12-15 20:48,M02,P012,3,5,Mobile Money,30.0,F,4.0
T11230,2025-12-15 21:22,M02,P009,4,5,Mobile Money,35.0,M,4.0
T11231,2025-12-16 10:39,M04,P015,5,15,Mobile Money,17.0,F,2.0
T11232,2025-12-16 10:55,M05,P002,3,0,Espèces,29.0,M,2.0
T11233,2025-12-16 11:05,M06,P013,2,0,Mobile Money,35.0,M,1.0
T11234,2025-12-16 11:10,M02,P022,1,0,Carte,39.0,M,3.0
T11235,2025-12-16 11:12,M04,P003,1,0,Espèces,36.0,M,3.0
T11236,2025-12-16 11:20,M05,P010,7,10,Espèces,44.0,M,2.0
T11237,2025-12-16 11:32,M06,P013,3,10,Espèces,16.0,F,5.0
T11238,2025-12-16 12:21,M02,P005,1,0,Mobile Money,40.0,F,2.0
T11239,2025-12-16 12:22,M03,P004,4,15,Espèces,22.0,M,5.0
T11240,2025-12-16 12:25,M05,P002,1,0,Mobile Money,29.0,F,2.0
T11241,2025-12-16 12:31,M06,P005,2,5,Mobile Money,32.0,F,3.0
T11242,2025-12-16 13:24,M02,P014,5,15,Espèces,23.0,M,4.0
T11243,2025-12-16 13:34,M01,P004,2,0,Mobile Money,37.0,F,4.0
T11244,2025-12-16 15:50,M03,P002,4,0,Espèces,43.0,M,4.0
T11245,2025-12-16 16:51,M06,P015,3,5,Mobile Money,25.0,F,3.0
T11246,2025-12-16 17:21,M02,P009,4,0,Mobile Money,22.0,F,4.0
T11247,2025-12-16 17:29,M01,P019,1,5,Mobile Money,23.0,F,3.0
T11248,2025-12-16 17:40,M03,P009,2,10,Mobile Money,21.0,M,3.0
T11249,2025-12-16 17:41,M05,P015,2,10,Espèces,42.0,M,2.0
T11250,2025-12-16 17:56,M06,P016,2,10,Mobile Money,42.0,M,3.0
T11251,2025-12-16 18:28,M02,P014,2,0,Espèces,37.0,M,2.0
T11252,2025-12-16 18:32,M03,P008,3,0,Espèces,,F,2.0
T11253,2025-12-16 18:35,M02,P015,6,15,Mobile Money,42.0,F,3.0
T11254,2025-12-16 18:39,M02,P012,2,5,Espèces,37.0,M,3.0
T11255,2025-12-16 18:48,M03,P005,2,0,Espèces,32.0,M,4.0
T11256,2025-12-16 18:54,M01,P020,1,15,Espèces,23.0,M,3.0
T11257,2025-12-16 18:54,M01,P010,2,5,Espèces,32.0,M,4.0
T11258,2025-12-16 18:55,M05,P014,2,10,Mobile Money,45.0,F,3.0
T11259,2025-12-16 18:59,M01,P005,2,0,Espèces,27.0,M,3.0
T11260,2025-12-16 19:51,M03,P008,1,0,Mobile Money,47.0,M,3.0
T11261,2025-12-16 20:03,M01,P007,1,0,Mobile Money,37.0,M,4.0
T11262,2025-12-16 21:14,M04,P014,3,10,Mobile Money,45.0,M,1.0
T11263,2025-12-16 21:53,M02,P009,1,15,espèces,21.0,F,4.0
T11264,2025-12-17 10:42,M04,P023,1,0,Mobile Money,37.0,F,2.0
T11265,2025-12-17 11:07,M05,P017,2,0,Espèces,24.0,F,4.0
T11266,2025-12-17 11:14,M02,P010,3,10,Espèces,36.0,F,2.0
T11267,2025-12-17 11:16,M04,P010,2,0,Mobile Money,49.0,F,2.0
T11268,2025-12-17 11:44,M05,P018,3,0,Espèces,27.0,F,3.0
T11269,2025-12-17 11:59,M01,P012,4,5,Carte,24.0,F,5.0
T11270,2025-12-17 11:59,M01,P010,3,0,Espèces,39.0,F,3.0
T11271,2025-12-17 12:08,M04,P012,3,0,Mobile Money,23.0,M,3.0
T11272,2025-12-17 12:12,M03,P001,1,5,Espèces,28.0,M,4.0
T11273,2025-12-17 12:14,M04,P004,1,5,Espèces,36.0,F,2.0
T11274,2025-12-17 12:17,M02,P001,2,0,Mobile Money,24.0,M,3.0
T11275,2025-12-17 12:19,M01,P011,2,10,Carte,35.0,F,4.0
T11276,2025-12-17 12:23,M06,P009,4,15,Mobile Money,37.0,M,2.0
T11277,2025-12-17 12:48,M06,P010,2,0,Espèces,47.0,F,4.0
T11278,2025-12-17 13:14,M05,P010,6,0,Mobile Money,30.0,F,3.0
T11279,2025-12-17 13:28,M01,P017,2,0,Mobile Money,31.0,M,4.0
T11280,2025-12-17 13:38,M06,P004,1,0,Espèces,20.0,M,4.0
T11281,2025-12-17 13:42,M05,P010,2,5,Espèces,16.0,F,4.0
T11282,2025-12-17 14:06,M04,P010,2,10,Mobile Money,27.0,M,4.0
T11283,2025-12-17 14:20,M03,P010,3,10,Espèces,21.0,M,4.0
T11284,2025-12-17 14:40,M03,P014,2,0,especes,43.0,M,2.0
T11285,2025-12-17 15:22,M03,P001,5,10,Mobile Money,17.0,F,3.0
T11286,2025-12-17 16:20,M04,P009,3,0,Mobile Money,23.0,F,3.0
T11287,2025-12-17 16:29,M02,P014,1,5,Espèces,26.0,M,3.0
T11288,2025-12-17 16:32,M01,P025,1,0,Espèces,33.0,F,3.0
T11289,2025-12-17 16:52,M06,P013,3,5,Espèces,44.0,M,4.0
T11290,2025-12-17 16:57,M05,P018,4,5,Mobile Money,19.0,F,4.0
T11291,2025-12-17 17:03,M05,P011,3,0,Espèces,26.0,M,2.0
T11292,2025-12-17 17:08,M03,P001,2,0,Espèces,42.0,F,5.0
T11293,2025-12-17 17:13,M02,P005,2,0,Espèces,16.0,M,5.0
T11294,2025-12-17 17:16,M01,P018,1,0,Mobile Money,37.0,M,4.0
T11295,2025-12-17 17:33,M03,P002,5,5,Espèces,,F,3.0
T11296,2025-12-17 17:42,M02,P004,3,10,Mobile Money,21.0,F,4.0
T11297,2025-12-17 17:47,M01,P018,7,10,Carte,21.0,F,4.0
T11298,2025-12-17 18:09,M02,P016,2,0,Mobile Money,47.0,F,2.0
T11299,2025-12-17 18:13,M03,P001,4,0,Mobile Money,36.0,M,4.0
T11300,2025-12-17 18:16,M02,P012,1,0,Mobile Money,27.0,F,4.0
T11301,2025-12-17 18:18,M04,P015,3,5,Mobile Money,45.0,F,4.0
T11302,2025-12-17 18:25,M01,P018,4,10,Mobile Money,64.0,F,4.0
T11303,2025-12-17 18:28,M02,P003,3,0,Mobile Money,46.0,M,3.0
T11304,2025-12-17 18:42,M04,P022,1,0,Mobile Money,18.0,M,3.0
T11305,2025-12-17 18:56,M03,P017,2,0,Espèces,47.0,M,4.0
T11306,2025-12-17 19:36,M02,P012,2,0,Mobile Money,17.0,M,2.0
T11307,2025-12-17 19:55,M02,P010,1,5,Mobile Money,26.0,M,2.0
T11308,2025-12-17 21:03,M03,P005,5,0,Espèces,24.0,M,4.0
T11309,2025-12-17 21:21,M04,P011,3,5,Espèces,32.0,M,3.0
T11310,2025-12-18 09:17,M01,P009,5,5,Espèces,31.0,M,5.0
T11311,2025-12-18 11:25,M03,P012,2,0,Espèces,43.0,F,4.0
T11312,2025-12-18 11:40,M04,P022,1,0,Mobile Money,16.0,M,3.0
T11313,2025-12-18 11:55,M01,P018,2,0,Carte,33.0,M,4.0
T11314,2025-12-18 12:09,M01,P004,3,0,Mobile Money,48.0,F,2.0
T11315,2025-12-18 12:10,M04,P009,3,5,Espèces,28.0,F,3.0
T11316,2025-12-18 12:15,M01,P001,2,0,Mobile Money,34.0,M,3.0
T11317,2025-12-18 12:23,M03,P017,1,5,Mobile Money,22.0,F,5.0
T11318,2025-12-18 13:02,M04,P001,4,0,Espèces,26.0,F,2.0
T11319,2025-12-18 13:07,M04,P015,1,0,Espèces,28.0,F,2.0
T11320,2025-12-18 13:27,M05,P007,5,0,Espèces,46.0,F,3.0
T11321,2025-12-18 13:40,M01,P002,2,0,Espèces,26.0,F,4.0
T11322,2025-12-18 15:29,M01,P014,3,0,Mobile Money,39.0,F,4.0
T11323,2025-12-18 15:45,M05,P027,1,5,Espèces,23.0,F,5.0
T11324,2025-12-18 16:41,M01,P022,1,0,Mobile Money,36.0,M,3.0
T11325,2025-12-18 16:51,M01,P009,1,0,Espèces,48.0,F,4.0
T11326,2025-12-18 16:55,M04,P027,1,5,Mobile Money,29.0,F,3.0
T11327,2025-12-18 17:23,M05,P013,3,10,Espèces,38.0,M,4.0
T11328,2025-12-18 17:32,M03,P007,3,10,Mobile Money,41.0,F,4.0
T11329,2025-12-18 17:44,M01,P012,4,10,Mobile Money,34.0,F,3.0
T11330,2025-12-18 17:45,M03,P001,2,0,Espèces,41.0,M,2.0
T11331,2025-12-18 17:53,M01,P007,3,0,Mobile Money,37.0,F,5.0
T11332,2025-12-18 17:56,M05,P020,3,10,Espèces,28.0,M,4.0
T11333,2025-12-18 18:01,M04,P001,2,0,Espèces,45.0,F,1.0
T11334,2025-12-18 18:23,M02,P003,2,0,Mobile Money,40.0,M,4.0
T11335,2025-12-18 18:50,M01,P019,1,0,Espèces,23.0,M,4.0
T11336,2025-12-18 18:51,M04,P009,3,0,Mobile Money,23.0,M,2.0
T11337,2025-12-18 18:52,M05,P026,1,0,Mobile Money,40.0,F,2.0
T11338,2025-12-18 18:58,M01,P001,2,0,Carte,43.0,M,3.0
T11339,2025-12-18 19:08,M02,P010,3,5,Espèces,48.0,M,4.0
T11340,2025-12-18 19:24,M05,P005,3,5,Espèces,33.0,F,4.0
T11341,2025-12-18 19:29,M06,P009,3,10,Espèces,33.0,F,5.0
T11342,2025-12-18 19:32,M03,P011,2,0,Mobile Money,29.0,F,5.0
T11343,2025-12-18 19:42,M01,P002,2,5,Espèces,50.0,F,2.0
T11344,2025-12-18 20:13,M03,P012,3,0,Espèces,41.0,F,2.0
T11345,2025-12-19 09:30,M01,P003,4,10,Mobile Money,27.0,F,3.0
T11346,2025-12-19 09:36,M06,P010,4,0,Espèces,16.0,F,3.0
T11347,2025-12-19 10:48,M01,P027,1,5,Mobile Money,35.0,M,2.0
T11348,2025-12-19 10:48,M02,P010,3,0,Mobile Money,35.0,F,4.0
T11349,2025-12-19 11:49,M02,P007,2,0,Mobile Money,31.0,F,4.0
T11350,2025-12-19 11:52,M04,P008,2,15,Espèces,47.0,F,3.0
T11351,2025-12-19 12:03,M04,P022,1,5,Mobile Money,23.0,M,3.0
T11352,2025-12-19 12:07,M01,P001,4,0,Mobile Money,38.0,M,4.0
T11353,2025-12-19 12:32,M02,P010,1,5,Mobile Money,26.0,F,4.0
T11354,2025-12-19 12:46,M01,P009,1,0,Mobile Money,43.0,F,2.0
T11355,2025-12-19 13:17,M01,P003,1,5,Mobile Money,26.0,F,2.0
T11356,2025-12-19 13:19,M05,P024,1,5,Espèces,45.0,M,5.0
T11357,2025-12-19 14:12,M03,P015,5,10,Espèces,46.0,M,2.0
T11358,2025-12-19 14:18,M01,P002,2,0,Mobile Money,28.0,M,4.0
T11359,2025-12-19 14:26,M02,P012,3,15,Espèces,40.0,F,4.0
T11360,2025-12-19 14:44,M01,P003,4,0,Espèces,37.0,F,4.0
T11361,2025-12-19 14:47,M03,P014,2,5,Espèces,,M,2.0
T11362,2025-12-19 14:55,M03,P001,3,0,Espèces,29.0,M,3.0
T11363,2025-12-19 15:17,M05,P016,4,10,Mobile Money,16.0,M,3.0
T11364,2025-12-19 15:21,M02,P022,2,10,Espèces,24.0,M,5.0
T11365,2025-12-19 16:24,M05,P007,3,15,Espèces,20.0,M,5.0
T11366,2025-12-19 16:27,M03,P004,1,0,Espèces,30.0,F,3.0
T11367,2025-12-19 16:28,M04,P007,6,5,Espèces,32.0,F,3.0
T11368,2025-12-19 16:32,M04,P001,2,5,Carte,20.0,F,4.0
T11369,2025-12-19 16:44,M06,P010,2,5,Espèces,33.0,F,4.0
T11370,2025-12-19 16:45,M01,P004,5,5,Espèces,37.0,F,3.0
T11371,2025-12-19 17:13,M01,P014,4,0,Espèces,23.0,M,3.0
T11372,2025-12-19 17:17,M05,P012,2,0,Espèces,32.0,M,3.0
T11373,2025-12-19 17:18,M05,P020,1,0,Mobile Money,32.0,F,5.0
T11374,2025-12-19 17:29,M01,P013,1,10,Mobile Money,16.0,M,4.0
T11376,2025-12-19 17:40,M01,P009,3,15,Mobile Money,21.0,F,4.0
T11375,2025-12-19 17:40,M05,P010,3,0,Espèces,27.0,M,4.0
T11377,2025-12-19 17:41,M04,P001,2,0,Mobile Money,34.0,F,2.0
T11378,2025-12-19 17:42,M02,P014,4,10,Mobile Money,25.0,M,4.0
T11379,2025-12-19 17:51,M01,P014,3,5,Mobile Money,29.0,F,4.0
T11380,2025-12-19 17:57,M05,P009,4,0,Espèces,42.0,M,3.0
T11381,2025-12-19 18:02,M02,P012,2,5,Mobile Money,34.0,M,3.0
T11382,2025-12-19 18:10,M02,P026,1,0,Carte,28.0,F,4.0
T11383,2025-12-19 18:15,M05,P015,3,10,Espèces,42.0,F,5.0
T11384,2025-12-19 18:16,M05,P005,2,0,Mobile Money,26.0,M,3.0
T11385,2025-12-19 18:16,M06,P003,2,0,Espèces,,M,2.0
T11386,2025-12-19 18:18,M05,P014,3,5,Mobile Money,30.0,M,5.0
T11387,2025-12-19 18:21,M01,P018,2,0,Mobile Money,42.0,F,5.0
T11388,2025-12-19 18:31,M01,P027,1,0,Espèces,39.0,F,4.0
T11389,2025-12-19 18:36,M01,P003,2,0,Espèces,35.0,F,4.0
T11390,2025-12-19 19:07,M03,P023,1,0,Espèces,16.0,M,4.0
T11391,2025-12-19 19:19,M01,P019,1,0,Carte,25.0,M,4.0
T11392,2025-12-19 19:40,M05,P006,4,0,Espèces,45.0,M,4.0
T11393,2025-12-19 20:10,M05,P002,3,0,Espèces,27.0,F,4.0
T11394,2025-12-19 20:26,M01,P013,1,5,Mobile Money,38.0,F,4.0
T11395,2025-12-19 20:51,M01,P009,3,0,Espèces,31.0,F,4.0
T11396,2025-12-19 21:53,M03,P001,2,0,mobile money,28.0,M,3.0
T11397,2025-12-20 08:45,M03,P015,3,0,Espèces,39.0,F,4.0
T11398,2025-12-20 10:29,M01,P025,1,5,Mobile Money,28.0,F,5.0
T11399,2025-12-20 10:41,M01,P004,2,0,Carte,40.0,F,4.0
T11400,2025-12-20 10:50,M03,P002,4,5,Espèces,26.0,M,5.0
T11401,2025-12-20 10:54,M03,P005,2,0,Mobile Money,16.0,M,5.0
T11402,2025-12-20 11:07,M01,P016,2,5,Espèces,28.0,F,4.0
T11403,2025-12-20 11:10,M04,P009,4,0,Mobile Money,43.0,F,3.0
T11404,2025-12-20 11:25,M05,P014,7,10,Mobile Money,25.0,M,4.0
T11405,2025-12-20 11:28,M02,P022,2,15,Mobile Money,26.0,F,4.0
T11406,2025-12-20 11:28,M02,P009,4,0,Mobile Money,40.0,F,3.0
T11407,2025-12-20 11:29,M01,P007,4,5,Carte,21.0,F,3.0
T11408,2025-12-20 11:35,M03,P001,3,5,Espèces,16.0,M,4.0
T11409,2025-12-20 11:38,M06,P023,1,0,Mobile Money,27.0,M,4.0
T11410,2025-12-20 11:54,M06,P005,3,10,Mobile Money,31.0,F,4.0
T11411,2025-12-20 11:55,M02,P005,1,0,Espèces,28.0,M,4.0
T11412,2025-12-20 12:07,M03,P012,4,0,Espèces,23.0,M,4.0
T11413,2025-12-20 12:26,M03,P004,2,0,Mobile Money,41.0,F,5.0
T11414,2025-12-20 12:58,M01,P013,1,0,Mobile Money,33.0,M,5.0
T11415,2025-12-20 13:02,M06,P018,3,5,espèces,47.0,F,5.0
T11416,2025-12-20 13:24,M05,P008,6,10,Espèces,33.0,F,2.0
T11417,2025-12-20 13:27,M01,P011,8,15,Mobile Money,23.0,F,3.0
T11418,2025-12-20 13:30,M02,P014,4,0,Espèces,32.0,M,2.0
T11419,2025-12-20 13:43,M06,P002,3,0,Mobile Money,40.0,F,4.0
T11420,2025-12-20 13:53,M01,P017,1,0,Espèces,43.0,M,3.0
T11421,2025-12-20 14:15,M01,P027,3,10,Mobile Money,42.0,F,4.0
T11422,2025-12-20 14:16,M02,P009,3,10,Mobile Money,34.0,F,3.0
T11423,2025-12-20 14:53,M06,P026,1,0,Espèces,,M,4.0
T11424,2025-12-20 15:03,M03,P003,4,10,Mobile Money,34.0,M,2.0
T11425,2025-12-20 15:26,M01,P009,3,10,Mobile Money,34.0,M,3.0
T11426,2025-12-20 15:27,M03,P006,2,0,Mobile Money,49.0,F,4.0
T11427,2025-12-20 15:31,M05,P027,1,0,Mobile Money,32.0,F,4.0
T11428,2025-12-20 15:37,M01,P015,2,5,Carte,20.0,M,3.0
T11429,2025-12-20 16:11,M01,P004,7,0,Mobile Money,16.0,F,4.0
T11430,2025-12-20 16:34,M04,P014,3,15,Mobile Money,37.0,F,2.0
T11431,2025-12-20 16:47,M02,P004,3,5,Mobile Money,29.0,F,4.0
T11432,2025-12-20 17:06,M06,P006,3,0,Espèces,37.0,F,4.0
T11433,2025-12-20 17:12,M01,P006,2,10,Mobile Money,34.0,F,3.0
T11434,2025-12-20 17:14,M06,P010,2,5,Espèces,35.0,F,3.0
T11435,2025-12-20 17:24,M03,P007,1,5,Espèces,38.0,M,4.0
T11436,2025-12-20 17:32,M03,P011,5,10,Espèces,36.0,F,3.0
T11437,2025-12-20 17:41,M03,P008,2,10,Carte,16.0,F,2.0
T11438,2025-12-20 17:54,M02,P025,1,0,Mobile Money,25.0,F,5.0
T11439,2025-12-20 17:58,M01,P024,1,0,Carte,22.0,F,3.0
T11440,2025-12-20 18:10,M02,P017,3,10,Mobile Money,19.0,F,3.0
T11441,2025-12-20 18:18,M03,P016,2,0,Mobile Money,27.0,F,3.0
T11442,2025-12-20 18:27,M06,P003,1,0,Espèces,33.0,F,3.0
T11443,2025-12-20 18:29,M01,P004,3,5,Espèces,34.0,M,5.0
T11444,2025-12-20 18:35,M04,P002,6,0,Espèces,21.0,F,3.0
T11445,2025-12-20 18:36,M01,P014,3,0,Mobile Money,35.0,F,5.0
T11446,2025-12-20 18:38,M03,P004,4,10,Espèces,16.0,F,4.0
T11447,2025-12-20 18:51,M02,P012,5,10,Mobile Money,33.0,M,3.0
T11448,2025-12-20 18:56,M05,P006,5,0,Espèces,44.0,M,3.0
T11449,2025-12-20 18:58,M01,P002,2,0,Espèces,40.0,F,3.0
T11450,2025-12-20 19:03,M01,P009,3,0,Mobile Money,44.0,M,3.0
T11451,2025-12-20 19:06,M01,P010,5,10,Espèces,51.0,F,5.0
T11452,2025-12-20 19:08,M03,P003,4,5,Espèces,53.0,M,3.0
T11453,2025-12-20 19:24,M02,P001,1,5,Espèces,21.0,F,3.0
T11454,2025-12-20 19:30,M06,P012,1,5,Espèces,35.0,M,4.0
T11455,2025-12-20 19:39,M06,P012,6,15,Mobile Money,31.0,M,5.0
T11456,2025-12-20 19:47,M03,P001,6,10,Mobile Money,24.0,M,5.0
T11457,2025-12-20 19:57,M04,P003,3,10,Espèces,49.0,F,4.0
T11458,2025-12-20 20:10,M05,P016,1,0,Mobile Money,42.0,F,2.0
T11459,2025-12-20 20:24,M02,P007,3,0,Mobile Money,33.0,F,2.0
T11460,2025-12-20 20:42,M02,P013,6,10,Espèces,20.0,M,4.0
T11461,2025-12-20 20:45,M06,P005,3,10,Carte,37.0,M,3.0
T11462,2025-12-20 20:58,M05,P017,3,10,Mobile Money,17.0,F,3.0
T11463,2025-12-21 09:44,M01,P012,5,5,Espèces,16.0,M,5.0
T11464,2025-12-21 11:07,M03,P026,1,0,Mobile Money,24.0,F,3.0
T11465,2025-12-21 11:31,M02,P009,2,0,Mobile Money,35.0,F,4.0
T11466,2025-12-21 11:47,M05,P022,1,0,Mobile Money,33.0,F,4.0
T11467,2025-12-21 11:47,M06,P005,2,0,Espèces,41.0,M,4.0
T11468,2025-12-21 12:01,M04,P013,5,10,Mobile Money,50.0,F,3.0
T11469,2025-12-21 12:11,M05,P013,1,0,Mobile Money,43.0,M,5.0
T11470,2025-12-21 12:14,M03,P006,3,0,Espèces,16.0,F,4.0
T11471,2025-12-21 12:18,M04,P014,2,0,Espèces,43.0,F,3.0
T11472,2025-12-21 12:21,M04,P018,1,10,Mobile Money,29.0,M,3.0
T11474,2025-12-21 12:30,M01,P011,3,0,Espèces,47.0,M,4.0
T11473,2025-12-21 12:30,M02,P014,1,0,Mobile Money,32.0,F,3.0
T11475,2025-12-21 12:52,M04,P011,6,15,Espèces,30.0,F,4.0
T11476,2025-12-21 12:58,M05,P008,2,0,Mobile Money,38.0,F,3.0
T11477,2025-12-21 13:04,M06,P017,2,5,Espèces,47.0,M,4.0
T11478,2025-12-21 13:09,M01,P018,1,5,Mobile Money,35.0,F,3.0
T11479,2025-12-21 13:56,M06,P004,2,0,Espèces,45.0,F,3.0
T11480,2025-12-21 14:21,M01,P004,6,5,Mobile Money,30.0,M,3.0
T11481,2025-12-21 14:34,M03,P016,1,5,Mobile Money,20.0,F,3.0
T11482,2025-12-21 14:57,M01,P010,3,0,Carte,29.0,F,4.0
T11483,2025-12-21 15:21,M01,P010,2,0,Mobile Money,47.0,F,4.0
T11484,2025-12-21 15:55,M02,P013,3,15,Espèces,45.0,M,4.0
T11485,2025-12-21 16:01,M02,P009,2,5,Carte,51.0,M,4.0
T11486,2025-12-21 16:21,M02,P011,1,0,Espèces,29.0,M,5.0
T11487,2025-12-21 16:22,M02,P010,4,0,Espèces,45.0,F,3.0
T11488,2025-12-21 16:52,M03,P012,2,0,Espèces,47.0,F,3.0
T11489,2025-12-21 17:15,M01,P007,5,5,Espèces,34.0,M,3.0
T11490,2025-12-21 17:15,M03,P002,3,0,Mobile Money,47.0,F,4.0
T11491,2025-12-21 17:31,M01,P010,2,5,Espèces,21.0,M,5.0
T11492,2025-12-21 17:33,M03,P019,1,5,Mobile Money,32.0,F,3.0
T11493,2025-12-21 17:38,M02,P018,3,0,Mobile Money,42.0,M,5.0
T11494,2025-12-21 17:40,M03,P003,1,0,Espèces,56.0,F,3.0
T11495,2025-12-21 17:42,M05,P014,3,0,Carte,31.0,M,4.0
T11496,2025-12-21 17:48,M03,P017,3,15,Mobile Money,26.0,M,2.0
T11497,2025-12-21 17:52,M06,P011,4,5,Mobile Money,21.0,F,3.0
T11498,2025-12-21 18:05,M01,P005,3,0,Mobile Money,51.0,F,3.0
T11499,2025-12-21 18:06,M01,P017,2,10,Espèces,21.0,M,3.0
T11500,2025-12-21 18:07,M03,P010,1,5,Carte,48.0,M,2.0
T11501,2025-12-21 18:14,M01,P020,1,0,Mobile Money,23.0,F,3.0
T11502,2025-12-21 18:34,M05,P010,2,5,Mobile Money,27.0,M,3.0
T11503,2025-12-21 18:37,M03,P010,3,0,Espèces,33.0,F,4.0
T11504,2025-12-21 18:43,M01,P007,3,0,Mobile Money,25.0,M,3.0
T11505,2025-12-21 18:44,M01,P025,1,0,Mobile Money,38.0,F,2.0
T11506,2025-12-21 19:00,M03,P027,1,0,Mobile Money,33.0,M,4.0
T11507,2025-12-21 19:07,M02,P018,2,0,Mobile Money,30.0,F,4.0
T11508,2025-12-21 19:07,M01,P001,2,0,Espèces,23.0,F,2.0
T11509,2025-12-21 19:09,M01,P018,4,0,Mobile Money,45.0,F,4.0
T11510,2025-12-21 19:21,M02,P002,6,0,Mobile Money,26.0,F,2.0
T11511,2025-12-21 19:48,M06,P001,3,0,Mobile Money,22.0,F,3.0
T11512,2025-12-21 20:08,M04,P023,2,10,Mobile Money,34.0,M,2.0
T11513,2025-12-21 20:09,M05,P005,4,5,Mobile Money,24.0,M,4.0
T11514,2025-12-21 20:15,M04,P022,3,15,Mobile Money,18.0,F,3.0
T11515,2025-12-21 21:23,M03,P012,3,10,Espèces,29.0,F,4.0
T11516,2025-12-22 09:00,M01,P014,2,0,Mobile Money,40.0,F,4.0
T11517,2025-12-22 10:20,M01,P014,3,0,Espèces,46.0,M,4.0
T11518,2025-12-22 10:37,M03,P006,3,0,Espèces,27.0,F,3.0
T11519,2025-12-22 11:25,M02,P010,3,5,Espèces,,M,4.0
T11520,2025-12-22 11:51,M01,P010,2,5,Espèces,33.0,F,4.0
T11521,2025-12-22 11:54,M03,P001,3,0,Mobile Money,31.0,F,4.0
T11522,2025-12-22 12:12,M01,P007,3,10,Espèces,32.0,M,4.0
T11523,2025-12-22 12:26,M02,P027,1,5,Espèces,36.0,M,3.0
T11524,2025-12-22 12:32,M05,P005,6,0,Mobile Money,16.0,F,4.0
T11525,2025-12-22 12:36,M04,P004,3,10,Mobile Money,16.0,M,3.0
T11526,2025-12-22 12:59,M02,P017,1,0,Mobile Money,55.0,F,3.0
T11527,2025-12-22 13:12,M04,P026,1,5,Carte,16.0,F,2.0
T11528,2025-12-22 13:15,M01,P022,1,5,Espèces,20.0,M,4.0
T11529,2025-12-22 13:16,M02,P004,3,5,Mobile Money,39.0,F,3.0
T11530,2025-12-22 13:32,M05,P001,4,10,Mobile Money,37.0,F,3.0
T11531,2025-12-22 13:48,M05,P006,3,0,Espèces,40.0,F,5.0
T11532,2025-12-22 14:06,M01,P005,1,0,Mobile Money,27.0,F,2.0
T11533,2025-12-22 14:08,M03,P004,1,0,Espèces,26.0,F,4.0
T11534,2025-12-22 14:09,M01,P010,3,0,Espèces,34.0,F,4.0
T11535,2025-12-22 14:12,M04,P005,1,0,Espèces,24.0,M,1.0
T11536,2025-12-22 15:29,M01,P022,1,0,Mobile Money,29.0,F,4.0
T11537,2025-12-22 15:55,M03,P009,2,5,Mobile Money,34.0,F,5.0
T11538,2025-12-22 15:56,M03,P003,2,0,Espèces,16.0,F,4.0
T11539,2025-12-22 15:57,M04,P015,2,5,Mobile Money,16.0,F,1.0
T11540,2025-12-22 16:13,M06,P003,4,10,Carte,39.0,F,5.0
T11541,2025-12-22 16:19,M03,P004,6,15,Mobile Money,48.0,F,4.0
T11542,2025-12-22 17:09,M01,P012,2,5,Mobile Money,29.0,M,3.0
T11543,2025-12-22 17:10,M03,P016,3,0,Espèces,21.0,F,4.0
T11544,2025-12-22 17:11,M01,P004,5,0,Espèces,30.0,M,2.0
T11545,2025-12-22 17:44,M05,P005,2,5,Mobile Money,20.0,M,3.0
T11546,2025-12-22 17:46,M06,P025,1,0,Espèces,28.0,F,5.0
T11547,2025-12-22 18:04,M05,P010,3,15,Mobile Money,40.0,M,4.0
T11548,2025-12-22 18:05,M03,P008,2,5,Espèces,40.0,F,5.0
T11549,2025-12-22 18:11,M01,P007,6,10,Mobile Money,29.0,F,4.0
T11550,2025-12-22 18:22,M01,P007,4,0,Mobile Money,51.0,F,4.0
T11551,2025-12-22 18:26,M02,P010,2,0,Carte,42.0,M,4.0
T11552,2025-12-22 18:48,M01,P013,4,10,Mobile Money,46.0,M,3.0
T11553,2025-12-22 18:50,M03,P004,2,0,Mobile Money,36.0,F,3.0
T11554,2025-12-22 19:09,M03,P023,2,10,Espèces,23.0,M,4.0
T11555,2025-12-22 19:10,M05,P003,2,10,espèces,51.0,M,5.0
T11556,2025-12-22 19:11,M06,P005,5,10,Mobile Money,47.0,F,2.0
T11557,2025-12-22 19:13,M02,P014,2,15,Carte,23.0,F,4.0
T11558,2025-12-22 19:14,M03,P014,2,5,Mobile Money,45.0,F,3.0
T11559,2025-12-22 19:16,M04,P007,2,5,Mobile Money,35.0,M,2.0
T11560,2025-12-22 19:30,M05,P010,1,10,Mobile Money,16.0,F,1.0
T11561,2025-12-22 19:54,M05,P006,6,10,Mobile Money,22.0,M,3.0
T11562,2025-12-22 19:55,M03,P014,1,0,Espèces,40.0,M,2.0
T11563,2025-12-22 19:57,M06,P002,2,0,Mobile Money,16.0,M,4.0
T11564,2025-12-22 20:12,M01,P027,2,10,Mobile Money,50.0,F,3.0
T11565,2025-12-22 20:21,M01,P002,2,0,Carte,44.0,F,4.0
T11566,2025-12-22 20:49,M05,P004,2,0,Mobile Money,39.0,F,4.0
T11567,2025-12-22 21:21,M01,P012,4,15,Espèces,30.0,M,5.0
T11568,2025-12-23 10:35,M01,P010,5,15,Mobile Money,35.0,M,4.0
T11569,2025-12-23 11:49,M02,P007,6,5,Mobile Money,29.0,M,3.0
T11570,2025-12-23 11:49,M01,P012,4,15,Mobile Money,50.0,M,4.0
T11571,2025-12-23 11:49,M01,P009,3,0,Carte,22.0,F,3.0
T11572,2025-12-23 11:52,M01,P016,1,0,Mobile Money,36.0,F,5.0
T11573,2025-12-23 12:14,M03,P017,2,0,Mobile Money,21.0,M,3.0
T11574,2025-12-23 12:17,M03,P016,4,10,Mobile Money,53.0,F,5.0
T11575,2025-12-23 12:42,M05,P001,1,15,Espèces,23.0,M,3.0
T11576,2025-12-23 12:48,M04,P014,5,0,Mobile Money,46.0,F,2.0
T11577,2025-12-23 13:24,M01,P012,2,0,Espèces,,F,3.0
T11578,2025-12-23 13:53,M04,P004,2,0,Mobile Money,51.0,F,4.0
T11579,2025-12-23 14:33,M03,P027,1,5,Espèces,20.0,M,4.0
T11580,2025-12-23 14:36,M02,P014,2,0,Espèces,28.0,M,2.0
T11581,2025-12-23 14:42,M01,P004,1,0,Mobile Money,37.0,F,4.0
T11582,2025-12-23 15:38,M06,P003,5,10,Espèces,26.0,M,4.0
T11583,2025-12-23 16:40,M05,P017,2,0,Mobile Money,31.0,F,5.0
T11584,2025-12-23 16:51,M05,P027,-2,15,Carte,37.0,F,3.0
T11585,2025-12-23 17:11,M04,P012,3,15,Mobile Money,48.0,F,2.0
T11586,2025-12-23 17:18,M05,P012,2,0,Espèces,53.0,F,4.0
T11587,2025-12-23 17:22,M01,P007,3,0,Mobile Money,29.0,F,3.0
T11588,2025-12-23 17:28,M03,P011,4,15,Carte,16.0,F,4.0
T11589,2025-12-23 17:33,M03,P022,1,0,Espèces,27.0,M,4.0
T11590,2025-12-23 18:08,M01,P001,4,15,Mobile Money,43.0,M,3.0
T11591,2025-12-23 18:09,M05,P002,3,10,Mobile Money,21.0,F,4.0
T11592,2025-12-23 18:15,M04,P021,2,10,Mobile Money,32.0,M,2.0
T11593,2025-12-23 18:22,M03,P022,1,10,Espèces,34.0,F,3.0
T11594,2025-12-23 18:34,M01,P027,1,0,Mobile Money,,M,3.0
T11595,2025-12-23 18:46,M03,P014,3,15,Espèces,26.0,M,4.0
T11596,2025-12-23 18:51,M01,P004,1,0,Espèces,,F,5.0
T11597,2025-12-23 18:54,M05,P002,6,10,Carte,33.0,M,4.0
T11598,2025-12-23 19:48,M03,P006,1,5,Espèces,26.0,M,5.0
T11599,2025-12-23 19:55,M05,P010,3,10,Mobile Money,26.0,F,4.0
T11600,2025-12-23 20:10,M05,P010,2,5,Mobile Money,26.0,F,4.0
T11601,2025-12-23 20:14,M02,P009,1,0,Espèces,16.0,F,3.0
T11602,2025-12-23 20:26,M02,P007,2,0,Carte,25.0,M,4.0
T11603,2025-12-23 21:53,M04,P006,2,0,Espèces,34.0,F,2.0
T11604,2025-12-24 10:19,M01,P010,3,0,Mobile Money,31.0,F,4.0
T11605,2025-12-24 10:19,M03,P007,1,15,Espèces,49.0,F,4.0
T11606,2025-12-24 11:44,M01,P012,2,0,Espèces,34.0,F,4.0
T11607,2025-12-24 11:50,M01,P020,1,0,Mobile Money,26.0,M,5.0
T11608,2025-12-24 11:54,M01,P007,2,5,Mobile Money,33.0,F,3.0
T11609,2025-12-24 11:55,M03,P002,3,0,Espèces,43.0,F,3.0
T11610,2025-12-24 12:18,M01,P002,2,0,Espèces,40.0,F,3.0
T11611,2025-12-24 12:28,M04,P022,1,15,Mobile Money,24.0,F,3.0
T11612,2025-12-24 12:30,M02,P008,3,15,Espèces,49.0,M,3.0
T11613,2025-12-24 12:45,M01,P013,3,0,Mobile Money,22.0,M,3.0
T11614,2025-12-24 12:58,M04,P027,3,10,Mobile Money,32.0,F,3.0
T11615,2025-12-24 13:15,M01,P007,2,0,Mobile Money,16.0,F,3.0
T11616,2025-12-24 13:35,M01,P009,2,0,Mobile Money,22.0,F,4.0
T11617,2025-12-24 14:09,M03,P025,3,15,espèces,51.0,F,5.0
T11618,2025-12-24 14:11,M03,P001,4,15,Mobile Money,27.0,M,4.0
T11619,2025-12-24 14:17,M04,P014,3,0,Espèces,45.0,M,4.0
T11620,2025-12-24 14:35,M04,P003,2,0,Mobile Money,24.0,M,3.0
T11621,2025-12-24 14:51,M05,P027,1,0,Espèces,28.0,F,4.0
T11622,2025-12-24 14:52,M04,P020,1,10,Mobile Money,30.0,M,2.0
T11623,2025-12-24 14:56,M05,P017,1,0,Mobile Money,47.0,M,3.0
T11624,2025-12-24 15:06,M06,P019,1,0,Carte,16.0,M,4.0
T11625,2025-12-24 15:45,M02,P001,3,0,Mobile Money,41.0,M,2.0
T11626,2025-12-24 16:07,M01,P019,1,15,Carte,17.0,F,3.0
T11627,2025-12-24 16:43,M05,P001,1,5,Espèces,36.0,F,5.0
T11628,2025-12-24 16:45,M02,P027,2,10,Espèces,48.0,F,5.0
T11629,2025-12-24 16:48,M04,P015,4,10,Mobile Money,53.0,F,1.0
T11630,2025-12-24 16:54,M02,P013,3,10,Mobile Money,50.0,F,4.0
T11631,2025-12-24 16:57,M04,P012,2,15,Espèces,30.0,F,3.0
T11632,2025-12-24 17:03,M02,P005,3,10,Mobile Money,32.0,M,2.0
T11633,2025-12-24 17:16,M06,P011,4,10,Espèces,42.0,M,4.0
T11634,2025-12-24 17:38,M02,P023,1,0,Mobile Money,30.0,M,5.0
T11635,2025-12-24 17:47,M01,P002,2,5,Mobile Money,40.0,F,4.0
T11636,2025-12-24 17:48,M02,P012,2,5,Espèces,45.0,F,3.0
T11638,2025-12-24 18:08,M01,P017,4,10,Espèces,54.0,F,3.0
T11637,2025-12-24 18:08,M01,P010,2,10,Mobile Money,30.0,F,3.0
T11639,2025-12-24 18:16,M04,P001,2,0,Mobile Money,42.0,M,1.0
T11640,2025-12-24 18:18,M05,P026,1,0,Mobile Money,34.0,M,5.0
T11641,2025-12-24 18:19,M04,P002,2,0,Mobile Money,41.0,F,3.0
T11642,2025-12-24 18:19,M03,P011,4,10,Mobile Money,23.0,F,5.0
T11643,2025-12-24 18:32,M03,P014,2,0,Espèces,34.0,F,3.0
T11644,2025-12-24 18:35,M06,P004,4,0,Mobile Money,36.0,M,3.0
T11645,2025-12-24 18:36,M01,P002,4,15,Espèces,32.0,F,3.0
T11646,2025-12-24 18:36,M02,P004,2,0,Espèces,25.0,F,5.0
T11647,2025-12-24 18:38,M01,P007,9,5,Espèces,40.0,M,5.0
T11648,2025-12-24 18:40,M01,P025,1,10,Mobile Money,43.0,M,4.0
T11649,2025-12-24 19:01,M03,P014,5,0,Mobile Money,34.0,F,4.0
T11650,2025-12-24 19:29,M01,P003,2,0,Mobile Money,32.0,M,4.0
T11651,2025-12-24 19:32,M04,P005,4,5,Mobile Money,27.0,M,2.0
T11652,2025-12-24 20:25,M01,P011,3,10,Mobile Money,38.0,M,3.0
T11653,2025-12-25 10:44,M02,P014,1,5,Mobile Money,39.0,F,3.0
T11654,2025-12-25 11:15,M02,P007,6,10,Mobile Money,36.0,F,3.0
T11655,2025-12-25 11:16,M06,P011,1,0,Mobile Money,26.0,M,3.0
T11656,2025-12-25 11:42,M03,P011,7,0,Espèces,52.0,F,2.0
T11657,2025-12-25 11:45,M03,P009,2,10,Mobile Money,25.0,M,3.0
T11658,2025-12-25 12:07,M02,P005,3,0,Espèces,33.0,M,5.0
T11659,2025-12-25 12:21,M04,P026,1,5,Espèces,31.0,F,3.0
T11660,2025-12-25 12:33,M01,P017,1,0,Mobile Money,30.0,F,3.0
T11661,2025-12-25 13:14,M01,P023,2,10,Espèces,27.0,M,4.0
T11662,2025-12-25 13:19,M01,P007,4,0,Carte,25.0,F,3.0
T11663,2025-12-25 13:21,M01,P005,8,15,Espèces,30.0,M,3.0
T11664,2025-12-25 13:23,M04,P016,2,0,Espèces,44.0,M,4.0
T11665,2025-12-25 13:45,M01,P015,3,0,Carte,64.0,F,4.0
T11666,2025-12-25 14:07,M06,P014,3,5,Espèces,39.0,F,3.0
T11667,2025-12-25 15:24,M05,P014,8,10,Espèces,35.0,F,4.0
T11668,2025-12-25 15:53,M01,P016,6,15,Espèces,40.0,M,3.0
T11669,2025-12-25 16:05,M04,P010,2,0,Mobile Money,37.0,F,2.0
T11670,2025-12-25 16:20,M01,P011,2,0,Carte,42.0,F,4.0
T11671,2025-12-25 16:25,M01,P017,3,5,Espèces,38.0,F,4.0
T11672,2025-12-25 16:29,M04,P020,1,0,Mobile Money,33.0,M,2.0
T11673,2025-12-25 16:34,M02,P003,5,15,Mobile Money,32.0,F,2.0
T11674,2025-12-25 16:38,M05,P009,3,0,Mobile Money,50.0,F,3.0
T11675,2025-12-25 16:40,M01,P009,3,0,Espèces,43.0,M,5.0
T11676,2025-12-25 17:03,M05,P009,3,5,Mobile Money,31.0,F,3.0
T11677,2025-12-25 17:07,M03,P007,2,0,Espèces,36.0,F,4.0
T11678,2025-12-25 17:10,M05,P009,2,10,Mobile Money,48.0,M,4.0
T11679,2025-12-25 17:11,M06,P025,1,5,Mobile Money,25.0,F,4.0
T11680,2025-12-25 17:31,M01,P007,3,0,Mobile Money,16.0,F,4.0
T11681,2025-12-25 17:55,M03,P005,8,10,Espèces,,F,4.0
T11682,2025-12-25 17:57,M02,P001,3,5,Espèces,27.0,M,1.0
T11684,2025-12-25 18:02,M01,P014,1,0,Espèces,26.0,M,4.0
T11683,2025-12-25 18:02,M01,P006,3,0,Mobile Money,,M,5.0
T11685,2025-12-25 18:03,M06,P010,2,10,espèces,32.0,M,3.0
T11686,2025-12-25 18:31,M03,P010,3,15,Espèces,29.0,M,4.0
T11687,2025-12-25 18:44,M05,P005,4,0,Mobile Money,22.0,M,4.0
T11688,2025-12-25 18:57,M01,P012,3,10,Mobile Money,28.0,M,3.0
T11689,2025-12-25 19:16,M05,P002,5,5,Mobile Money,34.0,F,5.0
T11690,2025-12-25 19:18,M01,P024,2,15,Mobile Money,30.0,F,3.0
T11691,2025-12-25 19:24,M05,P005,3,5,Espèces,46.0,M,3.0
T11692,2025-12-25 19:27,M01,P001,4,15,Mobile Money,36.0,M,3.0
T11693,2025-12-25 19:31,M02,P012,2,5,Mobile Money,26.0,F,3.0
T11694,2025-12-25 19:50,M05,P004,4,0,Espèces,50.0,M,4.0
T11695,2025-12-25 19:53,M01,P003,2,0,Mobile Money,28.0,F,3.0
T11696,2025-12-25 20:12,M03,P005,4,10,Espèces,57.0,M,3.0
T11696,2025-12-25 20:12,M03,P005,4,10,Espèces,57.0,M,3.0
T11697,2025-12-25 20:42,M05,P026,1,0,Espèces,32.0,F,3.0
T11698,2025-12-25 20:44,M04,P006,2,0,Mobile Money,36.0,F,2.0
T11699,2025-12-26 10:01,M01,P018,6,15,Carte,41.0,F,4.0
T11700,2025-12-26 10:29,M04,P019,3,10,Mobile Money,29.0,F,3.0
T11701,2025-12-26 10:37,M01,P018,2,0,Mobile Money,31.0,F,4.0
T11702,2025-12-26 10:42,M01,P014,2,0,Espèces,40.0,F,5.0
T11703,2025-12-26 10:51,M01,P022,1,0,Espèces,18.0,M,3.0
T11704,2025-12-26 10:59,M04,P018,5,0,Espèces,25.0,F,4.0
T11705,2025-12-26 11:04,M03,P002,5,0,Mobile Money,42.0,F,3.0
T11706,2025-12-26 11:08,M03,P025,2,10,Mobile Money,47.0,F,3.0
T11707,2025-12-26 11:19,M05,P005,2,5,Mobile Money,47.0,M,3.0
T11708,2025-12-26 11:38,M03,P011,2,5,Mobile Money,42.0,M,3.0
T11709,2025-12-26 12:10,M01,P025,1,5,Mobile Money,24.0,M,4.0
T11710,2025-12-26 12:14,M01,P010,1,0,Mobile Money,32.0,F,3.0
T11711,2025-12-26 12:42,M06,P014,1,0,Espèces,40.0,F,2.0
T11712,2025-12-26 12:45,M05,P009,1,0,Mobile Money,33.0,F,4.0
T11713,2025-12-26 12:58,M02,P014,7,10,Mobile Money,30.0,F,4.0
T11714,2025-12-26 13:14,M03,P009,2,0,Mobile Money,28.0,M,3.0
T11715,2025-12-26 13:20,M03,P007,6,10,Mobile Money,20.0,F,3.0
T11716,2025-12-26 13:24,M03,P007,2,5,Mobile Money,39.0,F,4.0
T11717,2025-12-26 13:48,M03,P001,2,0,Carte,34.0,M,3.0
T11718,2025-12-26 14:00,M05,P009,1,0,Espèces,21.0,M,4.0
T11719,2025-12-26 14:33,M06,P010,4,0,Mobile Money,33.0,M,4.0
T11720,2025-12-26 15:12,M05,P014,1,0,Espèces,44.0,F,4.0
T11721,2025-12-26 15:55,M01,P002,1,0,Espèces,39.0,M,4.0
T11722,2025-12-26 16:17,M01,P001,4,0,Espèces,35.0,M,5.0
T11723,2025-12-26 16:56,M05,P001,2,0,Mobile Money,55.0,M,4.0
T11724,2025-12-26 17:04,M06,P015,1,0,Mobile Money,52.0,M,3.0
T11725,2025-12-26 17:14,M05,P011,3,0,Mobile Money,48.0,F,5.0
T11727,2025-12-26 17:15,M03,P012,3,15,Mobile Money,37.0,M,4.0
T11726,2025-12-26 17:15,M02,P026,3,15,Espèces,39.0,F,4.0
T11728,2025-12-26 17:24,M05,P001,5,10,Mobile Money,33.0,M,5.0
T11729,2025-12-26 17:29,M03,P014,2,0,Espèces,16.0,F,3.0
T11730,2025-12-26 17:32,M02,P017,3,0,Mobile Money,34.0,F,3.0
T11731,2025-12-26 18:07,M06,P025,1,0,Mobile Money,29.0,M,5.0
T11732,2025-12-26 18:22,M01,P009,3,0,Mobile Money,29.0,M,2.0
T11733,2025-12-26 18:40,M01,P011,2,5,Mobile Money,34.0,M,4.0
T11734,2025-12-26 19:06,M01,P007,3,0,Carte,31.0,M,3.0
T11735,2025-12-26 19:10,M06,P014,3,0,Espèces,41.0,M,4.0
T11736,2025-12-26 19:25,M04,P012,4,10,Espèces,25.0,F,2.0
T11737,2025-12-26 19:42,M02,P014,4,0,Espèces,33.0,F,2.0
T11738,2025-12-26 19:51,M06,P016,5,10,Mobile Money,35.0,F,3.0
T11739,2025-12-26 19:53,M02,P020,1,0,Mobile Money,21.0,F,4.0
T11740,2025-12-26 20:11,M04,P016,3,10,Mobile Money,31.0,F,2.0
T11741,2025-12-26 20:20,M03,P008,1,0,Espèces,23.0,M,3.0
T11742,2025-12-26 20:36,M02,P004,4,0,Espèces,30.0,F,3.0
T11743,2025-12-26 20:46,M04,P007,5,0,Espèces,19.0,F,1.0
T11744,2025-12-26 21:53,M03,P006,5,15,Espèces,30.0,F,3.0
T11745,2025-12-27 10:48,M02,P016,3,10,Carte,23.0,F,3.0
T11746,2025-12-27 10:56,M04,P001,4,15,Carte,25.0,F,4.0
T11747,2025-12-27 11:20,M05,P008,2,0,Espèces,33.0,M,4.0
T11748,2025-12-27 11:20,M01,P018,1,0,Espèces,,F,5.0
T11749,2025-12-27 11:35,M01,P016,4,10,Espèces,35.0,F,4.0
T11750,2025-12-27 11:37,M04,P007,2,0,Espèces,44.0,F,2.0
T11751,2025-12-27 11:42,M04,P016,2,0,Espèces,34.0,F,3.0
T11752,2025-12-27 11:43,M04,P024,1,0,Mobile Money,28.0,F,1.0
T11753,2025-12-27 11:54,M04,P022,1,0,Espèces,29.0,M,4.0
T11754,2025-12-27 12:00,M04,P016,2,5,Mobile Money,27.0,M,2.0
T11755,2025-12-27 12:07,M01,P003,3,0,Espèces,33.0,M,5.0
T11756,2025-12-27 12:07,M03,P007,3,10,Espèces,28.0,F,4.0
T11757,2025-12-27 12:14,M03,P019,1,10,Mobile Money,26.0,F,4.0
T11758,2025-12-27 12:19,M05,P020,2,15,Espèces,23.0,F,4.0
T11759,2025-12-27 12:31,M04,P012,3,0,Mobile Money,48.0,F,2.0
T11760,2025-12-27 12:43,M01,P003,1,0,Mobile Money,16.0,M,3.0
T11761,2025-12-27 12:54,M06,P009,4,15,Espèces,25.0,M,3.0
T11762,2025-12-27 12:55,M05,P001,1,0,Espèces,20.0,F,4.0
T11763,2025-12-27 12:57,M04,P025,3,10,Mobile Money,33.0,F,3.0
T11764,2025-12-27 13:02,M04,P003,4,0,Espèces,21.0,M,4.0
T11765,2025-12-27 13:16,M06,P010,4,0,Carte,29.0,M,2.0
T11766,2025-12-27 13:33,M06,P003,1,0,Mobile Money,33.0,M,3.0
T11767,2025-12-27 13:36,M01,P001,4,5,Mobile Money,26.0,M,4.0
T11768,2025-12-27 13:38,M04,P010,1,0,Mobile Money,28.0,F,4.0
T11769,2025-12-27 15:07,M03,P017,3,10,Mobile Money,28.0,F,3.0
T11770,2025-12-27 15:11,M02,P002,3,15,Espèces,32.0,F,5.0
T11771,2025-12-27 15:19,M03,P013,2,15,Espèces,46.0,F,3.0
T11772,2025-12-27 15:59,M05,P015,5,15,Mobile Money,38.0,F,3.0
T11773,2025-12-27 16:13,M04,P005,3,0,Espèces,22.0,F,3.0
T11774,2025-12-27 16:32,M06,P003,3,0,Espèces,23.0,M,2.0
T11775,2025-12-27 16:36,M01,P003,2,0,Mobile Money,49.0,F,5.0
T11776,2025-12-27 16:37,M04,P007,4,0,Mobile Money,31.0,M,2.0
T11777,2025-12-27 16:43,M03,P014,2,0,Espèces,40.0,M,2.0
T11778,2025-12-27 16:45,M02,P001,3,0,Carte,16.0,F,5.0
T11780,2025-12-27 16:57,M05,P013,2,0,Mobile Money,16.0,F,4.0
T11779,2025-12-27 16:57,M01,P009,3,0,Espèces,40.0,M,2.0
T11781,2025-12-27 16:59,M04,P001,3,15,Mobile Money,21.0,F,2.0
T11782,2025-12-27 17:04,M04,P011,5,5,Espèces,33.0,F,1.0
T11783,2025-12-27 17:29,M01,P025,1,0,Espèces,38.0,M,5.0
T11784,2025-12-27 17:30,M02,P017,1,0,Mobile Money,32.0,M,2.0
T11785,2025-12-27 17:38,M03,P012,4,0,Espèces,,M,3.0
T11786,2025-12-27 17:43,M01,P001,1,0,Carte,45.0,M,4.0
T11787,2025-12-27 17:49,M02,P010,2,5,Mobile Money,21.0,M,3.0
T11788,2025-12-27 17:52,M05,P017,4,10,Mobile Money,32.0,F,4.0
T11788,2025-12-27 17:52,M05,P017,4,10,Mobile Money,32.0,F,4.0
T11789,2025-12-27 18:06,M03,P004,2,0,Mobile Money,26.0,F,4.0
T11790,2025-12-27 18:10,M03,P016,4,10,Mobile Money,39.0,M,3.0
T11791,2025-12-27 18:16,M01,P006,4,10,Mobile Money,44.0,F,3.0
T11792,2025-12-27 18:20,M02,P019,1,0,Mobile Money,24.0,M,5.0
T11793,2025-12-27 18:33,M01,P003,1,0,Carte,37.0,M,2.0
T11794,2025-12-27 18:34,M02,P006,5,5,Mobile Money,31.0,F,2.0
T11795,2025-12-27 18:40,M01,P020,3,10,Espèces,28.0,F,4.0
T11796,2025-12-27 18:41,M05,P023,1,0,Mobile Money,29.0,F,3.0
T11797,2025-12-27 18:54,M06,P005,2,0,Espèces,37.0,F,3.0
T11798,2025-12-27 18:58,M02,P025,1,0,Espèces,17.0,F,3.0
T11799,2025-12-27 19:12,M01,P014,1,5,Mobile Money,28.0,F,4.0
T11800,2025-12-27 19:19,M03,P003,3,0,Espèces,39.0,F,3.0
T11801,2025-12-27 19:20,M06,P015,3,0,Espèces,50.0,F,3.0
T11802,2025-12-27 19:24,M05,P016,4,0,Espèces,23.0,F,3.0
T11803,2025-12-27 19:35,M02,P017,1,0,Mobile Money,37.0,M,2.0
T11804,2025-12-27 19:40,M01,P007,2,0,Mobile Money,24.0,F,5.0
T11805,2025-12-27 19:40,M02,P013,2,0,Espèces,20.0,M,3.0
T11806,2025-12-27 20:03,M01,P005,4,10,Mobile Money,61.0,F,4.0
T11807,2025-12-27 20:03,M05,P012,4,0,Mobile Money,34.0,M,3.0
T11808,2025-12-27 20:05,M04,P010,2,5,Mobile Money,37.0,M,2.0
T11809,2025-12-27 20:37,M02,P025,1,5,Espèces,46.0,M,3.0
T11810,2025-12-27 20:42,M01,P001,3,15,Mobile Money,38.0,F,4.0
T11811,2025-12-27 21:10,M02,P001,2,5,Mobile Money,18.0,F,3.0
T11812,2025-12-27 21:27,M03,P017,5,10,Mobile Money,29.0,F,3.0
T11813,2025-12-28 10:00,M05,P014,3,0,Mobile Money,36.0,M,3.0
T11814,2025-12-28 10:01,M05,P001,3,5,Espèces,27.0,M,4.0
T11815,2025-12-28 11:19,M01,P014,3,0,Mobile Money,39.0,M,5.0
T11816,2025-12-28 11:20,M06,P013,6,15,Carte,30.0,F,2.0
T11817,2025-12-28 11:20,M01,P027,1,0,Espèces,25.0,M,4.0
T11818,2025-12-28 11:32,M01,P001,2,5,Espèces,34.0,F,5.0
T11819,2025-12-28 11:46,M04,P013,3,0,Espèces,40.0,M,3.0
T11820,2025-12-28 12:05,M02,P020,3,10,Espèces,37.0,M,4.0
T11821,2025-12-28 12:08,M03,P025,1,0,Mobile Money,16.0,F,4.0
T11822,2025-12-28 12:13,M02,P009,3,10,Espèces,34.0,M,3.0
T11823,2025-12-28 12:33,M02,P025,1,15,Espèces,26.0,M,5.0
T11824,2025-12-28 12:35,M02,P022,1,5,Mobile Money,16.0,F,4.0
T11825,2025-12-28 12:42,M01,P004,4,15,Espèces,57.0,F,4.0
T11826,2025-12-28 12:55,M02,P012,3,0,Espèces,23.0,F,4.0
T11827,2025-12-28 12:57,M01,P001,1,0,Espèces,26.0,F,4.0
T11828,2025-12-28 13:26,M01,P013,4,10,Espèces,43.0,M,4.0
T11829,2025-12-28 13:28,M02,P004,4,10,Espèces,27.0,F,3.0
T11830,2025-12-28 13:29,M03,P003,1,0,Mobile Money,23.0,M,5.0
T11831,2025-12-28 13:40,M05,P012,2,5,Mobile Money,23.0,M,4.0
T11832,2025-12-28 13:42,M01,P024,1,15,Mobile Money,23.0,M,4.0
T11833,2025-12-28 14:05,M02,P002,4,10,Mobile Money,32.0,F,5.0
T11834,2025-12-28 14:21,M06,P004,2,0,Mobile Money,43.0,F,4.0
T11835,2025-12-28 14:39,M05,P005,4,10,Mobile Money,43.0,F,4.0
T11836,2025-12-28 14:50,M05,P011,4,5,Mobile Money,32.0,F,2.0
T11837,2025-12-28 15:11,M01,P004,1,5,Espèces,34.0,M,4.0
T11838,2025-12-28 15:43,M01,P018,2,15,Espèces,20.0,F,4.0
T11839,2025-12-28 15:45,M03,P014,4,10,Mobile Money,,M,4.0
T11840,2025-12-28 15:54,M04,P008,4,10,Mobile Money,34.0,F,3.0
T11841,2025-12-28 16:02,M02,P015,3,10,Mobile Money,24.0,M,3.0
T11842,2025-12-28 16:12,M03,P010,2,10,Mobile Money,31.0,F,3.0
T11843,2025-12-28 16:20,M05,P012,4,10,Mobile Money,45.0,M,3.0
T11844,2025-12-28 16:22,M06,P001,3,5,Espèces,16.0,F,3.0
T11845,2025-12-28 16:58,M05,P001,3,0,Mobile Money,28.0,M,2.0
T11846,2025-12-28 17:16,M01,P012,4,10,Espèces,37.0,M,4.0
T11847,2025-12-28 17:21,M04,P012,1,15,Mobile Money,28.0,M,3.0
T11848,2025-12-28 17:31,M03,P007,2,15,Mobile Money,40.0,F,3.0
T11849,2025-12-28 17:47,M04,P008,5,10,Espèces,17.0,F,2.0
T11850,2025-12-28 17:50,M01,P002,3,10,Carte,33.0,F,4.0
T11851,2025-12-28 17:54,M01,P019,1,5,Espèces,35.0,M,3.0
T11852,2025-12-28 18:01,M01,P011,3,10,Mobile Money,28.0,M,4.0
T11853,2025-12-28 18:01,M04,P011,3,10,Mobile Money,44.0,M,3.0
T11854,2025-12-28 18:03,M05,P014,1,0,Mobile Money,37.0,M,3.0
T11855,2025-12-28 18:08,M04,P014,3,0,Mobile Money,31.0,F,2.0
T11856,2025-12-28 18:17,M02,P009,4,15,Espèces,53.0,M,4.0
T11857,2025-12-28 18:18,M01,P019,1,5,Mobile Money,33.0,M,3.0
T11859,2025-12-28 18:32,M01,P005,2,10,Mobile Money,32.0,M,3.0
T11858,2025-12-28 18:32,M03,P006,2,5,Mobile Money,40.0,F,3.0
T11860,2025-12-28 18:41,M05,P006,4,0,Espèces,30.0,M,5.0
T11861,2025-12-28 18:54,M04,P008,2,0,Espèces,40.0,M,3.0
T11862,2025-12-28 18:58,M01,P018,3,0,Mobile Money,37.0,M,3.0
T11863,2025-12-28 19:09,M01,P012,6,10,Espèces,34.0,F,3.0
T11864,2025-12-28 19:24,M03,P016,3,0,Mobile Money,36.0,F,2.0
T11865,2025-12-28 19:31,M05,P009,2,0,Espèces,40.0,F,3.0
T11866,2025-12-28 19:32,M06,P007,1,0,mobile money,40.0,M,4.0
T11867,2025-12-28 19:34,M05,P017,1,5,Mobile Money,34.0,M,3.0
T11868,2025-12-28 19:34,M03,P025,1,0,mobile money,59.0,M,4.0
T11869,2025-12-28 19:36,M02,P010,5,15,Mobile Money,30.0,F,2.0
T11870,2025-12-28 19:41,M03,P007,4,0,Espèces,39.0,M,4.0
T11871,2025-12-28 19:47,M05,P025,1,0,Mobile Money,18.0,F,3.0
T11872,2025-12-28 19:48,M02,P017,2,0,Mobile Money,36.0,F,4.0
T11873,2025-12-28 19:48,M05,P027,1,0,Espèces,26.0,M,4.0
T11874,2025-12-28 19:58,M04,P006,1,0,Mobile Money,21.0,M,3.0
T11875,2025-12-28 20:04,M03,P015,2,5,Espèces,27.0,M,3.0
T11876,2025-12-28 20:06,M04,P009,1,0,Espèces,37.0,M,1.0
T11877,2025-12-29 09:41,M03,P010,2,0,Carte,43.0,M,4.0
T11878,2025-12-29 10:13,M06,P010,2,0,Mobile Money,53.0,F,4.0
T11879,2025-12-29 11:39,M05,P001,3,0,Espèces,32.0,M,4.0
T11880,2025-12-29 11:49,M02,P007,3,5,Mobile Money,39.0,F,3.0
T11881,2025-12-29 11:50,M03,P022,1,0,Mobile Money,31.0,F,3.0
T11882,2025-12-29 12:02,M05,P002,2,5,Espèces,51.0,M,5.0
T11883,2025-12-29 12:04,M05,P010,1,5,Espèces,30.0,M,3.0
T11884,2025-12-29 12:12,M03,P006,2,0,Espèces,49.0,M,4.0
T11885,2025-12-29 12:12,M01,P009,2,0,Mobile Money,40.0,F,3.0
T11886,2025-12-29 12:21,M01,P009,3,0,Mobile Money,38.0,F,5.0
T11887,2025-12-29 12:40,M05,P012,3,0,Espèces,16.0,M,2.0
T11888,2025-12-29 13:47,M05,P018,1,0,Mobile Money,29.0,M,2.0
T11889,2025-12-29 14:13,M01,P018,4,0,Mobile Money,22.0,M,3.0
T11890,2025-12-29 15:11,M02,P001,3,0,Carte,16.0,F,3.0
T11891,2025-12-29 15:20,M02,P003,4,0,Espèces,36.0,F,3.0
T11892,2025-12-29 15:33,M05,P007,1,0,Espèces,29.0,F,4.0
T11893,2025-12-29 15:47,M02,P002,2,5,Mobile Money,16.0,F,3.0
T11894,2025-12-29 15:52,M06,P007,1,0,Espèces,39.0,M,4.0
T11895,2025-12-29 15:57,M01,P015,2,0,Mobile Money,37.0,M,4.0
T11896,2025-12-29 16:00,M04,P001,1,0,Espèces,27.0,M,2.0
T11897,2025-12-29 16:28,M01,P004,2,0,Mobile Money,41.0,M,5.0
T11899,2025-12-29 16:54,M04,P009,1,5,Espèces,38.0,F,2.0
T11898,2025-12-29 16:54,M04,P004,4,0,Espèces,38.0,M,2.0
T11900,2025-12-29 16:55,M03,P014,4,10,mobile money,31.0,F,3.0
T11901,2025-12-29 16:57,M06,P006,4,0,Mobile Money,26.0,M,5.0
T11902,2025-12-29 17:24,M05,P011,1,0,Mobile Money,46.0,M,3.0
T11903,2025-12-29 17:30,M01,P024,1,0,Mobile Money,35.0,M,5.0
T11904,2025-12-29 17:36,M04,P003,3,0,Mobile Money,38.0,M,1.0
T11905,2025-12-29 17:48,M05,P020,1,0,Espèces,31.0,F,4.0
T11906,2025-12-29 18:11,M01,P004,1,0,Mobile Money,25.0,M,5.0
T11907,2025-12-29 18:37,M04,P009,3,15,Espèces,33.0,F,2.0
T11908,2025-12-29 18:37,M01,P007,1,0,Espèces,25.0,M,3.0
T11909,2025-12-29 19:17,M05,P015,2,0,Espèces,24.0,F,5.0
T11910,2025-12-29 19:49,M04,P010,3,15,Mobile Money,33.0,M,2.0
T11911,2025-12-29 20:27,M04,P006,2,0,Mobile Money,21.0,F,2.0
T11912,2025-12-29 20:55,M03,P010,3,10,Espèces,39.0,M,4.0
T11913,2025-12-29 21:07,M01,P010,2,5,Mobile Money,37.0,F,4.0
T11914,2025-12-30 09:54,M01,P016,6,10,Mobile Money,38.0,M,2.0
T11915,2025-12-30 10:29,M03,P018,3,10,Espèces,16.0,F,5.0
T11916,2025-12-30 10:41,M04,P006,3,15,Espèces,31.0,F,3.0
T11917,2025-12-30 10:53,M03,P012,4,0,Mobile Money,45.0,M,2.0
T11918,2025-12-30 11:08,M05,P025,1,0,Espèces,39.0,F,3.0
T11919,2025-12-30 11:32,M02,P004,3,15,Mobile Money,20.0,M,5.0
T11920,2025-12-30 12:02,M04,P007,2,5,Mobile Money,32.0,F,4.0
T11921,2025-12-30 12:13,M01,P005,5,0,Mobile Money,46.0,M,4.0
T11922,2025-12-30 12:35,M01,P014,2,0,Espèces,24.0,F,4.0
T11923,2025-12-30 12:43,M03,P009,3,15,Mobile Money,41.0,F,5.0
T11924,2025-12-30 12:52,M03,P002,3,0,Espèces,36.0,F,2.0
T11925,2025-12-30 12:53,M03,P004,1,0,Mobile Money,43.0,M,2.0
T11926,2025-12-30 12:55,M02,P011,3,10,Mobile Money,39.0,M,4.0
T11927,2025-12-30 13:04,M01,P004,4,15,Mobile Money,35.0,M,4.0
T11928,2025-12-30 13:22,M01,P013,2,0,Espèces,46.0,M,4.0
T11929,2025-12-30 13:43,M01,P010,3,10,Mobile Money,36.0,M,3.0
T11930,2025-12-30 13:49,M01,P018,3,0,Mobile Money,31.0,F,4.0
T11931,2025-12-30 13:52,M01,P006,5,10,Mobile Money,26.0,M,5.0
T11932,2025-12-30 13:54,M05,P009,3,0,Espèces,30.0,F,3.0
T11933,2025-12-30 14:35,M02,P027,3,10,Mobile Money,27.0,M,4.0
T11934,2025-12-30 14:36,M04,P016,5,10,Espèces,22.0,F,2.0
T11935,2025-12-30 14:44,M05,P004,1,0,Mobile Money,31.0,M,3.0
T11936,2025-12-30 14:54,M01,P017,4,10,Espèces,25.0,M,3.0
T11937,2025-12-30 15:19,M01,P013,3,10,Mobile Money,42.0,F,4.0
T11938,2025-12-30 16:00,M05,P012,3,0,Mobile Money,31.0,F,4.0
T11939,2025-12-30 16:20,M04,P015,4,0,Espèces,22.0,F,3.0
T11940,2025-12-30 16:22,M02,P004,2,5,Carte,30.0,F,3.0
T11941,2025-12-30 17:14,M04,P012,2,0,Mobile Money,30.0,M,2.0
T11942,2025-12-30 17:18,M01,P017,8,5,Carte,32.0,F,3.0
T11943,2025-12-30 17:20,M01,P009,3,0,Espèces,32.0,F,3.0
T11944,2025-12-30 17:32,M01,P005,2,0,Espèces,33.0,F,4.0
T11945,2025-12-30 17:34,M04,P012,5,0,Espèces,18.0,F,3.0
T11946,2025-12-30 17:48,M01,P004,3,0,Mobile Money,38.0,M,3.0
T11947,2025-12-30 17:52,M02,P005,3,10,Mobile Money,27.0,M,3.0
T11948,2025-12-30 17:53,M01,P004,1,0,Mobile Money,34.0,F,3.0
T11949,2025-12-30 17:55,M01,P025,1,0,Mobile Money,38.0,F,3.0
T11950,2025-12-30 18:14,M02,P006,1,0,Espèces,32.0,M,4.0
T11951,2025-12-30 18:18,M02,P015,2,10,Mobile Money,18.0,F,4.0
T11952,2025-12-30 19:10,M06,P020,1,0,Espèces,35.0,F,3.0
T11953,2025-12-30 19:47,M01,P003,2,5,Mobile Money,48.0,M,4.0
T11954,2025-12-30 20:12,M06,P004,1,5,Mobile Money,20.0,M,5.0
T11955,2025-12-30 20:33,M02,P006,3,0,Mobile Money,28.0,F,3.0
T11956,2025-12-30 20:44,M01,P017,6,15,Mobile Money,32.0,F,3.0
T11957,2025-12-30 21:51,M01,P001,4,0,Espèces,53.0,F,4.0
T11958,2025-12-31 09:18,M06,P018,2,0,Mobile Money,19.0,F,3.0
T11959,2025-12-31 10:23,M01,P005,2,0,Mobile Money,38.0,F,5.0
T11960,2025-12-31 10:36,M05,P011,1,0,Mobile Money,46.0,M,2.0
T11961,2025-12-31 10:38,M03,P003,1,0,Mobile Money,26.0,M,4.0
T11962,2025-12-31 10:45,M03,P021,3,15,Espèces,18.0,M,4.0
T11963,2025-12-31 11:21,M05,P018,2,5,Mobile Money,21.0,M,2.0
T11964,2025-12-31 11:45,M02,P015,2,0,Mobile Money,16.0,M,3.0
T11965,2025-12-31 12:09,M05,P013,3,5,Mobile Money,37.0,F,4.0
T11966,2025-12-31 12:14,M03,P001,2,15,Mobile Money,37.0,F,4.0
T11967,2025-12-31 12:36,M02,P012,3,0,Mobile Money,42.0,M,3.0
T11968,2025-12-31 12:38,M02,P011,2,0,Mobile Money,29.0,F,4.0
T11969,2025-12-31 12:55,M02,P001,3,0,Espèces,46.0,M,4.0
T11970,2025-12-31 13:03,M04,P011,2,5,Espèces,32.0,F,1.0
T11971,2025-12-31 13:11,M01,P003,3,0,Mobile Money,16.0,F,3.0
T11972,2025-12-31 13:40,M06,P012,4,0,Mobile Money,46.0,M,2.0
T11973,2025-12-31 13:50,M03,P013,3,0,Mobile Money,37.0,F,4.0
T11974,2025-12-31 13:52,M03,P003,3,0,Espèces,44.0,F,4.0
T11975,2025-12-31 13:54,M04,P003,3,0,Espèces,34.0,M,2.0
T11976,2025-12-31 14:55,M02,P018,3,0,Mobile Money,16.0,F,4.0
T11977,2025-12-31 15:00,M01,P008,2,0,Carte,47.0,F,3.0
T11978,2025-12-31 15:19,M04,P002,4,0,Mobile Money,23.0,M,3.0
T11979,2025-12-31 15:21,M06,P015,3,0,Mobile Money,51.0,F,3.0
T11980,2025-12-31 15:58,M05,P011,5,0,Mobile Money,31.0,M,3.0
T11981,2025-12-31 16:21,M03,P007,1,0,Mobile Money,25.0,F,4.0
T11982,2025-12-31 16:40,M05,P011,2,5,Mobile Money,47.0,F,4.0
T11983,2025-12-31 16:59,M01,P009,3,10,Carte,42.0,M,4.0
T11984,2025-12-31 17:10,M02,P008,4,0,Espèces,43.0,F,4.0
T11985,2025-12-31 17:10,M05,P019,2,15,Mobile Money,31.0,M,2.0
T11986,2025-12-31 17:17,M02,P001,2,0,Mobile Money,39.0,M,3.0
T11987,2025-12-31 17:24,M02,P012,1,0,Mobile Money,61.0,M,3.0
T11988,2025-12-31 17:41,M04,P009,4,15,Mobile Money,39.0,M,3.0
T11989,2025-12-31 18:03,M05,P027,2,10,Espèces,21.0,F,4.0
T11990,2025-12-31 18:24,M06,P020,1,0,Espèces,30.0,M,4.0
T11991,2025-12-31 18:31,M05,P004,5,0,Espèces,29.0,M,3.0
T11992,2025-12-31 18:35,M01,P005,1,5,Espèces,22.0,M,4.0
T11993,2025-12-31 18:36,M03,P004,3,0,Mobile Money,28.0,M,5.0
T11994,2025-12-31 18:37,M04,P006,2,0,Espèces,16.0,F,2.0
T11995,2025-12-31 18:44,M01,P004,1,0,Mobile Money,24.0,F,3.0
T11996,2025-12-31 18:59,M01,P011,2,0,Mobile Money,44.0,F,3.0
T11997,2025-12-31 18:59,M03,P007,1,0,Carte,24.0,F,4.0
T11998,2025-12-31 19:29,M05,P004,5,10,Espèces,16.0,F,4.0
T11999,2025-12-31 19:29,M04,P019,3,10,Espèces,36.0,M,3.0
T12000,2025-12-31 19:46,M04,P003,4,15,Espèces,45.0,F,2.0
